0 0.501260 0.335866 0.501981 0.552432 0.473533 0.546353 0.471372 0.529635 0.469211 0.506079 0.470652 0.486322 0.471012 0.458967 0.476053 0.319149 0.498380 0.318389
0 0.473893 0.358663 0.473172 0.474164 0.473893 0.494681 0.474253 0.506079 0.474253 0.515198 0.470652 0.538754 0.456968 0.538754 0.453727 0.538754 0.452647 0.533435 0.452647 0.519757 0.453727 0.508359 0.451566 0.492401 0.451206 0.473404 0.453007 0.435410 0.454447 0.399696 0.457328 0.346505 0.473172 0.348024
0 0.453007 0.341185 0.455528 0.404255 0.455528 0.420973 0.454087 0.440729 0.451566 0.461246 0.453727 0.481003 0.454087 0.493161 0.454087 0.506079 0.454087 0.517477 0.451927 0.528875 0.449046 0.537234 0.446165 0.541793 0.441844 0.543313 0.432481 0.541033 0.433201 0.525836 0.434642 0.511398 0.430320 0.503799 0.427440 0.498480 0.427800 0.482523 0.430681 0.391337 0.435002 0.341185
0 0.409795 0.334347 0.425999 0.408815 0.426359 0.434650 0.426719 0.451368 0.428160 0.468085 0.431041 0.487082 0.432841 0.495441 0.434282 0.508359 0.435362 0.523556 0.435722 0.534195 0.435362 0.545593 0.432121 0.550912 0.423839 0.553191 0.416637 0.553951 0.412676 0.550152 0.409795 0.546353 0.406914 0.531155 0.406914 0.516717 0.402953 0.504559 0.401512 0.485562 0.401873 0.461246 0.397551 0.429331 0.393590 0.401216 0.388909 0.378419 0.384588 0.355623 0.383507 0.341945 0.395391 0.332827 0.403313 0.329027
0 0.378826 0.332067 0.396471 0.419453 0.401873 0.465805 0.405113 0.492401 0.405474 0.505319 0.407994 0.519757 0.409435 0.531155 0.409795 0.543313 0.409795 0.555471 0.405834 0.560790 0.399352 0.563830 0.395751 0.563830 0.391069 0.566109 0.386028 0.569149 0.382787 0.568389 0.379186 0.565350 0.377026 0.557751 0.375225 0.549392 0.375225 0.531915 0.376305 0.513678 0.376305 0.493921 0.372704 0.468085 0.370184 0.440729 0.365502 0.410334 0.360101 0.386018 0.355780 0.366261 0.353979 0.351064 0.368383 0.338906
0 0.312928 0.382219 0.329492 0.468085 0.334174 0.506839 0.336334 0.531915 0.336334 0.549392 0.337775 0.568389 0.340655 0.582827 0.350378 0.587386 0.363702 0.582827 0.374865 0.580547 0.383867 0.576748 0.388909 0.568389 0.388549 0.558511 0.384948 0.544073 0.378466 0.531915 0.375585 0.513678 0.373785 0.493161 0.373064 0.467325 0.369463 0.436930 0.364782 0.414894 0.361181 0.392857 0.355780 0.367781 0.350378 0.357903 0.337414 0.361702 0.318689 0.376900
0 0.263234 0.369301 0.283759 0.455927 0.283039 0.512918 0.279438 0.545593 0.285200 0.560790 0.295283 0.573708 0.309687 0.579787 0.320130 0.581307 0.327332 0.580547 0.334894 0.572188 0.336334 0.551672 0.334894 0.527356 0.330212 0.491641 0.317249 0.401976 0.304645 0.353343 0.287721 0.353343 0.266115 0.369301
0 0.504141 0.317629 0.501620 0.549392 0.528628 0.550912 0.532949 0.538754 0.533309 0.510638 0.532949 0.480243 0.530789 0.443769 0.530429 0.318389
0 0.530068 0.317629 0.530429 0.443769 0.532229 0.510638 0.534390 0.547112 0.546993 0.549392 0.552395 0.540274 0.555636 0.519757 0.553475 0.498480 0.551674 0.458967 0.552395 0.319149
0 0.556356 0.330547 0.552395 0.487082 0.549514 0.507599 0.549514 0.516717 0.550234 0.528875 0.553475 0.544833 0.555996 0.556231 0.560677 0.559271 0.567519 0.562310 0.570400 0.560790 0.575441 0.553191 0.578322 0.537994 0.579042 0.519757 0.579042 0.493921 0.579402 0.321429 0.557436 0.319149
0 0.583723 0.332067 0.571840 0.514438 0.567519 0.545593 0.568959 0.557751 0.571840 0.566109 0.580122 0.569909 0.585524 0.572188 0.591646 0.566869 0.595247 0.556991 0.599208 0.541033 0.603889 0.522796 0.604249 0.514438 0.602449 0.494681 0.600288 0.471125 0.602449 0.414894 0.609291 0.313070 0.585524 0.312310
0 0.683471 0.394377 0.675549 0.493161 0.671228 0.514438 0.670868 0.537234 0.666187 0.564590 0.665106 0.577508 0.663306 0.588146 0.656464 0.591185 0.651782 0.592705 0.640619 0.592705 0.632697 0.592705 0.628376 0.592705 0.624415 0.586626 0.624415 0.579787 0.624055 0.570669 0.627296 0.551672 0.631977 0.526596 0.634138 0.500760 0.639179 0.470365 0.650702 0.382219 0.670508 0.382219
0 0.682751 0.392097 0.673749 0.516717 0.667627 0.550912 0.664746 0.563830 0.662586 0.576748 0.662586 0.588906 0.667267 0.602584 0.673749 0.611702 0.688513 0.614742 0.701837 0.613982 0.716601 0.606383 0.719121 0.576748 0.708318 0.516717 0.713720 0.387538 0.694995 0.386778
0 0.503421 0.585106 0.497659 0.648176 0.484696 0.775836 0.495499 0.780395 0.510623 0.683891 0.517105 0.644377 0.520706 0.617781 0.521066 0.600304 0.521786 0.588146 0.514224 0.587386
0 0.521426 0.585866 0.518545 0.611702 0.517465 0.642857 0.509543 0.696809 0.496219 0.774316 0.505942 0.791033 0.530068 0.680851 0.536550 0.643617 0.539791 0.620821 0.542672 0.603343 0.541232 0.591945 0.534750 0.589666 0.527548 0.585866
0 0.545553 0.585106 0.540151 0.591185 0.538351 0.601064 0.535110 0.613222 0.533309 0.623860 0.532589 0.639818 0.528268 0.855623 0.550234 0.855623 0.557796 0.735562 0.558156 0.671733 0.558156 0.618541 0.556716 0.601824 0.553835 0.590426 0.549514 0.584347
0 0.567519 0.593465 0.564278 0.604103 0.560677 0.607903 0.558156 0.609422 0.554915 0.614742 0.552395 0.622340 0.552755 0.635258 0.554915 0.643617 0.558156 0.708207 0.555996 0.820669 0.575081 0.823708 0.578682 0.706687 0.580122 0.677052 0.583003 0.661094 0.585164 0.648176 0.585524 0.636778 0.585524 0.622340 0.583003 0.607903 0.576882 0.601824
0 0.589845 0.604103 0.585524 0.605623 0.580843 0.613222 0.578682 0.620061 0.576882 0.632219 0.576882 0.644377 0.577962 0.652736 0.578682 0.668693 0.578682 0.683891 0.585524 0.846505 0.604249 0.841945 0.603889 0.680851 0.605690 0.661854 0.606770 0.645897 0.607490 0.630699 0.606410 0.617021 0.603529 0.605623 0.599208 0.601824 0.593806 0.601824
0 0.504501 0.583587 0.499460 0.639818 0.483976 0.784954 0.474613 0.781155 0.476413 0.714286 0.480014 0.622340 0.482175 0.584347
0 0.480375 0.580547 0.464170 0.577508 0.462730 0.592705 0.463810 0.607903 0.462369 0.621581 0.461289 0.632979 0.464530 0.777356 0.476773 0.774316 0.476413 0.683891 0.480735 0.620821
0 0.463450 0.572188 0.463810 0.606383 0.462369 0.642097 0.463810 0.810030 0.445445 0.821429 0.439683 0.791793 0.437523 0.672492 0.441124 0.628419 0.444725 0.607903 0.444364 0.592705 0.442924 0.581307 0.443644 0.575228 0.450486 0.572948 0.457688 0.573708
0 0.435722 0.566869 0.420958 0.578267 0.416997 0.584347 0.416637 0.590426 0.415556 0.599544 0.416277 0.609422 0.416997 0.617781 0.416997 0.630699 0.416637 0.639818 0.415196 0.653495 0.414116 0.677812 0.419517 0.827508 0.440043 0.829027 0.438243 0.667933 0.441484 0.632219 0.444364 0.616261 0.445805 0.610182 0.446165 0.601824 0.444364 0.588906 0.442564 0.575228 0.438963 0.566869
0 0.414836 0.575988 0.407634 0.577508 0.398632 0.584347 0.393230 0.589666 0.389989 0.595745 0.387829 0.600304 0.387468 0.608663 0.387468 0.619301 0.387468 0.627660 0.387468 0.639818 0.387108 0.648936 0.386028 0.657295 0.377026 0.835106 0.398992 0.855623 0.412676 0.694529 0.416637 0.626140 0.419517 0.601824 0.419517 0.587386 0.418077 0.577508
0 0.326611 0.614742 0.304645 0.592705 0.292042 0.590426 0.282679 0.607903 0.266475 0.648176 0.254591 0.693009 0.241628 0.736322 0.272956 0.794073 0.301764 0.788754 0.316529 0.746201 0.320490 0.719605 0.326611 0.699848 0.334534 0.672492 0.335254 0.655775 0.333453 0.638298
