0 0.507075 0.417933 0.504043 0.455927 0.500000 0.523556 0.496968 0.579027 0.501011 0.621581 0.514825 0.637538 0.524933 0.614742 0.520889 0.534195 0.520889 0.453647 0.522911 0.417933
0 0.486186 0.433891 0.483154 0.474164 0.476415 0.534195 0.474394 0.585866 0.485175 0.623860 0.496968 0.590426 0.500000 0.474164 0.504043 0.417933 0.491240 0.413374
0 0.470350 0.436170 0.465296 0.451368 0.461253 0.505319 0.457547 0.550152 0.460243 0.597264 0.481132 0.576748 0.481132 0.496201 0.486186 0.413374 0.486186 0.398176 0.470350 0.398176
0 0.450472 0.424772 0.434636 0.453647 0.433625 0.507599 0.431604 0.550152 0.434636 0.592705 0.469340 0.597264 0.470350 0.550152 0.468329 0.500760 0.471361 0.415653 0.465296 0.382219 0.453504 0.382219
0 0.441712 0.400456 0.427561 0.405015 0.413747 0.483283 0.409704 0.523556 0.412736 0.574468 0.428571 0.588146 0.438679 0.554711 0.442722 0.471884
0 0.404987 0.413374 0.397911 0.438450 0.390162 0.485562 0.381065 0.534195 0.377022 0.565350 0.392183 0.588146 0.405997 0.590426 0.416779 0.563830 0.427561 0.474164 0.428571 0.400456 0.429582 0.382219 0.408019 0.389058
0 0.393868 0.386778 0.385108 0.409574 0.353437 0.455927 0.344340 0.489362 0.344340 0.521277 0.368261 0.547872 0.390162 0.556991 0.392857 0.474164 0.397911 0.438450 0.410714 0.386778 0.412736 0.371581 0.404987 0.367021
0 0.401954 0.319909 0.379043 0.341945 0.346361 0.360182 0.332547 0.417933 0.354447 0.469605 0.380054 0.431611 0.390162 0.395897 0.401954 0.360182 0.418801 0.339666
0 0.527628 0.407295 0.522911 0.431611 0.523922 0.507599 0.524933 0.576748 0.533693 0.617021 0.548518 0.612462 0.547507 0.559271 0.543464 0.478723 0.540768 0.431611
0 0.544474 0.415653 0.540768 0.487082 0.540768 0.536474 0.549528 0.590426 0.564353 0.601824 0.576482 0.559271 0.565364 0.487082 0.559636 0.436170 0.559636 0.420213
0 0.564353 0.417933 0.564353 0.436170 0.564353 0.458207 0.563342 0.521277 0.563342 0.563830 0.581199 0.590426 0.592318 0.559271 0.594003 0.498480 0.603100 0.443009 0.594003 0.409574 0.576482 0.405015
0 0.602089 0.413374 0.590296 0.455927 0.587264 0.505319 0.587264 0.552432 0.595013 0.594985 0.604111 0.594985 0.607143 0.554711 0.615903 0.487082 0.618935 0.440729 0.618935 0.398176 0.612871 0.389058
0 0.613881 0.411094 0.610849 0.509878 0.610849 0.559271 0.615903 0.583587 0.631739 0.585866 0.641846 0.572188 0.645553 0.529635 0.638814 0.469605 0.638814 0.415653 0.630728 0.382219 0.621968 0.382219
0 0.630728 0.377660 0.627022 0.433891 0.633760 0.536474 0.650606 0.583587 0.662399 0.561550 0.669474 0.525076 0.662399 0.476444 0.651617 0.422492
0 0.651617 0.310790 0.638814 0.333587 0.634771 0.348784 0.634771 0.391337 0.646563 0.427052 0.664420 0.465046 0.674528 0.474164 0.679245 0.438450 0.688342 0.413374 0.690364 0.382219 0.679245 0.355623 0.665431 0.317629 0.661388 0.301672
0 0.514825 0.791793 0.515836 0.771277 0.510108 0.693009 0.508086 0.664134 0.513814 0.637538 0.522911 0.632979 0.526617 0.661854 0.526617 0.699848 0.524933 0.768997 0.525943 0.816109 0.526617 0.838146 0.515836 0.833587
0 0.538747 0.820669 0.538747 0.802432 0.539757 0.744681 0.540768 0.681611 0.541779 0.626140 0.530660 0.628419 0.526617 0.677812 0.526617 0.726444 0.528639 0.793313
0 0.547507 0.829787 0.547507 0.804711 0.544474 0.759878 0.545485 0.661854 0.549528 0.643617 0.556604 0.637538 0.565364 0.648176 0.565364 0.699848 0.566375 0.742401 0.572439 0.806991 0.565364 0.825228
0 0.568396 0.809271 0.566375 0.706687 0.564353 0.664134 0.570418 0.643617 0.581199 0.628419 0.593329 0.645897 0.593329 0.688450 0.591307 0.733283 0.590296 0.778116 0.590296 0.818389 0.579178 0.831307
0 0.618935 0.806991 0.610175 0.773556 0.593329 0.733283 0.586253 0.686170 0.592318 0.650456 0.603100 0.635258 0.614892 0.666413 0.623989 0.719605 0.637803 0.764438 0.644542 0.809271 0.641846 0.825228
0 0.650606 0.793313 0.643868 0.757599 0.620957 0.679331 0.616914 0.650456 0.625000 0.626140 0.634771 0.617021 0.648585 0.626140 0.660714 0.655015 0.675539 0.695289 0.682278 0.731003 0.678571 0.773556 0.667453 0.793313
0 0.685310 0.565350 0.661388 0.585866 0.647574 0.621581 0.652628 0.648176 0.670485 0.699848 0.693396 0.753799 0.704178 0.755319 0.715970 0.724164 0.717992 0.693009 0.706199 0.648176 0.695418 0.597264
0 0.713949 0.550152 0.710243 0.567629 0.705189 0.599544 0.703167 0.630699 0.741914 0.681611 0.755728 0.677812 0.767520 0.666413 0.771563 0.641337 0.758760 0.581307 0.735849 0.545593
0 0.510782 0.820669 0.510782 0.793313 0.510108 0.726444 0.509097 0.673252 0.505054 0.632979 0.497978 0.623860 0.493935 0.650456 0.492251 0.679331 0.494946 0.733283 0.494946 0.780395 0.494946 0.835866 0.503032 0.840426
0 0.491240 0.818389 0.481132 0.766717 0.473383 0.713526 0.473383 0.637538 0.481132 0.619301 0.493261 0.657295 0.493935 0.768997
0 0.459569 0.804711 0.459569 0.784954 0.453504 0.733283 0.449461 0.666413 0.451482 0.630699 0.464286 0.626140 0.478100 0.683891 0.483154 0.759878 0.484164 0.797872 0.477089 0.822948
0 0.436658 0.607903 0.429582 0.610182 0.428571 0.675532 0.430593 0.721884 0.437668 0.800152 0.443396 0.825228 0.448450 0.764438 0.451482 0.686170 0.454515 0.645897
0 0.409704 0.621581 0.400943 0.645897 0.394879 0.697568 0.392857 0.755319 0.392857 0.833587 0.407008 0.825228 0.412736 0.759878 0.425876 0.690729 0.429582 0.648176
0 0.385108 0.623860 0.377022 0.610182 0.366240 0.574468 0.350404 0.567629 0.333558 0.590426 0.319744 0.621581 0.304919 0.657295 0.299865 0.702128 0.313679 0.751520 0.339623 0.740122 0.361186 0.683891
0 0.297844 0.550152 0.293801 0.550152 0.269205 0.579027 0.264151 0.603343 0.257075 0.635258 0.262129 0.681611 0.286051 0.675532 0.299865 0.661854 0.325472 0.623860 0.331536 0.594985 0.311658 0.565350
