0 0.496822 0.486322 0.496116 0.425532 0.495410 0.395897 0.495410 0.306231 0.494350 0.255319 0.490466 0.206687 0.481992 0.183131 0.474223 0.189210 0.473164 0.213526 0.473164 0.243921 0.472458 0.278875 0.472458 0.309271 0.471045 0.341185 0.469280 0.379179 0.467867 0.414134 0.467867 0.454407 0.467161 0.480243 0.471751 0.495441 0.481285 0.493161
0 0.446681 0.415653 0.445268 0.452888 0.452331 0.481763 0.461511 0.483283 0.467161 0.468085 0.467161 0.441489 0.471045 0.376900 0.471751 0.336626 0.473164 0.295593 0.473164 0.272036 0.471751 0.235562 0.469633 0.219605 0.462218 0.212766 0.459040 0.230243 0.458333 0.260638 0.456215 0.291033 0.452331 0.332827
0 0.417726 0.405775 0.418432 0.434650 0.419845 0.451368 0.424788 0.469605 0.431144 0.477964 0.441031 0.471884 0.444209 0.447568 0.447387 0.424012 0.449153 0.395137 0.446681 0.353343 0.447387 0.321429 0.448093 0.287994 0.447387 0.265198 0.445975 0.245441 0.444209 0.227964 0.441031 0.211246 0.435734 0.189970 0.426907 0.199848 0.424082 0.226444 0.423023 0.253799 0.420904 0.285714 0.420904 0.316109 0.417020 0.354863
0 0.395480 0.412614 0.394068 0.446049 0.394774 0.459726 0.404308 0.483283 0.412782 0.474924 0.416667 0.452888 0.419138 0.420973 0.419138 0.385258 0.419138 0.338146 0.420198 0.297872 0.419138 0.274316 0.415254 0.237082 0.412076 0.213526 0.408192 0.209726 0.397952 0.220365 0.397952 0.243921 0.398658 0.281155 0.399011 0.309271 0.397952 0.354863
0 0.343220 0.380699 0.338277 0.401976 0.336158 0.427812 0.338630 0.452888 0.348517 0.466565 0.358757 0.471884 0.369703 0.471125 0.381356 0.459726 0.387006 0.432371 0.387006 0.404255 0.383121 0.378419 0.380650 0.348024 0.375353 0.314590 0.371469 0.291033 0.370763 0.277356 0.368997 0.255319 0.366525 0.235562 0.363701 0.219605 0.354873 0.216565 0.342161 0.233283 0.339336 0.252280 0.339336 0.281155 0.344633 0.322948 0.343927 0.363982
0 0.301554 0.358663 0.295904 0.383739 0.296963 0.417933 0.309322 0.436170 0.324153 0.448328 0.335452 0.444529 0.340042 0.426292 0.345339 0.389058 0.342514 0.350304 0.337571 0.325988 0.336864 0.300912 0.332980 0.272796 0.328037 0.228723 0.324153 0.216565 0.314266 0.212766 0.304732 0.223404 0.301554 0.250760 0.302260 0.270517 0.303319 0.294073 0.302260 0.322948
0 0.263065 0.328267 0.259181 0.348784 0.259181 0.379179 0.273305 0.395897 0.290607 0.412614 0.299788 0.405775 0.306144 0.389058 0.311088 0.360182 0.306850 0.303191 0.302260 0.258359 0.302260 0.233283 0.300141 0.208207 0.289901 0.198328 0.281780 0.208207 0.277189 0.224924 0.274718 0.258359 0.270833 0.313070
0 0.496116 0.424012 0.496116 0.461246 0.496822 0.480243 0.504944 0.486322 0.518008 0.483283 0.527542 0.481763 0.530014 0.461246 0.530014 0.429331 0.530014 0.404255 0.530720 0.338146 0.532133 0.285714 0.532839 0.258359 0.534605 0.233283 0.534605 0.199848 0.534605 0.176292 0.526130 0.166413 0.515890 0.172492 0.510946 0.198328 0.510946 0.245441 0.508828 0.281155 0.503884 0.313070 0.495410 0.400456
0 0.528955 0.414134 0.528955 0.461246 0.532133 0.480243 0.541667 0.478723 0.549435 0.471884 0.558263 0.458207 0.558263 0.432371 0.558263 0.401976 0.555791 0.351824 0.555791 0.294073 0.557203 0.265198 0.554025 0.237082 0.546963 0.234802 0.539195 0.250000 0.536017 0.284195 0.533192 0.333587
0 0.558969 0.402736 0.560381 0.449848 0.564619 0.471125 0.571681 0.486322 0.579449 0.483283 0.584746 0.466565 0.589689 0.429331 0.589336 0.398936 0.587218 0.375380 0.587218 0.348784 0.585805 0.310790 0.585805 0.285714 0.586511 0.265198 0.587218 0.250760 0.587218 0.221884 0.581568 0.213526 0.570621 0.211246 0.565325 0.219605 0.564619 0.256839 0.561441 0.300912 0.561441 0.351824
0 0.580862 0.397416 0.578743 0.434650 0.583333 0.461246 0.588630 0.474924 0.597458 0.478723 0.602048 0.478723 0.610523 0.473404 0.614760 0.458207 0.615466 0.433131 0.612288 0.402736 0.608404 0.378419 0.605226 0.354863 0.605226 0.332827 0.603460 0.313070 0.603460 0.280395 0.602048 0.250760 0.598870 0.235562 0.591102 0.243161 0.589336 0.258359 0.589336 0.287234
0 0.606638 0.398936 0.609816 0.433131 0.616879 0.451368 0.625706 0.458207 0.637359 0.459726 0.643008 0.444529 0.643715 0.415653 0.640537 0.382219 0.635240 0.361702 0.632768 0.348784 0.632062 0.335106 0.632062 0.314590 0.633475 0.296353 0.636653 0.277356 0.638771 0.253799 0.638771 0.240122 0.633475 0.228723 0.614054 0.234802 0.612994 0.263678 0.610523 0.294073 0.607698 0.318389 0.604520 0.360182
0 0.675141 0.333587 0.671963 0.354863 0.668785 0.385258 0.673376 0.414134 0.676554 0.427812 0.686088 0.432371 0.698799 0.427812 0.710452 0.414134 0.715749 0.397416 0.712571 0.358663 0.709393 0.331307 0.709746 0.303191 0.709746 0.282675 0.710452 0.263678 0.712571 0.245441 0.712571 0.223404 0.708686 0.199848 0.700212 0.191489 0.686794 0.208207 0.682203 0.240122 0.678319 0.282675 0.676554 0.316109
0 0.492938 0.503799 0.493644 0.550912 0.497528 0.594985 0.499294 0.637538 0.504944 0.686170 0.507768 0.728723 0.512712 0.753799 0.519774 0.762158 0.524364 0.745441 0.520480 0.674012 0.518715 0.623860 0.514831 0.571429 0.510946 0.530395 0.508828 0.503799
0 0.510240 0.512158 0.512006 0.557751 0.514124 0.596505 0.516596 0.628419 0.518715 0.680851 0.522246 0.727964 0.526130 0.746960 0.533898 0.756839 0.539195 0.743921 0.539901 0.697568 0.539195 0.645897 0.537782 0.594985 0.537782 0.552432 0.537782 0.517477 0.536370 0.503799 0.522246 0.496960 0.511653 0.498480
0 0.536370 0.516717 0.536370 0.557751 0.539195 0.608663 0.540254 0.651976 0.544138 0.709726 0.547316 0.736322 0.549435 0.760638 0.552613 0.781915 0.562147 0.785714 0.573093 0.772036 0.572387 0.736322 0.569915 0.684650 0.567444 0.588146 0.564266 0.546353 0.561088 0.517477 0.557203 0.500000 0.548023 0.490122 0.542373 0.490122
0 0.562853 0.517477 0.562147 0.539514 0.566737 0.569909 0.568503 0.620061 0.569209 0.670973 0.569209 0.705927 0.575212 0.730243 0.580155 0.730243 0.589689 0.734802 0.593573 0.716565 0.591102 0.669453 0.590395 0.630699 0.589336 0.600304 0.587218 0.571429 0.588630 0.549392 0.589336 0.518997 0.586511 0.503799 0.574506 0.490122 0.566031 0.490122
0 0.585805 0.510638 0.587924 0.541033 0.592514 0.574468 0.597458 0.608663 0.606638 0.683131 0.611582 0.719605 0.616879 0.736322 0.624647 0.743161 0.628178 0.728723 0.627825 0.691489 0.621822 0.643617 0.618644 0.617021 0.618644 0.585106 0.618644 0.554711 0.619350 0.537234 0.617938 0.510638 0.615466 0.498480 0.607698 0.496960 0.602754 0.491641 0.596398 0.487082 0.591808 0.495441
0 0.616172 0.500000 0.617585 0.525836 0.620763 0.554711 0.625000 0.588146 0.627825 0.625380 0.634887 0.664134 0.641949 0.699848 0.648305 0.726444 0.655367 0.734802 0.669492 0.737082 0.678319 0.727964 0.684322 0.698328 0.681497 0.667173 0.674435 0.635258 0.668785 0.600304 0.664195 0.569149 0.662429 0.537234 0.657839 0.517477 0.652895 0.498480 0.649011 0.480243 0.639831 0.481763 0.628178 0.486322 0.621116 0.487082
0 0.650071 0.483283 0.650071 0.496960 0.652189 0.520517 0.659958 0.550912 0.667373 0.560790 0.671963 0.574468 0.677613 0.600304 0.686794 0.617021 0.694562 0.642097 0.703390 0.667933 0.707980 0.679331 0.718220 0.682371 0.722105 0.680851 0.728460 0.665653 0.730579 0.637538 0.727754 0.603343 0.721398 0.572948 0.713630 0.542553 0.708686 0.520517 0.703390 0.505319 0.702684 0.490122 0.697740 0.471125 0.689266 0.449848 0.684322 0.444529 0.672669 0.454407 0.668785 0.459726 0.663489 0.459726 0.655367 0.463526
0 0.696328 0.447568 0.695268 0.461246 0.700212 0.486322 0.711864 0.522036 0.716808 0.537234 0.720692 0.556231 0.727401 0.575988 0.737994 0.601824 0.748941 0.620061 0.756003 0.625380 0.767655 0.623860 0.772246 0.598024 0.770127 0.569149 0.762006 0.539514 0.753531 0.502280 0.748941 0.480243 0.746469 0.465046 0.746469 0.446049 0.741879 0.419453 0.735523 0.404255 0.730932 0.400456 0.723517 0.407295 0.715042 0.424012 0.705862 0.429331 0.693150 0.433131
0 0.482698 0.502280 0.474929 0.508359 0.474223 0.516717 0.473517 0.532675 0.476342 0.546353 0.478107 0.578267 0.481285 0.604863 0.484463 0.633739 0.486582 0.661094 0.487641 0.694529 0.490819 0.728723 0.497881 0.746960 0.504590 0.730243 0.501766 0.696049 0.501059 0.632219 0.498588 0.591185 0.496822 0.569149 0.495410 0.553951 0.492938 0.502280
0 0.456921 0.512158 0.455155 0.530395 0.459040 0.559271 0.462218 0.598024 0.466102 0.630699 0.469280 0.667933 0.474929 0.716565 0.477401 0.743921 0.481992 0.755319 0.491525 0.751520 0.487641 0.708207 0.485169 0.662614 0.482698 0.607143 0.476695 0.567629 0.474223 0.501520 0.463983 0.502280
0 0.434322 0.518997 0.430791 0.547872 0.431144 0.591185 0.434322 0.632219 0.441384 0.701368 0.448093 0.748480 0.451271 0.782675 0.454449 0.803951 0.460805 0.814590 0.466102 0.802432 0.471045 0.724924 0.467161 0.657295 0.463983 0.603343 0.460099 0.569909 0.458333 0.542553 0.454449 0.520517 0.451271 0.506839 0.445268 0.503799
0 0.414548 0.515198 0.410664 0.527356 0.410664 0.561550 0.412076 0.589666 0.416667 0.618541 0.418432 0.658815 0.418432 0.716565 0.423729 0.746960 0.429379 0.765198 0.437147 0.770517 0.442797 0.738602 0.442797 0.680851 0.435734 0.626900 0.437853 0.604863 0.437853 0.589666 0.441031 0.559271 0.441384 0.550912 0.440325 0.535714 0.433263 0.530395 0.431144 0.515198 0.429379 0.505319
0 0.388771 0.520517 0.387712 0.542553 0.389477 0.603343 0.394068 0.640578 0.393362 0.680851 0.393362 0.723404 0.391949 0.745441 0.396540 0.768997 0.410664 0.762158 0.413136 0.727964 0.414548 0.679331 0.415254 0.643617 0.416667 0.603343 0.420198 0.571429 0.423023 0.544073 0.424788 0.518997 0.422316 0.506839 0.412076 0.508359 0.408192 0.498480 0.402542 0.495441 0.394068 0.510638
0 0.351695 0.493921 0.346398 0.516717 0.348517 0.561550 0.349576 0.591185 0.345692 0.611702 0.342161 0.639058 0.338277 0.675532 0.336864 0.693009 0.335099 0.718085 0.335452 0.736322 0.343220 0.753799 0.363347 0.758359 0.375353 0.721125 0.382415 0.682371 0.388771 0.647416 0.396540 0.606383 0.402542 0.557751 0.403602 0.531915 0.399718 0.506839 0.394774 0.503799 0.387712 0.503799
0 0.270127 0.422492 0.263065 0.430851 0.260593 0.465046 0.256709 0.495441 0.248234 0.517477 0.243644 0.544073 0.237288 0.563070 0.233051 0.585106 0.236582 0.614742 0.247528 0.625380 0.262359 0.622340 0.275071 0.601824 0.282133 0.576748 0.293079 0.553951 0.300847 0.538754 0.310381 0.520517 0.324153 0.496960 0.329802 0.471125 0.327331 0.451368 0.317444 0.437690 0.307203 0.432371 0.292726 0.414134 0.281780 0.414134
0 0.305438 0.523556 0.297669 0.556231 0.289901 0.591945 0.286017 0.611702 0.281780 0.630699 0.278602 0.655775 0.281780 0.682371 0.289901 0.690729 0.302966 0.683131 0.309322 0.665653 0.315678 0.647416 0.322034 0.626900 0.328390 0.613222 0.336158 0.596505 0.343927 0.575988 0.351695 0.563070 0.354167 0.539514 0.351695 0.527356 0.348517 0.517477 0.344633 0.509119 0.335099 0.506839 0.324506 0.509119 0.314266 0.513678
