0 0.454311 0.476444 0.493736 0.463526 0.466839 0.230243 0.446573 0.240881
0 0.420044 0.443769 0.426308 0.476444 0.435151 0.484043 0.453206 0.477964 0.453206 0.400456 0.433309 0.246960 0.407885 0.251520
0 0.388725 0.414894 0.394620 0.470365 0.402727 0.494681 0.410464 0.496201 0.425571 0.477964 0.429993 0.462006 0.428887 0.424012 0.385041 0.227964 0.369197 0.248480
0 0.362933 0.409574 0.364775 0.456687 0.360354 0.483283 0.370302 0.501520 0.379514 0.505319 0.390199 0.492401 0.395357 0.467325 0.395357 0.443769 0.385041 0.341945 0.367354 0.234043 0.341931 0.253799
0 0.332351 0.407295 0.337509 0.434650 0.336035 0.463526 0.336035 0.483283 0.348931 0.492401 0.364775 0.487082 0.372881 0.481763 0.370302 0.439970 0.368460 0.379939 0.353353 0.237842 0.328666 0.253799
0 0.275239 0.483283 0.282609 0.508359 0.295505 0.510638 0.307664 0.501520 0.317244 0.493921 0.319455 0.458207 0.322771 0.447568 0.309506 0.371581 0.284819 0.264438 0.254974 0.281155 0.274503 0.405775
0 0.233972 0.493921 0.226971 0.477964 0.225129 0.447568 0.225497 0.424012 0.223655 0.403495 0.219234 0.371581 0.219971 0.304711 0.256080 0.302432 0.269344 0.386018 0.277082 0.424012 0.278187 0.442249 0.277082 0.483283 0.270818 0.509119 0.261975 0.512158 0.245394 0.498480
0 0.493736 0.470365 0.532424 0.463526 0.528003 0.416413 0.527266 0.235562 0.492262 0.231763 0.490420 0.404255 0.492262 0.452888
0 0.530582 0.411094 0.526161 0.441489 0.535741 0.458207 0.547163 0.455927 0.552690 0.447568 0.557111 0.442249 0.555269 0.370061 0.553427 0.246201 0.528740 0.257599
0 0.561164 0.356383 0.551953 0.409574 0.550847 0.441489 0.561533 0.456687 0.580693 0.462006 0.590273 0.442249 0.593957 0.214286 0.572587 0.221125
0 0.593957 0.363982 0.587693 0.398176 0.585851 0.434650 0.591378 0.459726 0.606853 0.465805 0.620118 0.454407 0.621223 0.411094 0.622697 0.242401 0.605380 0.239362
0 0.628961 0.277356 0.621960 0.325988 0.614959 0.383739 0.607222 0.432371 0.613854 0.446049 0.630803 0.460486 0.648858 0.462006 0.654385 0.425532 0.653648 0.237842 0.642962 0.234043
0 0.661385 0.266717 0.648858 0.308511 0.646279 0.348024 0.648858 0.380699 0.646279 0.418693 0.641120 0.455927 0.667649 0.465805 0.707811 0.454407 0.713338 0.445289 0.700074 0.384498 0.698968 0.336626 0.700074 0.277356 0.694915 0.234043 0.666544 0.246960
0 0.698968 0.255319 0.692704 0.310030 0.692704 0.367781 0.694547 0.398176 0.697494 0.434650 0.707074 0.445289 0.723655 0.442249 0.740236 0.434650 0.743183 0.389818 0.735077 0.351824 0.734340 0.308511 0.734340 0.224924 0.708548 0.232523 0.703390 0.265957
0 0.490052 0.501520 0.518423 0.503799 0.530582 0.712006 0.500737 0.720365
0 0.515844 0.503040 0.536109 0.490881 0.545689 0.518237 0.556006 0.724164 0.542004 0.720365
0 0.547531 0.557751 0.540162 0.508359 0.545321 0.481763 0.562270 0.481763 0.574429 0.517477 0.576271 0.575988 0.582167 0.740881 0.572955 0.743921
0 0.579956 0.556231 0.569270 0.525076 0.568534 0.493921 0.579956 0.485562 0.593957 0.485562 0.602800 0.501520 0.605011 0.560030 0.619013 0.729483 0.607222 0.737082
0 0.608696 0.556231 0.599853 0.510638 0.597273 0.496201 0.612380 0.477964 0.628224 0.481763 0.641120 0.503799 0.642962 0.560030 0.659543 0.698328 0.646279 0.705927
0 0.643699 0.560030 0.633382 0.530395 0.632277 0.503799 0.633382 0.479483 0.652542 0.470365 0.675387 0.470365 0.693073 0.481763 0.694915 0.532675 0.716654 0.687690 0.683125 0.702128 0.648858 0.624620
0 0.695652 0.543313 0.683493 0.509119 0.682388 0.483283 0.690494 0.465046 0.726971 0.452888 0.739499 0.458207 0.743183 0.481763 0.747973 0.521277 0.764923 0.677052 0.724392 0.664894
0 0.748342 0.521277 0.740973 0.485562 0.736920 0.467325 0.736183 0.446049 0.748342 0.427052 0.769344 0.417933 0.783346 0.417933 0.791452 0.470365 0.810612 0.599544 0.797347 0.635258 0.759396 0.573708
0 0.465733 0.508359 0.491157 0.512918 0.510317 0.711246 0.492999 0.721884 0.466470 0.565350
0 0.448047 0.593465 0.439204 0.528875 0.440310 0.493921 0.456153 0.477964 0.473471 0.485562 0.469418 0.588146 0.482314 0.713526 0.466839 0.718845 0.450626 0.607903
0 0.416728 0.721884 0.416728 0.664894 0.418570 0.617781 0.418570 0.568389 0.418202 0.528875 0.416728 0.518237 0.437730 0.500000 0.446573 0.509119 0.453206 0.541033 0.443626 0.734802 0.436625 0.753040 0.418570 0.738602
0 0.396463 0.755319 0.387620 0.716565 0.385777 0.660334 0.382461 0.615502 0.382461 0.585106 0.382461 0.556231 0.383935 0.534195 0.392778 0.512918 0.409359 0.512158 0.416728 0.521277 0.417465 0.579027 0.412307 0.760638
0 0.357775 0.729483 0.351879 0.678571 0.351879 0.628419 0.351879 0.570669 0.353353 0.532675 0.362933 0.518237 0.376934 0.517477 0.385041 0.543313 0.381356 0.598024 0.380619 0.753040 0.366618 0.755319 0.361091 0.740881
0 0.294031 0.731003 0.295505 0.655775 0.301769 0.602584 0.301769 0.579787 0.298084 0.550152 0.295505 0.523556 0.306927 0.503040 0.326087 0.497720 0.341931 0.497720 0.357038 0.503040 0.350774 0.556231 0.352616 0.649696 0.346352 0.743921
