0 0.530989 0.607048 0.564067 0.617021 0.569638 0.549202 0.575905 0.468750 0.576950 0.389628 0.546657 0.386303 0.540390 0.436835 0.533774 0.498005 0.532033 0.568484
0 0.563022 0.617021 0.595056 0.621011 0.597145 0.552527 0.605153 0.431516 0.607242 0.386303 0.575905 0.388298 0.575209 0.480718 0.566852 0.568484
0 0.595056 0.619016 0.626393 0.621011 0.627437 0.529920 0.633705 0.421543 0.636490 0.374335 0.612465 0.367021 0.607242 0.388298 0.597145 0.554521
0 0.620822 0.577128 0.639276 0.610372 0.647284 0.578457 0.652855 0.511968 0.659471 0.431516 0.662953 0.380984 0.633705 0.375665 0.629178 0.430186 0.627437 0.508644 0.624652 0.552527
0 0.647284 0.573803 0.662256 0.613697 0.675836 0.611702 0.683148 0.575133 0.684192 0.491356 0.691504 0.417553 0.691504 0.382979 0.665738 0.377660 0.658426 0.428191 0.651114 0.513963
0 0.680362 0.569814 0.684889 0.605053 0.707869 0.603059 0.734331 0.594415 0.725279 0.536569 0.728064 0.466755 0.729109 0.388298 0.692201 0.380984 0.690460 0.416223 0.682103 0.500000
0 0.728064 0.564495 0.747214 0.580452 0.759401 0.566489 0.761838 0.524601 0.756616 0.472074 0.756616 0.402261 0.756616 0.377660 0.739903 0.369016 0.728064 0.389628 0.726323 0.475399 0.726323 0.536569 0.726323 0.582447
0 0.762883 0.521277 0.778552 0.557846 0.792131 0.552527 0.794916 0.508644 0.786560 0.458112 0.778552 0.388298 0.772981 0.351064 0.761838 0.351064 0.759401 0.374335 0.753830 0.410904 0.752786 0.480718
0 0.528203 0.608378 0.515669 0.617021 0.492688 0.611702 0.491643 0.543883 0.490599 0.458112 0.489903 0.391622 0.509053 0.382979 0.520891 0.424867 0.529248 0.486037 0.530989 0.538564 0.530989 0.566489
0 0.492688 0.610372 0.469708 0.607048 0.460655 0.603059 0.459610 0.549202 0.455084 0.468750 0.455780 0.394947 0.479805 0.394947 0.485376 0.445479 0.488858 0.480718 0.492688 0.549202
0 0.459610 0.597739 0.446031 0.615691 0.433844 0.589096 0.430362 0.559176 0.427577 0.482713 0.427577 0.392952 0.446727 0.380984 0.453343 0.449468 0.456825 0.510638 0.456825 0.545213
0 0.430362 0.552527 0.422006 0.591090 0.401811 0.578457 0.400070 0.527926 0.401114 0.463431 0.398329 0.392952 0.417479 0.382979 0.423050 0.416223 0.425836 0.450798 0.427577 0.482713
0 0.401114 0.575133 0.387187 0.596410 0.366295 0.569814 0.368036 0.505319 0.373607 0.436835 0.372563 0.374335 0.391017 0.372340 0.396240 0.431516 0.401811 0.468750 0.401811 0.535239
0 0.366295 0.568484 0.364206 0.591090 0.345056 0.591090 0.342270 0.577128 0.328691 0.583777 0.324164 0.540559 0.332173 0.494681 0.331476 0.440824 0.328691 0.380984 0.359680 0.375665 0.374304 0.374335 0.374304 0.438830 0.368733 0.501995
0 0.323120 0.538564 0.317549 0.566489 0.300139 0.557846 0.286560 0.524601 0.293872 0.463431 0.296657 0.403590 0.301880 0.353059 0.324861 0.363697 0.327646 0.382979 0.332173 0.444149 0.330432 0.500000
0 0.287256 0.521277 0.276462 0.538564 0.263579 0.529920 0.255223 0.489362 0.263579 0.445479 0.271936 0.388298 0.278203 0.351064 0.291086 0.325133 0.300139 0.351064 0.295613 0.410904 0.291086 0.475399
0 0.520891 0.638298 0.543872 0.638298 0.544916 0.685505 0.543872 0.730718 0.540390 0.779920 0.540390 0.855053 0.520891 0.851729 0.520195 0.771277 0.520891 0.702793
0 0.544916 0.638298 0.564067 0.632979 0.572423 0.640293 0.572423 0.680186 0.572423 0.727394 0.569638 0.815160 0.569638 0.860372 0.555710 0.860372 0.551184 0.809840 0.544916 0.729388 0.544916 0.678191
0 0.572423 0.641622 0.585306 0.627660 0.597841 0.641622 0.603412 0.658910 0.603412 0.696144 0.607939 0.757314 0.607242 0.827128 0.600627 0.865691 0.585306 0.863697 0.582521 0.801197 0.577646 0.725399 0.572423 0.680186
0 0.610028 0.654255 0.628134 0.632979 0.638231 0.655585 0.644847 0.682181 0.639972 0.727394 0.634749 0.793883 0.632660 0.835771 0.621866 0.843085 0.613510 0.773271 0.610028 0.699468
0 0.703343 0.640293 0.709610 0.615691 0.726323 0.622340 0.729109 0.608378 0.753830 0.610372 0.761142 0.654255 0.782033 0.696144 0.801532 0.750000 0.803969 0.767952 0.774025 0.804521 0.745474 0.753989 0.717967 0.687500
0 0.749304 0.603059 0.761838 0.582447 0.781337 0.569814 0.795961 0.594415 0.806058 0.636303 0.818942 0.678191 0.827994 0.706782 0.833565 0.727394 0.814067 0.758644 0.794220 0.711436 0.775766 0.688830 0.754526 0.640293
0 0.520891 0.636303 0.495474 0.632979 0.491643 0.694149 0.488162 0.758644 0.485376 0.815160 0.502786 0.821809 0.513579 0.753989 0.519150 0.692154
0 0.494429 0.630984 0.469708 0.629654 0.468663 0.662899 0.465181 0.715426 0.454039 0.791888 0.453343 0.832447 0.468663 0.832447 0.480850 0.748670 0.490599 0.690824
0 0.469708 0.629654 0.456825 0.617021 0.434889 0.632979 0.433844 0.694149 0.427577 0.763963 0.423050 0.818484 0.425836 0.855053 0.439415 0.813165 0.450557 0.736037 0.469708 0.655585
0 0.433844 0.632979 0.422006 0.619016 0.410167 0.629654 0.405641 0.657580 0.406337 0.704787 0.408426 0.757314 0.398329 0.801197 0.398329 0.821809 0.413649 0.799202 0.426532 0.716755 0.433844 0.655585
0 0.411212 0.627660 0.396240 0.607048 0.372563 0.627660 0.370822 0.671543 0.363510 0.741356 0.356894 0.793883 0.355153 0.837766 0.372563 0.839761 0.384401 0.774601 0.401114 0.701463 0.408426 0.644947
0 0.346100 0.624335 0.317549 0.697473 0.270891 0.769282 0.241643 0.716755 0.256964 0.673537 0.288301 0.627660 0.305710 0.585771 0.321379 0.587766 0.324164 0.613697 0.338788 0.605053
0 0.258008 0.674867 0.228760 0.706782 0.225975 0.658910 0.246866 0.580452 0.265320 0.547207 0.279944 0.549202 0.282730 0.568484 0.291783 0.568484 0.301880 0.582447 0.306755 0.583777 0.287256 0.632979
