0 0.485522 0.385258 0.481481 0.416413 0.478451 0.456687 0.476431 0.509878 0.476431 0.549392 0.480808 0.569909 0.488552 0.584347 0.496633 0.575228 0.501684 0.553191 0.502357 0.522796 0.502357 0.473404 0.502357 0.429331 0.502357 0.386778
0 0.470034 0.376900 0.470034 0.411854 0.468013 0.440729 0.465320 0.465805 0.460943 0.506839 0.460269 0.535714 0.462290 0.565350 0.471380 0.565350 0.478451 0.532675 0.478451 0.492401 0.478451 0.461246 0.480808 0.414894 0.483502 0.383739
0 0.450505 0.357903 0.451178 0.395897 0.447811 0.429331 0.444781 0.470365 0.441414 0.503799 0.444781 0.535714 0.448485 0.543313 0.460943 0.522796 0.462290 0.484802 0.463973 0.437690 0.467340 0.397416 0.466667 0.372340
0 0.439394 0.350304 0.437037 0.385258 0.433670 0.427812 0.428620 0.484802 0.427946 0.502280 0.429630 0.527356 0.440067 0.525836 0.447138 0.470365 0.447811 0.442249 0.451852 0.389818 0.453199 0.363222 0.450505 0.347264
0 0.422559 0.329787 0.421212 0.375380 0.417508 0.417933 0.413468 0.437690 0.410438 0.474924 0.410438 0.506839 0.416162 0.515198 0.425926 0.493921 0.427946 0.448328 0.430976 0.378419 0.435690 0.351824 0.430976 0.331307
0 0.383838 0.278116 0.380808 0.306231 0.374747 0.338906 0.371044 0.373860 0.364310 0.411094 0.361279 0.451368 0.370370 0.468845 0.386532 0.468845 0.401010 0.451368 0.403030 0.414894 0.405387 0.362462 0.410774 0.318389 0.410774 0.297872
0 0.363636 0.223404 0.356902 0.249240 0.348485 0.286474 0.344781 0.325228 0.339394 0.358663 0.337374 0.404255 0.351515 0.416413 0.366330 0.405775 0.379798 0.387538 0.381481 0.363982 0.385185 0.323708 0.385185 0.284195 0.387542 0.260638 0.382155 0.242401 0.371717 0.218845
0 0.502694 0.357143 0.502694 0.408055 0.502694 0.460486 0.503367 0.510638 0.505051 0.544833 0.505724 0.568389 0.519192 0.566869 0.524242 0.554711 0.522896 0.515957 0.517508 0.477204 0.514478 0.436170 0.514478 0.373860 0.514478 0.343465
0 0.523569 0.355623 0.519865 0.382219 0.519192 0.427812 0.519192 0.471884 0.520539 0.512158 0.525253 0.539514 0.534680 0.546353 0.541414 0.536474 0.543098 0.478723 0.537037 0.436170 0.534007 0.360182 0.533333 0.344985
0 0.537037 0.338906 0.534680 0.379179 0.536364 0.420973 0.538721 0.451368 0.540067 0.484043 0.546128 0.531155 0.554209 0.544833 0.560269 0.534195 0.563300 0.515957 0.563300 0.485562 0.557912 0.427812 0.554209 0.399696 0.549158 0.377660 0.549158 0.347264 0.545455 0.329787 0.533333 0.323708
0 0.557239 0.335106 0.554882 0.362462 0.554882 0.399696 0.557239 0.448328 0.560269 0.500760 0.565657 0.515957 0.574411 0.517477 0.581818 0.506079 0.583502 0.473404 0.578114 0.433131 0.574411 0.379179 0.571380 0.341945
0 0.576768 0.333587 0.572391 0.357143 0.572391 0.409574 0.574411 0.449848 0.576768 0.478723 0.584175 0.487082 0.600000 0.492401 0.600673 0.460486 0.595286 0.408055 0.593266 0.386018 0.587879 0.348784 0.583502 0.319909
0 0.590236 0.301672 0.590909 0.328267 0.593266 0.384498 0.593266 0.417933 0.595286 0.456687 0.601347 0.485562 0.614815 0.484043 0.626936 0.463526 0.628283 0.449848 0.624579 0.405775 0.618519 0.369301 0.613468 0.335106 0.611785 0.308511 0.608754 0.287994 0.603030 0.267477
0 0.608081 0.257599 0.613468 0.313070 0.617172 0.348784 0.621549 0.390578 0.626263 0.417933 0.633670 0.436170 0.647811 0.431611 0.653872 0.419453 0.659933 0.402736 0.655892 0.379179 0.645455 0.344985 0.639731 0.316869 0.631987 0.278116 0.628956 0.242401 0.618519 0.227204
0 0.636700 0.180091 0.627609 0.196809 0.626936 0.210486 0.631987 0.232523 0.639731 0.271277 0.641751 0.294833 0.644781 0.319909 0.653872 0.325228 0.664310 0.316869 0.670370 0.311550 0.674074 0.294833 0.671044 0.262918 0.661279 0.227204 0.655219 0.206687 0.647811 0.174772
0 0.523569 0.745441 0.522222 0.727204 0.516835 0.686170 0.511785 0.651216 0.507071 0.620821 0.504040 0.591945 0.513131 0.576748 0.522222 0.601824 0.525253 0.632219 0.526599 0.648936 0.530976 0.677812 0.534680 0.713526 0.537037 0.730243 0.537710 0.753799 0.535690 0.764438 0.528956 0.781155 0.523569 0.764438
0 0.554882 0.768997 0.552189 0.745441 0.546128 0.706687 0.545455 0.673252 0.545455 0.637538 0.544444 0.612462 0.540741 0.594985 0.534007 0.588146 0.527273 0.591945 0.523569 0.603343 0.528956 0.633739 0.531987 0.662614 0.534680 0.694529 0.537037 0.724924 0.539394 0.760638 0.547475 0.775836
0 0.573064 0.757599 0.572391 0.708207 0.568350 0.681611 0.567677 0.662614 0.567677 0.630699 0.563973 0.603343 0.562626 0.583587 0.558923 0.563070 0.553535 0.554711 0.543771 0.560030 0.540067 0.572948 0.543098 0.598784 0.547475 0.630699 0.549158 0.661094 0.550505 0.691489 0.553535 0.727204 0.558923 0.750760
0 0.598316 0.696809 0.592593 0.670973 0.590909 0.588146 0.588552 0.569909 0.581145 0.544833 0.576094 0.525836 0.566330 0.531155 0.562626 0.560030 0.570707 0.605623 0.572391 0.642857 0.576094 0.683131 0.584175 0.713526 0.590909 0.715046
0 0.617172 0.676292 0.611785 0.623860 0.607407 0.583587 0.604377 0.547872 0.600673 0.517477 0.581818 0.522796 0.579125 0.541033 0.582828 0.569909 0.592593 0.610182 0.596296 0.642857 0.599327 0.674772 0.608754 0.688450
0 0.708418 0.568389 0.691919 0.541033 0.679125 0.512158 0.673401 0.484043 0.667340 0.462006 0.661279 0.453647 0.649158 0.468845 0.644108 0.485562 0.635017 0.500760 0.635017 0.527356 0.658249 0.571429 0.670370 0.586626 0.685859 0.610182 0.698653 0.610182
0 0.747475 0.499240 0.730976 0.473404 0.726263 0.439970 0.721886 0.427812 0.712795 0.427812 0.697980 0.446809 0.694949 0.466565 0.688215 0.485562 0.693603 0.525836 0.722559 0.549392 0.732323 0.549392 0.742761 0.531155
0 0.510774 0.755319 0.511785 0.713526 0.510101 0.667933 0.503367 0.610182 0.501010 0.590426 0.492929 0.588146 0.487542 0.615502 0.493603 0.652736 0.495960 0.681611 0.496633 0.705167 0.495286 0.762158
0 0.476431 0.583587 0.473401 0.608663 0.472054 0.636018 0.472054 0.679331 0.474074 0.721884 0.476431 0.781155 0.480808 0.789514 0.490572 0.715046 0.491582 0.676292 0.491582 0.658055 0.490572 0.640578 0.486869 0.586626
0 0.456229 0.578267 0.453199 0.600304 0.452525 0.625380 0.450168 0.654255 0.449495 0.703647 0.455556 0.753799 0.465993 0.785714 0.475084 0.760638 0.472727 0.721884 0.468350 0.666413 0.466667 0.625380 0.475084 0.576748 0.463636 0.561550
0 0.439057 0.560030 0.430976 0.588146 0.429966 0.622340 0.429966 0.661094 0.429966 0.713526 0.436027 0.749240 0.443434 0.709726 0.445791 0.655775 0.448822 0.613982 0.455556 0.578267 0.453199 0.556231
0 0.415825 0.542553 0.407744 0.575228 0.402357 0.625380 0.397980 0.662614 0.398653 0.713526 0.406734 0.712006 0.417508 0.640578 0.424242 0.601824 0.432323 0.569909 0.429966 0.549392
0 0.385859 0.487082 0.376094 0.492401 0.371717 0.507599 0.368687 0.521277 0.361953 0.551672 0.355892 0.576748 0.345455 0.603343 0.336700 0.620821 0.344108 0.659574 0.363636 0.666413 0.387542 0.636018 0.395623 0.620821 0.404714 0.588146 0.418182 0.547872 0.418182 0.531155 0.403030 0.502280
0 0.334343 0.473404 0.316498 0.493921 0.307407 0.506079 0.296970 0.527356 0.296970 0.568389 0.303030 0.593465 0.320875 0.598784 0.335690 0.583587 0.347138 0.569909 0.357576 0.560030 0.358249 0.536474 0.351515 0.506079 0.343434 0.481763
