0 0.523013 0.386303 0.521269 0.406915 0.517434 0.434176 0.509414 0.473404 0.505579 0.511968 0.504881 0.550532 0.517434 0.576463 0.534868 0.589761 0.540446 0.559840 0.537657 0.511968 0.537657 0.462101 0.537657 0.400931 0.535565 0.382979
0 0.548466 0.380984 0.547420 0.400931 0.541492 0.449468 0.539749 0.495346 0.539749 0.539894 0.549163 0.576463 0.566597 0.576463 0.569735 0.554521 0.567643 0.490027 0.567643 0.438165 0.568689 0.402926 0.559972 0.388298
0 0.570432 0.367686 0.566597 0.408910 0.561018 0.471410 0.558926 0.525266 0.569735 0.559840 0.581241 0.567154 0.588912 0.513963 0.587866 0.440160 0.591004 0.369681 0.584031 0.366356
0 0.594840 0.367686 0.592050 0.399601 0.586123 0.466090 0.582287 0.508644 0.582287 0.547207 0.597629 0.587766 0.613319 0.532580 0.611227 0.460106 0.615063 0.364362 0.611227 0.338431
0 0.618201 0.355053 0.611227 0.412234 0.609484 0.469415 0.609484 0.523271 0.618898 0.558511 0.629707 0.559840 0.633543 0.517287 0.633543 0.452793 0.639470 0.393617 0.642259 0.355053
0 0.653766 0.366356 0.649930 0.406915 0.643305 0.462101 0.636332 0.523271 0.634589 0.559840 0.652022 0.576463 0.662483 0.547207 0.665621 0.473404 0.671199 0.406915 0.676081 0.371676
0 0.729428 0.402926 0.723501 0.447473 0.715830 0.508644 0.714086 0.532580 0.714086 0.565824 0.722803 0.575133 0.744073 0.575133 0.755579 0.537899 0.755579 0.467420 0.757671 0.399601 0.740934 0.388298
0 0.766388 0.406915 0.763250 0.434176 0.759414 0.490027 0.755579 0.530585 0.753487 0.554521 0.759414 0.573138 0.782775 0.556516 0.787657 0.525266 0.785565 0.458777 0.789400 0.412234
0 0.502789 0.386303 0.502789 0.428856 0.496862 0.482713 0.493026 0.530585 0.493026 0.573138 0.503835 0.563830 0.510460 0.490027 0.514296 0.426862 0.521269 0.382979
0 0.476639 0.380984 0.470014 0.428856 0.465830 0.480718 0.465132 0.511968 0.467922 0.565824 0.485356 0.558511 0.494073 0.492021 0.500000 0.423537 0.503835 0.384309
0 0.443863 0.388298 0.441771 0.436170 0.441771 0.460106 0.442817 0.549202 0.459205 0.571144 0.474547 0.552527 0.476639 0.528590 0.476639 0.478723 0.478731 0.432846 0.478731 0.378989
0 0.404812 0.392287 0.404812 0.419548 0.405858 0.476729 0.406904 0.515957 0.409693 0.550532 0.425384 0.569149 0.446653 0.552527 0.449442 0.528590 0.445607 0.495346 0.436890 0.443484 0.435844 0.404920 0.435844 0.382979
0 0.352510 0.414229 0.352510 0.445479 0.354603 0.473404 0.355649 0.504654 0.357392 0.530585 0.357392 0.559840 0.363319 0.578457 0.386681 0.578457 0.396095 0.567154 0.402022 0.549202 0.403068 0.515957 0.400279 0.484043 0.397141 0.462101 0.393305 0.428856 0.387378 0.406915
0 0.301255 0.419548 0.308229 0.469415 0.309972 0.506649 0.307183 0.539894 0.306137 0.576463 0.328452 0.587766 0.342050 0.576463 0.348675 0.547207 0.351813 0.486037 0.348675 0.440160 0.337169 0.402926
0 0.545328 0.757979 0.545328 0.720745 0.542538 0.672872 0.534868 0.611702 0.550209 0.600399 0.552301 0.641622 0.552301 0.665559 0.552301 0.691489 0.554045 0.722739 0.557880 0.759309 0.557183 0.783245 0.546374 0.783245
0 0.561715 0.789229 0.561715 0.748670 0.556137 0.696809 0.556137 0.665559 0.554045 0.635638 0.551255 0.608378 0.564854 0.595080 0.572524 0.625000 0.574616 0.642952 0.573570 0.666888 0.570432 0.698803 0.570432 0.737367 0.571478 0.755984 0.574616 0.796543
0 0.593794 0.820479 0.587169 0.781915 0.584031 0.748670 0.580195 0.702128 0.580195 0.658245 0.578452 0.635638 0.577406 0.619016 0.582287 0.604388 0.592050 0.600399 0.597629 0.621011 0.597629 0.641622 0.598675 0.663564 0.598675 0.696809 0.599721 0.742686 0.602510 0.777926 0.604603 0.809176
0 0.618898 0.805851 0.615063 0.761303 0.612273 0.737367 0.609484 0.722739 0.607392 0.694814 0.605300 0.644947 0.606346 0.615691 0.614017 0.600399 0.624826 0.602394 0.628661 0.619016 0.628661 0.646941 0.625872 0.685505 0.625872 0.713431 0.626918 0.748670 0.630753 0.794548 0.634589 0.815160
0 0.649930 0.815160 0.646095 0.781915 0.643305 0.737367 0.643305 0.704122 0.631450 0.639628 0.628661 0.621011 0.632497 0.609707 0.644351 0.608378 0.657601 0.626330 0.661785 0.656250 0.662483 0.685505 0.659693 0.728059 0.659693 0.766622 0.662483 0.799867 0.663529 0.825798
0 0.693515 0.796543 0.690725 0.783245 0.682008 0.763298 0.676081 0.732048 0.670502 0.698803 0.662483 0.659574 0.656904 0.637633 0.667364 0.619016 0.694561 0.617021 0.710948 0.623005 0.715830 0.661569 0.717922 0.715426 0.728382 0.763298 0.736053 0.794548
0 0.770223 0.766622 0.755579 0.755984 0.741980 0.739362 0.729428 0.716755 0.716876 0.689495 0.710948 0.656250 0.710948 0.621011 0.726639 0.604388 0.753487 0.599069 0.766388 0.611702 0.774059 0.652261 0.780683 0.696809 0.796374 0.741356 0.784519 0.770612
0 0.539749 0.801862 0.542538 0.737367 0.538703 0.685505 0.532775 0.639628 0.524059 0.615691 0.514296 0.611702 0.514296 0.637633 0.515342 0.666888 0.517434 0.702128 0.520223 0.741356 0.524059 0.783245
0 0.516388 0.818484 0.515342 0.759309 0.515342 0.674867 0.510460 0.615691 0.491980 0.611702 0.491980 0.658245 0.496862 0.711436 0.498954 0.751995 0.500000 0.803856 0.503835 0.825798
0 0.482566 0.820479 0.490237 0.818484 0.491283 0.791223 0.495119 0.757979 0.496165 0.732048 0.496165 0.702128 0.494073 0.668883 0.491283 0.606383 0.479428 0.608378 0.468968 0.609707 0.466876 0.630319 0.467922 0.659574 0.464086 0.706117 0.463040 0.746676 0.465830 0.781915 0.470711 0.818484
0 0.456416 0.805851 0.461297 0.742686 0.466876 0.698803 0.467922 0.659574 0.467922 0.635638 0.458159 0.615691 0.444561 0.611702 0.439679 0.628324 0.440725 0.656250 0.442817 0.694814 0.442817 0.733378 0.437936 0.779920 0.436890 0.798537
0 0.417713 0.816489 0.427127 0.774601 0.430962 0.733378 0.432008 0.700133 0.435146 0.658245 0.437936 0.626330 0.429219 0.609707 0.414575 0.617021 0.405858 0.630319 0.400976 0.658245 0.402022 0.713431 0.403068 0.739362 0.403068 0.781915 0.402022 0.807846
0 0.374826 0.815160 0.384589 0.783245 0.394351 0.718750 0.400279 0.659574 0.403068 0.626330 0.402022 0.611702 0.378661 0.617021 0.351813 0.613697 0.348675 0.678191 0.348675 0.702128 0.343096 0.748670 0.336123 0.791223 0.344840 0.824468
0 0.301255 0.807846 0.315900 0.783245 0.330544 0.757979 0.344840 0.728059 0.344840 0.694814 0.347978 0.644947 0.345886 0.621011 0.319735 0.611702 0.306137 0.611702 0.293584 0.623005 0.290795 0.652261 0.286960 0.680186 0.282078 0.704122 0.276151 0.739362 0.269526 0.768617 0.273361 0.794548
