0 0.478745 0.355533 0.480263 0.482582 0.479757 0.545082 0.455466 0.540984 0.453947 0.508197 0.458502 0.479508 0.456478 0.440574 0.462551 0.346311 0.478239 0.346311
0 0.463563 0.346311 0.457490 0.426230 0.454960 0.456967 0.457490 0.483607 0.454453 0.498975 0.454453 0.516393 0.453947 0.534836 0.442814 0.535861 0.439777 0.536885 0.434717 0.527664 0.434211 0.516393 0.433704 0.490779 0.433704 0.471311 0.436741 0.438525 0.443826 0.344262
0 0.436741 0.328893 0.435729 0.462090 0.434717 0.487705 0.434717 0.498975 0.430668 0.523566 0.429150 0.531762 0.423583 0.536885 0.420040 0.538934 0.414980 0.536885 0.410425 0.532787 0.411437 0.518443 0.411437 0.501025 0.410931 0.487705 0.408401 0.467213 0.408907 0.444672 0.413968 0.321721 0.435223 0.321721
0 0.485830 0.346311 0.481275 0.484631 0.481275 0.542008 0.497470 0.540984 0.505567 0.529713 0.506073 0.498975 0.507085 0.337090 0.486336 0.334016
0 0.507085 0.334016 0.505061 0.486680 0.506073 0.503074 0.506073 0.516393 0.507085 0.526639 0.510628 0.534836 0.516194 0.536885 0.520243 0.532787 0.523785 0.526639 0.526316 0.518443 0.525810 0.507172 0.523279 0.492828 0.522773 0.482582 0.524291 0.469262 0.521255 0.327869
0 0.522773 0.327869 0.523785 0.480533 0.523279 0.488730 0.525304 0.503074 0.527834 0.516393 0.534413 0.526639 0.544534 0.523566 0.548077 0.505123 0.550101 0.474385 0.548077 0.312500 0.522267 0.311475
0 0.592105 0.342213 0.585526 0.436475 0.588057 0.468238 0.588057 0.494877 0.588057 0.516393 0.594636 0.530738 0.600709 0.530738 0.611336 0.526639 0.618421 0.516393 0.620445 0.498975 0.619939 0.476434 0.618927 0.421107 0.616903 0.336066 0.590587 0.332992
0 0.618421 0.324795 0.618421 0.463115 0.619939 0.478484 0.620445 0.486680 0.620445 0.498975 0.620445 0.512295 0.620445 0.520492 0.630061 0.525615 0.636640 0.529713 0.644737 0.528689 0.656377 0.512295 0.660931 0.491803 0.657895 0.475410 0.650304 0.438525 0.649291 0.391393 0.643725 0.317623
0 0.370951 0.346311 0.365385 0.459016 0.369939 0.478484 0.370951 0.486680 0.371457 0.494877 0.370445 0.510246 0.370445 0.523566 0.367409 0.534836 0.360324 0.539959 0.353239 0.543033 0.343623 0.538934 0.337551 0.534836 0.334008 0.529713 0.331478 0.518443 0.332490 0.504098 0.335020 0.480533 0.336538 0.461066 0.335526 0.400615 0.338563 0.352459
0 0.317814 0.332992 0.288968 0.490779 0.320850 0.526639 0.332490 0.516393 0.335526 0.476434 0.343623 0.346311
0 0.610830 0.538934 0.599190 0.549180 0.597166 0.554303 0.596154 0.564549 0.598178 0.572746 0.603239 0.588115 0.640688 0.707992 0.678644 0.664959 0.650304 0.585041 0.642713 0.553279 0.638158 0.533811 0.632085 0.525615 0.619433 0.529713
0 0.597166 0.544057 0.598178 0.551230 0.600202 0.559426 0.600709 0.565574 0.600709 0.576844 0.601721 0.586066 0.612854 0.706967 0.600709 0.715164 0.576417 0.598361 0.574899 0.577869 0.575405 0.553279 0.577935 0.547131 0.583502 0.544057 0.590081 0.542008
0 0.569332 0.549180 0.562753 0.546107 0.555162 0.547131 0.553138 0.552254 0.550607 0.561475 0.551619 0.573770 0.558198 0.675205 0.561235 0.711066 0.580466 0.710041 0.576417 0.615779 0.575405 0.577869 0.574899 0.559426 0.574899 0.548156
0 0.527328 0.550205 0.521761 0.556352 0.520243 0.560451 0.518725 0.566598 0.517206 0.573770 0.519231 0.654713 0.539474 0.746926 0.557692 0.726434 0.543522 0.654713 0.542510 0.598361 0.542004 0.574795 0.537955 0.556352 0.531883 0.549180
0 0.510628 0.552254 0.498482 0.556352 0.498482 0.580943 0.500000 0.639344 0.500506 0.757172 0.514170 0.757172 0.516194 0.618852 0.517713 0.580943 0.520243 0.552254
0 0.314271 0.532787 0.296559 0.577869 0.269231 0.661885 0.300101 0.701844 0.337551 0.625000 0.359818 0.577869 0.355263 0.552254 0.346154 0.546107 0.338057 0.536885 0.329960 0.530738 0.316296 0.530738
0 0.492409 0.559426 0.480263 0.569672 0.480769 0.739754 0.498482 0.738730 0.501012 0.636270 0.498482 0.571721 0.495951 0.558402
0 0.451923 0.562500 0.442308 0.565574 0.441296 0.581967 0.448887 0.737705 0.468117 0.734631 0.465081 0.626025 0.462551 0.560451
0 0.431174 0.555328 0.425101 0.557377 0.422571 0.565574 0.420547 0.569672 0.420547 0.577869 0.421559 0.585041 0.420547 0.593238 0.419534 0.603484 0.419028 0.635246 0.406883 0.727459 0.428138 0.744877 0.441296 0.637295 0.441296 0.576844 0.441296 0.557377
0 0.407895 0.563525 0.402834 0.563525 0.399798 0.570697 0.398279 0.575820 0.396255 0.581967 0.394231 0.591189 0.384109 0.759221 0.411437 0.761270 0.412955 0.689549 0.419534 0.641393 0.420547 0.615779 0.420547 0.602459 0.420547 0.596311 0.422065 0.589139 0.421559 0.579918 0.418522 0.568648 0.414474 0.564549
0 0.392713 0.557377 0.386640 0.553279 0.381073 0.551230 0.375000 0.554303 0.370445 0.563525 0.369939 0.573770 0.350202 0.745902 0.373482 0.762295 0.392206 0.609631 0.395749 0.589139 0.397773 0.576844 0.399798 0.566598 0.397773 0.558402
