0 0.472766 0.436930 0.500534 0.430091 0.498754 0.363982 0.472766 0.120821 0.449982 0.144377 0.459950 0.300152 0.467070 0.370821 0.464934 0.427812
0 0.438234 0.422492 0.447134 0.435410 0.458882 0.431611 0.467782 0.424772 0.464934 0.366261 0.463866 0.296353 0.453542 0.132979 0.430046 0.142857 0.433962 0.301672 0.438946 0.376140
0 0.404058 0.430091 0.418654 0.460486 0.431470 0.454407 0.441438 0.434650 0.441082 0.395137 0.432182 0.346505 0.397650 0.155015 0.374155 0.174012 0.384478 0.277356 0.397650 0.357143 0.404770 0.395137
0 0.370239 0.398936 0.374155 0.431611 0.376290 0.464286 0.385546 0.483283 0.399074 0.476444 0.405482 0.477964 0.411178 0.453647 0.408686 0.422492 0.395870 0.359422 0.363475 0.180851 0.340335 0.198328 0.360983 0.328267
0 0.288359 0.502280 0.302243 0.522796 0.315771 0.515957 0.346387 0.500760 0.344251 0.471125 0.326451 0.403495 0.289071 0.275836 0.265575 0.301672 0.279459 0.403495 0.287647 0.443769 0.284087 0.477964
0 0.247063 0.525076 0.241367 0.486322 0.241367 0.449088 0.224279 0.327508 0.247063 0.309271 0.269847 0.386778 0.281239 0.452128 0.291563 0.496960 0.288359 0.528116 0.268067 0.533435 0.256675 0.533435
0 0.205767 0.514438 0.206479 0.468085 0.202563 0.397416 0.195443 0.360942 0.209683 0.347264 0.226059 0.401976 0.236739 0.443769 0.244571 0.507599 0.239587 0.537234 0.227483 0.529635 0.212887 0.530395
0 0.509078 0.435410 0.524386 0.435410 0.535066 0.431611 0.536134 0.367781 0.533642 0.317629 0.515486 0.113982 0.493058 0.122340 0.494838 0.255319 0.501246 0.310790 0.502670 0.346505 0.502670 0.385258 0.508366 0.405775
0 0.537558 0.433131 0.535778 0.400456 0.529370 0.358663 0.529370 0.268997 0.523674 0.127660 0.544678 0.127660 0.553934 0.262158 0.559986 0.325988 0.561766 0.379939 0.563546 0.419453 0.558562 0.439970
0 0.561766 0.454407 0.556070 0.427812 0.559986 0.393617 0.567462 0.325988 0.587754 0.174012 0.622286 0.194529 0.605554 0.321429 0.596654 0.391337 0.595942 0.427812 0.590246 0.455927 0.581346 0.462766
0 0.583838 0.479483 0.580634 0.453647 0.582770 0.422492 0.595942 0.403495 0.608046 0.358663 0.615166 0.315350 0.626557 0.183131 0.647561 0.194529 0.637237 0.321429 0.629761 0.382979 0.624778 0.435410 0.621574 0.468085 0.615166 0.486322 0.601638 0.477964
0 0.615166 0.492401 0.614454 0.468085 0.620150 0.433131 0.630473 0.367781 0.673549 0.189970 0.695977 0.207447 0.675685 0.302432 0.662157 0.359422 0.657173 0.427812 0.658953 0.458967 0.653257 0.500760 0.640085 0.506079 0.631185 0.500760
0 0.655749 0.510638 0.649341 0.490122 0.653257 0.441489 0.670345 0.405775 0.679245 0.354103 0.714845 0.270517 0.744037 0.291793 0.728373 0.372340 0.707369 0.439970 0.708437 0.471125 0.700249 0.521277 0.690637 0.526596 0.678177 0.517477 0.667141 0.517477
0 0.713065 0.528116 0.702385 0.509119 0.707369 0.464286 0.717337 0.429331 0.724457 0.382979 0.756141 0.279635 0.782485 0.317629 0.766465 0.403495 0.754361 0.457447 0.755785 0.495441 0.751869 0.524316 0.744749 0.531915 0.731577 0.534954 0.724457 0.534954
0 0.758277 0.524316 0.753649 0.503799 0.754361 0.472644 0.759345 0.448328 0.770737 0.389818 0.803845 0.327508 0.814881 0.357143 0.798861 0.403495 0.794589 0.460486 0.797437 0.499240 0.795657 0.525076 0.789961 0.534954 0.781061 0.534954 0.773585 0.537234
0 0.506586 0.458967 0.521538 0.453647 0.532574 0.460486 0.524742 0.534954 0.521538 0.733283 0.509078 0.749240 0.508366 0.635258 0.509434 0.537234 0.505874 0.502280
0 0.526166 0.467325 0.556782 0.465805 0.542542 0.576748 0.536846 0.738602 0.526166 0.740122 0.524386 0.567629 0.525454 0.511398
0 0.540762 0.545593 0.540762 0.491641 0.550374 0.472644 0.564970 0.481763 0.571378 0.512918 0.571378 0.555471 0.568886 0.658055 0.565682 0.791033 0.550374 0.788754 0.543966 0.635258
0 0.565682 0.549392 0.563546 0.517477 0.575650 0.510638 0.582770 0.473404 0.594162 0.491641 0.601282 0.521277 0.601638 0.567629 0.595942 0.624620 0.597366 0.769757 0.573158 0.777356 0.571378 0.685410 0.569954 0.607903
0 0.594162 0.583587 0.588466 0.537234 0.594162 0.512918 0.605554 0.492401 0.624778 0.505319 0.632253 0.533435 0.626557 0.587386 0.636881 0.773556 0.616946 0.777356 0.608758 0.640578
0 0.631541 0.643617 0.628337 0.600304 0.620862 0.563070 0.621574 0.524316 0.636169 0.519757 0.649341 0.517477 0.683161 0.533435 0.689569 0.544073 0.684941 0.595745 0.683161 0.621581 0.691349 0.764438 0.655037 0.788754 0.643645 0.721125
0 0.695265 0.636778 0.685653 0.605623 0.681737 0.564590 0.689569 0.537234 0.704877 0.533435 0.725881 0.531915 0.739053 0.549392 0.742969 0.606383 0.740477 0.651216 0.758277 0.791033 0.709149 0.794073 0.699181 0.695289
0 0.755073 0.678571 0.742969 0.594225 0.740477 0.555471 0.744037 0.529635 0.763261 0.531915 0.778569 0.533435 0.794589 0.537234 0.798149 0.578267 0.794589 0.635258 0.790673 0.759878 0.768245 0.754559
0 0.488074 0.472644 0.498754 0.464286 0.506586 0.464286 0.511570 0.506079 0.506942 0.557751 0.510146 0.721125 0.494482 0.724924 0.493058 0.538754 0.488786 0.512918
0 0.464578 0.480243 0.469562 0.454407 0.482734 0.455927 0.490566 0.471125 0.490566 0.524316 0.491278 0.740881 0.479174 0.752280 0.473834 0.609422 0.470986 0.543313
0 0.444642 0.496960 0.453542 0.461246 0.462086 0.458967 0.468138 0.492401 0.473834 0.568389 0.464578 0.765198 0.447134 0.766717 0.445354 0.626900 0.441438 0.564590 0.442862 0.533435
0 0.412958 0.502280 0.424350 0.477964 0.429334 0.474924 0.441438 0.495441 0.449982 0.502280 0.447846 0.552432 0.441438 0.762918 0.422570 0.761398 0.421146 0.648936 0.416162 0.568389 0.411890 0.515957
0 0.381274 0.517477 0.393378 0.496960 0.407262 0.500760 0.416874 0.506079 0.424350 0.538754 0.418654 0.585106 0.413670 0.758359 0.390174 0.761398 0.392666 0.639058 0.385546 0.566109
0 0.320043 0.538754 0.337487 0.522796 0.356355 0.512918 0.369883 0.505319 0.384478 0.515957 0.390174 0.556231 0.384478 0.604103 0.384478 0.664134 0.367391 0.797872 0.319687 0.778875 0.325383 0.689210 0.331079 0.604103 0.322535 0.582067
0 0.269847 0.548632 0.282663 0.533435 0.298683 0.537234 0.306871 0.537234 0.319687 0.543313 0.329655 0.562310 0.328943 0.597264 0.313635 0.651216 0.313635 0.683891 0.281239 0.803191 0.251335 0.780395 0.262371 0.677052 0.269847 0.614742 0.265575 0.586626
0 0.215379 0.571429 0.221075 0.540274 0.242079 0.540274 0.262371 0.537234 0.269847 0.566109 0.260235 0.655775 0.235671 0.766717 0.208971 0.747720 0.221075 0.669453
