0 0.492026 0.381459 0.491686 0.575988 0.462165 0.569149 0.465558 0.510638 0.469630 0.375380
0 0.493383 0.375380 0.492026 0.579027 0.522565 0.582067 0.520529 0.487842 0.517815 0.368541
0 0.489311 0.591185 0.488972 0.654255 0.492365 0.781155 0.510350 0.777356 0.509332 0.629939 0.508314 0.587386
0 0.509332 0.590426 0.507974 0.791793 0.527995 0.789514 0.530031 0.650456 0.532745 0.591185
0 0.533424 0.590426 0.528334 0.704407 0.526637 0.802432 0.552087 0.800152 0.554462 0.657295 0.550390 0.634498 0.551408 0.612462 0.554801 0.589666
0 0.558534 0.587386 0.553784 0.598024 0.551408 0.607903 0.549372 0.621581 0.550390 0.636778 0.553105 0.646657 0.554123 0.660334 0.554462 0.679331 0.552426 0.819149 0.576179 0.815350 0.580251 0.661854 0.580590 0.637538 0.577536 0.615502 0.576858 0.601064 0.572447 0.591185 0.565660 0.582067 0.564981 0.581307
0 0.584662 0.591185 0.579572 0.590426 0.575161 0.592705 0.571089 0.597264 0.570071 0.606383 0.572107 0.622340 0.574822 0.631459 0.576179 0.641337 0.578894 0.658055 0.593485 0.806231 0.617577 0.796353 0.602647 0.637538 0.604343 0.618541 0.602986 0.602584 0.599253 0.592705 0.595860 0.585106 0.592128 0.584347
0 0.644045 0.566109 0.634544 0.572188 0.626060 0.575228 0.623346 0.587386 0.624024 0.608663 0.632168 0.635258 0.679335 0.766717 0.713268 0.709726 0.701391 0.664894 0.692229 0.645137 0.688497 0.630699 0.683407 0.614742 0.682050 0.602584 0.679335 0.592705 0.676281 0.579787 0.671870 0.568389 0.669155 0.556231 0.664404 0.549392 0.657279 0.552432 0.648456 0.561550
0 0.691551 0.523556 0.677299 0.532675 0.672548 0.538754 0.669155 0.544073 0.669155 0.553191 0.672209 0.567629 0.677299 0.579027 0.682389 0.591185 0.682728 0.602584 0.681710 0.615502 0.691211 0.635258 0.696301 0.653495 0.703767 0.672492 0.727859 0.704407 0.758738 0.641337 0.734645 0.594225 0.725484 0.562310 0.719376 0.512158 0.713607 0.500000 0.705124 0.501520
0 0.488972 0.591185 0.493044 0.800152 0.476077 0.796353 0.468951 0.635258 0.465898 0.587386
0 0.465558 0.585866 0.468612 0.632979 0.476077 0.800152 0.458432 0.799392 0.452664 0.660334 0.449949 0.638298 0.448252 0.620821 0.447234 0.602584 0.447574 0.594225 0.448252 0.588906
0 0.445877 0.586626 0.447234 0.606383 0.447913 0.622340 0.451646 0.636018 0.452324 0.653495 0.452664 0.664134 0.455378 0.797872 0.456057 0.821429 0.429250 0.817629 0.426196 0.666413 0.424499 0.647416 0.424499 0.632219 0.426535 0.618541 0.428232 0.605623 0.429589 0.594225 0.432643 0.592705
0 0.421446 0.588146 0.427893 0.594985 0.429929 0.601064 0.431286 0.613222 0.429929 0.627660 0.427214 0.639058 0.425517 0.645137 0.424839 0.658815 0.428571 0.825228 0.403461 0.819909 0.404479 0.648176 0.403800 0.634498 0.403461 0.617781 0.404140 0.602584 0.409569 0.591945 0.412962 0.582067
0 0.397014 0.582827 0.392603 0.582827 0.389209 0.585106 0.383441 0.587386 0.378351 0.591185 0.376315 0.601824 0.375636 0.615502 0.375636 0.633739 0.368850 0.806231 0.393960 0.812310 0.403461 0.642097 0.407533 0.627660 0.408551 0.616261 0.408551 0.605623 0.407872 0.594985 0.404479 0.588146
0 0.357991 0.555471 0.347811 0.549392 0.342043 0.553951 0.338310 0.566109 0.336953 0.579787 0.336953 0.589666 0.336953 0.607903 0.335596 0.618541 0.330506 0.629939 0.299287 0.737082 0.336274 0.781915 0.377333 0.632219 0.381744 0.618541 0.386155 0.601824 0.387173 0.591185 0.387513 0.579027 0.384798 0.570669 0.378690 0.569149 0.366474 0.563070
0 0.331524 0.555471 0.302681 0.534195 0.286054 0.595745 0.261961 0.674012 0.299966 0.733283 0.330506 0.628419 0.333899 0.613982 0.335935 0.602584 0.337631 0.592705 0.338649 0.582067 0.337292 0.569909 0.335935 0.564590
0 0.520190 0.365502 0.520869 0.541033 0.521887 0.571429 0.533763 0.583587 0.540550 0.566869 0.540889 0.544073 0.540550 0.519757 0.540889 0.490881 0.541228 0.368541
0 0.470309 0.376900 0.466916 0.519757 0.462165 0.572188 0.446216 0.568389 0.446216 0.535714 0.444859 0.502280 0.445877 0.473404 0.458093 0.373860
0 0.541228 0.359422 0.540889 0.515198 0.538174 0.530395 0.542925 0.560790 0.553784 0.579787 0.561927 0.578267 0.565999 0.544073 0.565321 0.359422
0 0.445877 0.362462 0.444859 0.496201 0.444520 0.547112 0.434679 0.575988 0.421446 0.578267 0.415338 0.537994 0.424499 0.371581
0 0.427553 0.356383 0.428571 0.501520 0.431625 0.535714 0.427214 0.563830 0.405836 0.572948 0.399729 0.548632 0.407872 0.361702
0 0.390567 0.366261 0.385816 0.472644 0.377672 0.541033 0.384459 0.562310 0.398711 0.563070 0.408212 0.556991 0.412962 0.356383 0.391924 0.354103
0 0.381065 0.363222 0.389549 0.495441 0.390227 0.517477 0.381744 0.531915 0.365456 0.534954 0.356973 0.522036 0.352223 0.484802 0.352223 0.444529 0.344079 0.381459
0 0.318290 0.382219 0.314897 0.526596 0.326434 0.550912 0.340685 0.554711 0.351883 0.553191 0.357313 0.532675 0.358670 0.520517 0.354598 0.433891 0.348829 0.379939
0 0.640991 0.293313 0.639634 0.399696 0.648795 0.433891 0.680014 0.430091 0.687818 0.412614 0.688497 0.348784 0.686800 0.278116 0.651849 0.279635
0 0.617238 0.421733 0.633186 0.500000 0.632168 0.515198 0.633186 0.534195 0.644045 0.557751 0.654903 0.556991 0.669155 0.541793 0.678656 0.520517 0.677299 0.490122 0.670852 0.459726 0.665083 0.439970 0.658297 0.427052 0.653207 0.426292 0.647099 0.422492 0.644384 0.408055 0.641669 0.397416 0.632168 0.387538 0.626400 0.392097 0.620292 0.398936 0.615541 0.405775
0 0.618256 0.400456 0.633186 0.507599 0.636919 0.522796 0.638616 0.534195 0.637598 0.551672 0.634544 0.557751 0.627757 0.563070 0.617238 0.564590 0.608755 0.563830 0.601289 0.562310 0.594503 0.552432 0.592467 0.533435 0.596539 0.503799 0.599253 0.433131 0.599253 0.394377
0 0.594503 0.378419 0.596878 0.492401 0.601289 0.521277 0.600611 0.554711 0.593824 0.567629 0.587716 0.573708 0.578554 0.566109 0.573465 0.543313 0.574822 0.522796 0.579233 0.476444 0.582287 0.378419
0 0.579572 0.353343 0.584323 0.512158 0.587716 0.566869 0.582287 0.578267 0.574483 0.573708 0.567357 0.570669 0.561927 0.570669 0.556837 0.569909 0.554462 0.565350 0.552087 0.550912 0.551408 0.536474 0.551748 0.522796 0.562606 0.357903
