0 0.497472 0.522036 0.496461 0.478723 0.496461 0.450608 0.496461 0.392857 0.496461 0.351824 0.495787 0.303951 0.487361 0.284195 0.478598 0.287994 0.476913 0.315350 0.474216 0.359422 0.472868 0.405775 0.471183 0.442249 0.470509 0.481763 0.471183 0.526596 0.483316 0.534954
0 0.471857 0.443769 0.471183 0.487842 0.472868 0.522796 0.455005 0.526596 0.450286 0.512158 0.450961 0.479483 0.453994 0.435410 0.454668 0.405015 0.456690 0.379939 0.456690 0.343465 0.457364 0.315350 0.462757 0.300152 0.470172 0.300912 0.473205 0.325228 0.473205 0.366261 0.471857 0.401216
0 0.302663 0.515957 0.296259 0.528875 0.287159 0.551672 0.278396 0.559271 0.268959 0.563070 0.258847 0.566869 0.246377 0.578267 0.242669 0.600304 0.244355 0.625380 0.254466 0.636778 0.270644 0.643617 0.286485 0.637538 0.301989 0.625380 0.316144 0.613222 0.325581 0.591945 0.334681 0.573708 0.337041 0.563830 0.337041 0.553191 0.332996 0.538754 0.322885 0.531915 0.320863 0.519757 0.312774 0.514438
0 0.392653 0.579787 0.389956 0.613222 0.387260 0.636778 0.383889 0.666413 0.381193 0.696809 0.380856 0.731763 0.382204 0.766717 0.387260 0.774316 0.393664 0.775076 0.401079 0.743921 0.402764 0.718845 0.404449 0.680851 0.406808 0.655775 0.410853 0.624620 0.413886 0.598784 0.415571 0.575228 0.415571 0.561550 0.410179 0.557751 0.402764 0.567629
0 0.434783 0.554711 0.433771 0.587386 0.432760 0.618541 0.431412 0.649696 0.431412 0.680091 0.433771 0.713526 0.438153 0.741641 0.443209 0.752280 0.450286 0.748480 0.455005 0.719605 0.456016 0.683891 0.456690 0.635258 0.456690 0.596505 0.456690 0.556991 0.454668 0.546353 0.446579 0.541033 0.435794 0.542553
0 0.456016 0.547112 0.455679 0.588146 0.455679 0.622340 0.455679 0.657295 0.455679 0.696809 0.455679 0.725684 0.462757 0.750000 0.471857 0.750000 0.474216 0.692249 0.474216 0.670213 0.473879 0.627660 0.473879 0.591945 0.473879 0.556991 0.474216 0.534954 0.463094 0.534195
0 0.473205 0.540274 0.472194 0.569909 0.475565 0.608663 0.475565 0.637538 0.475565 0.668693 0.475565 0.702888 0.474216 0.734043 0.481968 0.756839 0.489383 0.747720 0.491405 0.686170 0.492080 0.633739 0.492417 0.600304 0.493091 0.563070 0.493091 0.544833 0.487361 0.534954 0.479609 0.534954
0 0.492417 0.542553 0.494102 0.569909 0.494776 0.612462 0.495113 0.641337 0.495113 0.671733 0.494102 0.702888 0.494102 0.730243 0.501517 0.740122 0.510617 0.723404 0.513313 0.677812 0.514998 0.616261 0.514324 0.594225 0.514324 0.569149 0.512976 0.548632 0.503876 0.536474
0 0.514324 0.548632 0.513987 0.565350 0.516684 0.598024 0.514998 0.618541 0.512976 0.651976 0.511291 0.680851 0.510617 0.721884 0.512976 0.744681 0.519717 0.752280 0.528480 0.721125 0.530502 0.664134 0.533873 0.623100 0.536906 0.584347 0.538591 0.551672 0.528480 0.543313
0 0.537917 0.553191 0.534210 0.592705 0.534210 0.643617 0.534884 0.680091 0.534884 0.718845 0.537917 0.766717 0.546006 0.791793 0.554095 0.800152 0.563195 0.787234 0.567577 0.699088 0.564206 0.636778 0.561510 0.608663 0.556791 0.553191 0.549376 0.548632
0 0.557128 0.579787 0.550725 0.588146 0.559488 0.622340 0.564880 0.659574 0.567914 0.711246 0.569599 0.744681 0.573306 0.779635 0.583418 0.789514 0.589484 0.768997 0.588810 0.721125 0.588810 0.674012 0.585103 0.625380 0.583418 0.592705 0.581732 0.567629 0.571284 0.563830 0.558814 0.563070
0 0.584092 0.571429 0.576677 0.575228 0.577014 0.600304 0.585103 0.635258 0.590495 0.684650 0.596225 0.727204 0.603303 0.770517 0.607685 0.791793 0.618807 0.797872 0.622514 0.781155 0.618807 0.733283 0.614425 0.678571 0.610718 0.639818 0.608022 0.601824 0.605325 0.571429 0.594877 0.566869
0 0.634311 0.563070 0.639703 0.610942 0.648804 0.645897 0.658915 0.677812 0.671722 0.707447 0.691945 0.737842 0.701045 0.743921 0.712841 0.731763 0.718234 0.702888 0.716212 0.670213 0.703404 0.653495 0.688237 0.613222 0.679811 0.583587 0.672396 0.556991 0.665319 0.543313 0.656892 0.549392 0.650826 0.554711 0.640715 0.551672
0 0.669700 0.531915 0.667341 0.546353 0.676441 0.569909 0.682845 0.596505 0.703404 0.653495 0.714526 0.659574 0.724301 0.668693 0.734749 0.674772 0.747893 0.667933 0.751938 0.639058 0.751938 0.607903 0.742838 0.594225 0.736434 0.594225 0.726997 0.587386 0.721604 0.578267 0.716549 0.556991 0.717223 0.528116 0.715538 0.511398 0.709808 0.493921 0.701045 0.493921 0.691945 0.508359 0.679811 0.508359 0.670711 0.519757
0 0.496461 0.479483 0.495787 0.509878 0.499494 0.530395 0.510617 0.538754 0.521065 0.534954 0.522413 0.513678 0.522076 0.474924 0.524772 0.446049 0.526121 0.417933 0.528480 0.391337 0.530502 0.368541 0.532524 0.350304 0.532187 0.326748 0.532524 0.300912 0.526121 0.294073 0.516684 0.294073 0.511291 0.339666 0.506909 0.374620 0.501180 0.408815 0.497472 0.437690
0 0.523087 0.473404 0.522076 0.509878 0.523424 0.534195 0.532524 0.538754 0.542299 0.538754 0.547691 0.513678 0.545669 0.485562 0.545669 0.458967 0.545669 0.432371 0.546680 0.378419 0.546680 0.356383 0.547691 0.312310 0.540276 0.303951 0.533199 0.322948 0.531513 0.366261 0.527806 0.396657 0.524098 0.437690
0 0.544995 0.475684 0.542299 0.511398 0.547017 0.528116 0.553084 0.549392 0.561510 0.549392 0.568588 0.532675 0.567914 0.489362 0.567914 0.454407 0.570610 0.403495 0.573980 0.380699 0.579373 0.331307 0.571621 0.319149 0.563869 0.316869 0.557802 0.337386 0.553084 0.385258 0.549376 0.421733 0.545669 0.455927
0 0.567577 0.484802 0.564206 0.531915 0.571621 0.553191 0.581732 0.557751 0.587799 0.546353 0.588810 0.502280 0.587799 0.487842 0.591507 0.446809 0.594203 0.405015 0.596899 0.372340 0.592181 0.350304 0.587125 0.349544 0.581732 0.370821 0.578699 0.417173 0.572295 0.456687
0 0.636333 0.471125 0.637681 0.514438 0.645096 0.536474 0.654533 0.540274 0.662285 0.531915 0.670037 0.528875 0.677115 0.506079 0.676441 0.471125 0.672396 0.443769 0.676441 0.423252 0.680485 0.395137 0.682508 0.370061 0.681496 0.349544 0.680822 0.332827 0.674419 0.327508 0.664981 0.321429 0.655207 0.319149 0.647792 0.350304 0.641726 0.380699 0.638692 0.398936 0.634985 0.417173 0.633637 0.435410
0 0.455005 0.458207 0.455005 0.493161 0.449612 0.516717 0.436805 0.500000 0.432086 0.467325 0.433771 0.427812 0.431412 0.364742 0.430064 0.322948 0.435457 0.300152 0.444894 0.300152 0.449275 0.333587 0.452983 0.408815
0 0.336367 0.468845 0.329289 0.496201 0.329963 0.518237 0.336367 0.537234 0.344456 0.546353 0.352545 0.555471 0.357263 0.555471 0.366700 0.551672 0.370745 0.518237 0.369397 0.484802 0.370745 0.442249 0.371082 0.405015 0.367374 0.376140 0.361645 0.335106 0.350859 0.323708 0.337041 0.325228 0.332996 0.351824 0.331648 0.402736 0.336367 0.438450
0 0.371756 0.501520 0.368386 0.534954 0.372767 0.560790 0.383889 0.559271 0.390293 0.557751 0.405797 0.544833 0.410179 0.528116 0.410179 0.496201 0.405797 0.444529 0.399393 0.388298 0.395349 0.370821 0.391304 0.345745 0.383889 0.325228 0.374789 0.329027 0.372093 0.376140 0.373778 0.421733
0 0.398382 0.472644 0.400404 0.508359 0.406471 0.538754 0.422312 0.541033 0.427705 0.526596 0.427368 0.487842 0.422986 0.435410 0.419279 0.399696 0.417256 0.370061 0.411864 0.339666 0.405460 0.327508 0.399056 0.355623 0.402090 0.409574
