0 0.474094 0.568389 0.475449 0.616261 0.481883 0.629179 0.497122 0.632219 0.508297 0.621581 0.508297 0.571429 0.503556 0.494681 0.501863 0.420213 0.501185 0.377660 0.495428 0.355623 0.488656 0.362462 0.482560 0.392097 0.482221 0.457447
0 0.454453 0.571429 0.455130 0.601064 0.456485 0.620061 0.471046 0.625380 0.481544 0.613222 0.481544 0.517477 0.484931 0.416413 0.484931 0.386018 0.481206 0.343465 0.470708 0.351824 0.467660 0.449088 0.458178 0.520517 0.454114 0.563070
0 0.435151 0.553191 0.435151 0.592705 0.438198 0.613222 0.444294 0.625380 0.450728 0.625380 0.461565 0.595745 0.465628 0.545593 0.462919 0.496960 0.462242 0.422492 0.462242 0.386018 0.460887 0.335866 0.453099 0.327508 0.447342 0.373860 0.443955 0.434650 0.439553 0.499240
0 0.413478 0.572948 0.423298 0.620821 0.430410 0.619301 0.438876 0.606383 0.445648 0.608663 0.453776 0.596505 0.457162 0.541793 0.449374 0.489362 0.444633 0.393617 0.438537 0.357143 0.426685 0.340426 0.421944 0.341945 0.415510 0.382219 0.413478 0.483283
0 0.399932 0.563070 0.398239 0.604103 0.405012 0.617021 0.413816 0.617781 0.421267 0.610942 0.427023 0.620821 0.435489 0.603343 0.433796 0.544833 0.419912 0.443769 0.412462 0.366261 0.410769 0.360182 0.401287 0.363222 0.399594 0.398176 0.400271 0.535714
0 0.362682 0.537994 0.365052 0.540274 0.360312 0.592705 0.376566 0.615502 0.398578 0.620821 0.413478 0.594985 0.411107 0.537234 0.405012 0.434650 0.399932 0.374620 0.388757 0.335866 0.364714 0.340426 0.357941 0.404255 0.354555 0.443769 0.355909 0.482523
0 0.325432 0.547112 0.324416 0.568389 0.327802 0.594225 0.339655 0.593465 0.355909 0.602584 0.364714 0.605623 0.370471 0.580547 0.371148 0.535714 0.367423 0.430851 0.360312 0.370061 0.338639 0.377660 0.334236 0.411854 0.333220 0.487082
0 0.506265 0.560790 0.505588 0.604103 0.510667 0.621581 0.528276 0.626140 0.543176 0.613222 0.537758 0.541793 0.532001 0.458207 0.530647 0.431611 0.528615 0.374620 0.523874 0.334347 0.518117 0.326748 0.506265 0.366261 0.502878 0.528875
0 0.528954 0.562310 0.532340 0.616261 0.545547 0.626900 0.558077 0.613982 0.562479 0.573708 0.552320 0.493921 0.547579 0.436930 0.547579 0.399696 0.545886 0.360942 0.539451 0.348024 0.527599 0.379939 0.527260 0.465046
0 0.546224 0.560030 0.557399 0.607903 0.566881 0.623860 0.577040 0.617781 0.580088 0.588906 0.572638 0.494681 0.570268 0.406535 0.572977 0.367021 0.572977 0.348024 0.565527 0.338906 0.554013 0.342705 0.551304 0.431611 0.545547 0.516717
0 0.565527 0.569909 0.569590 0.616261 0.575008 0.617021 0.583474 0.601824 0.595327 0.617781 0.601422 0.605623 0.604131 0.574468 0.594988 0.487842 0.594988 0.404255 0.593972 0.364742 0.578395 0.337386 0.566542 0.358663 0.562479 0.474924 0.562140 0.518997
0 0.600068 0.540274 0.594988 0.567629 0.598375 0.600304 0.602100 0.605623 0.617000 0.608663 0.623434 0.595745 0.640366 0.579787 0.635963 0.539514 0.637318 0.478723 0.640366 0.446809 0.639011 0.417933 0.636979 0.376900 0.626820 0.359422 0.620386 0.355623 0.610566 0.376900 0.603793 0.439210 0.604470 0.482523
0 0.636641 0.534954 0.637318 0.570669 0.639011 0.580547 0.659329 0.575228 0.669827 0.568389 0.675584 0.552432 0.668811 0.495441 0.667795 0.397416 0.656959 0.340426 0.650186 0.341945 0.640027 0.376140 0.641382 0.427812
0 0.667795 0.568389 0.654927 0.580547 0.652557 0.607903 0.678632 0.659574 0.712157 0.715046 0.725703 0.726444 0.732814 0.712006 0.725025 0.639058 0.707078 0.571429 0.691500 0.535714 0.676600 0.552432
0 0.618693 0.595745 0.613613 0.612462 0.618354 0.643617 0.644429 0.715805 0.652557 0.752280 0.662377 0.769757 0.674907 0.771277 0.682357 0.746201 0.669489 0.665653 0.658991 0.594225 0.655604 0.585106 0.651541 0.579787 0.647139 0.575228 0.635286 0.587386 0.624788 0.591185
0 0.603793 0.604103 0.593972 0.617781 0.595665 0.646657 0.609550 0.726444 0.618016 0.787994 0.623772 0.806991 0.637657 0.799392 0.631222 0.699088 0.627836 0.628419 0.624450 0.607903 0.613275 0.592705 0.606502 0.594985
0 0.579072 0.604103 0.570945 0.623100 0.570945 0.664894 0.575347 0.773556 0.578395 0.816869 0.589570 0.831307 0.594988 0.818389 0.593634 0.708967 0.595665 0.631459 0.594311 0.614742 0.588215 0.604863 0.584152 0.601824
0 0.561124 0.607903 0.553336 0.622340 0.551304 0.662614 0.550626 0.726444 0.549611 0.803951 0.549272 0.844225 0.558077 0.864742 0.566881 0.854103 0.571283 0.734043 0.571283 0.647416 0.570268 0.620061
0 0.536404 0.610942 0.530985 0.630699 0.532679 0.699848 0.530985 0.765198 0.533017 0.825988 0.536404 0.850304 0.544192 0.851824 0.548933 0.819909 0.548256 0.710486 0.552658 0.651976 0.554352 0.625380 0.551642 0.617021 0.545886 0.610182
0 0.516085 0.621581 0.508635 0.623860 0.510667 0.683891 0.515069 0.774316 0.518794 0.828267 0.522858 0.843465 0.530647 0.837386 0.531663 0.712766 0.531663 0.646657 0.532340 0.629179 0.527599 0.623100
0 0.495428 0.622340 0.490010 0.626140 0.490687 0.662614 0.492719 0.741641 0.496106 0.814590 0.500847 0.836626 0.511683 0.832827 0.509990 0.712766 0.509990 0.636018 0.509651 0.623100 0.506603 0.617021 0.497460 0.617781
0 0.472740 0.619301 0.467999 0.623860 0.471724 0.684650 0.476126 0.778116 0.478496 0.832827 0.481206 0.855623 0.487978 0.859422 0.495428 0.844985 0.495767 0.734043 0.491365 0.672492 0.490349 0.632219 0.488994 0.619301 0.484592 0.612462
0 0.453099 0.613222 0.448696 0.629179 0.448019 0.661854 0.451405 0.769757 0.452421 0.819909 0.462242 0.875380 0.473417 0.878419 0.478158 0.868541 0.475449 0.774316 0.471724 0.651976 0.468337 0.620061 0.463258 0.605623 0.457162 0.608663
0 0.435151 0.614742 0.428717 0.630699 0.425669 0.661094 0.429394 0.768997 0.431764 0.844985 0.437521 0.866261 0.446326 0.862462 0.450389 0.753040 0.456146 0.658815 0.454792 0.630699 0.451405 0.622340 0.445310 0.619301 0.443617 0.606383
0 0.410091 0.608663 0.402303 0.642097 0.406028 0.726444 0.402641 0.800152 0.406028 0.819909 0.416526 0.839666 0.426685 0.762158 0.436505 0.672492 0.442939 0.631459 0.440230 0.611702 0.434135 0.616261 0.427701 0.621581 0.423637 0.607143 0.419573 0.606383 0.411785 0.606383
0 0.345073 0.594225 0.338639 0.598024 0.333898 0.625380 0.326786 0.670213 0.310193 0.739362 0.309177 0.794833 0.328141 0.799392 0.362343 0.734043 0.384016 0.673252 0.393837 0.640578 0.394175 0.624620 0.387064 0.613982 0.379614 0.613222 0.371825 0.607903 0.366746 0.600304 0.357264 0.597264
0 0.302743 0.564590 0.296647 0.581307 0.289875 0.631459 0.277345 0.703647 0.273959 0.730243 0.281070 0.753040 0.294277 0.753040 0.318320 0.702888 0.332543 0.653495 0.342025 0.637538 0.348798 0.617021 0.347782 0.596505 0.341348 0.587386 0.328141 0.579027 0.318659 0.572188 0.310193 0.564590
