0 0.522315 0.443484 0.525105 0.569814 0.573222 0.572473 0.569735 0.515293 0.572873 0.446809 0.582985 0.297207 0.544282 0.298537
0 0.525105 0.569149 0.522315 0.442819 0.497908 0.281250 0.458508 0.300532 0.478731 0.464096 0.483612 0.567154
0 0.482566 0.551197 0.479428 0.464096 0.457113 0.291223 0.426430 0.317819 0.434449 0.342420 0.438982 0.367021 0.444561 0.430851 0.451185 0.486037 0.450488 0.502660 0.451534 0.517287 0.452232 0.541888 0.453278 0.556516
0 0.422245 0.283910 0.436192 0.341755 0.443515 0.422207 0.451185 0.484707 0.450488 0.502660 0.451534 0.517952 0.452580 0.543218 0.450488 0.548537 0.415272 0.548537 0.417713 0.507314 0.417015 0.467420 0.410042 0.390293 0.394003 0.288564
0 0.387378 0.533245 0.420153 0.521277 0.418410 0.503989 0.423989 0.495346 0.421548 0.466755 0.389470 0.331782 0.382148 0.303856 0.364714 0.320479 0.373082 0.394282 0.385286 0.474069 0.382845 0.487367 0.383891 0.496676 0.384589 0.504654 0.385983 0.509973 0.387727 0.520612
0 0.355997 0.538564 0.388773 0.535904 0.389470 0.499335 0.384937 0.470080 0.364714 0.331117 0.360879 0.315160 0.339609 0.335106 0.349721 0.458112 0.351464 0.496676 0.353208 0.518617
0 0.291492 0.531915 0.354254 0.537899 0.348326 0.435505 0.339261 0.286569 0.308229 0.287234 0.306485 0.401596 0.299163 0.480053 0.298815 0.507314
0 0.237448 0.480053 0.252092 0.500665 0.267782 0.513963 0.284519 0.521941 0.299861 0.518617 0.299512 0.480718 0.306137 0.398936 0.307880 0.312500 0.305091 0.262633 0.303347 0.228723 0.276151 0.230053 0.274756 0.316489 0.273710 0.352394 0.273710 0.380319 0.266736 0.408245 0.251743 0.444149
0 0.255927 0.237367 0.274407 0.315824 0.274059 0.351064 0.273710 0.380984 0.266039 0.412234 0.252092 0.444149 0.233961 0.447473 0.222803 0.382314 0.221409 0.317154 0.219317 0.249335
0 0.569038 0.537234 0.577057 0.545213 0.593445 0.544548 0.604603 0.539229 0.603556 0.504654 0.604603 0.473404 0.614365 0.293218 0.585425 0.292553 0.571130 0.487367 0.569386 0.514628
0 0.603208 0.504654 0.601464 0.547872 0.638773 0.553856 0.640167 0.512633 0.644003 0.466090 0.653417 0.259973 0.619944 0.264628 0.604603 0.472739
0 0.654812 0.305186 0.641911 0.474069 0.637029 0.494016 0.637029 0.505984 0.639470 0.515957 0.641213 0.540559 0.667364 0.546543 0.677127 0.523936 0.674338 0.507979 0.674338 0.492686 0.679219 0.305851
0 0.681311 0.304521 0.673989 0.492686 0.673989 0.508644 0.677476 0.524601 0.680265 0.537234 0.715132 0.534574 0.709554 0.518617 0.705021 0.505984 0.705021 0.488697 0.705370 0.470745 0.709554 0.458777 0.710948 0.299202 0.682706 0.290559
0 0.715132 0.533910 0.709205 0.518617 0.705021 0.505984 0.705021 0.488032 0.705021 0.470745 0.709554 0.457447 0.713389 0.262633 0.751395 0.273936 0.753487 0.454122 0.756625 0.467420 0.757671 0.478723 0.758717 0.492021 0.755579 0.531915
0 0.757322 0.478059 0.758368 0.497340 0.759763 0.525931 0.785565 0.521941 0.817992 0.495346 0.795676 0.405585 0.788354 0.408245 0.783124 0.402261 0.777894 0.380984 0.777894 0.366356 0.774407 0.353723 0.776151 0.344415 0.774407 0.325133 0.770223 0.278590 0.751743 0.281250 0.753138 0.427527 0.753835 0.454787 0.756625 0.467420
0 0.770223 0.277926 0.774059 0.324468 0.775802 0.345080 0.774407 0.354388 0.777545 0.367021 0.777545 0.380984 0.780335 0.395612 0.785914 0.408910 0.792538 0.418883 0.849024 0.403590 0.838563 0.212766 0.767085 0.238032
0 0.519177 0.591090 0.518480 0.640293 0.525105 0.790559 0.559972 0.786569 0.551953 0.628324 0.551604 0.598404
0 0.546722 0.588431 0.551255 0.597739 0.551953 0.629654 0.558577 0.836436 0.601464 0.828457 0.586471 0.678856 0.586820 0.620346 0.580544 0.569149
0 0.586820 0.589761 0.586123 0.658910 0.586471 0.699468 0.610879 0.868351 0.673989 0.833777 0.640865 0.677527 0.635983 0.652926 0.612971 0.573138
0 0.624128 0.590426 0.630404 0.636968 0.635983 0.653590 0.640865 0.678191 0.647838 0.710106 0.674338 0.864362 0.714435 0.841755 0.691771 0.787234 0.670851 0.639628 0.666667 0.613032 0.657601 0.575798
0 0.660739 0.579122 0.665272 0.609043 0.668061 0.620346 0.702929 0.857713 0.743724 0.832447 0.714435 0.638298 0.706416 0.606383 0.704672 0.568484
0 0.704324 0.567819 0.706416 0.605718 0.714784 0.639628 0.742329 0.817154 0.809972 0.775266 0.769874 0.611037 0.762552 0.555851
0 0.762552 0.554521 0.770572 0.613032 0.814505 0.791223 0.872734 0.736037 0.829149 0.660904 0.823222 0.641622 0.825314 0.634973 0.823222 0.617686 0.829498 0.606383 0.828103 0.561835 0.812413 0.529920
0 0.829498 0.605718 0.823222 0.617686 0.824965 0.634973 0.823222 0.641622 0.829149 0.660904 0.851813 0.700133 0.895397 0.708777 0.910739 0.691489 0.900976 0.547207 0.828103 0.560505
0 0.519177 0.588431 0.484310 0.585106 0.482566 0.688165 0.482915 0.813165 0.522315 0.809176 0.517782 0.640957
0 0.447699 0.578457 0.485007 0.581782 0.482915 0.690160 0.482218 0.817819 0.451534 0.813165 0.456067 0.700798 0.448745 0.636968
0 0.415969 0.571144 0.443515 0.570479 0.447350 0.577793 0.448396 0.635638 0.455718 0.700798 0.450837 0.812500 0.425035 0.922207 0.383194 0.904920 0.380753 0.823803 0.397141 0.751330 0.404463 0.698138 0.415621 0.627660 0.417364 0.597074
0 0.377615 0.558511 0.417015 0.566489 0.416318 0.572473 0.417364 0.598404 0.415272 0.628324 0.404463 0.699468 0.399930 0.731383 0.397141 0.752660 0.387378 0.796543 0.386681 0.827793 0.383891 0.855053 0.361227 0.864362 0.351464 0.831117 0.362273 0.783245 0.367852 0.745346 0.376569 0.622340
0 0.333333 0.565160 0.377266 0.573138 0.377266 0.607713 0.363668 0.789894 0.355997 0.851064 0.306834 0.827793
0 0.291492 0.541888 0.328103 0.589761 0.329149 0.612367 0.323570 0.644947 0.248257 0.767952 0.240586 0.778590 0.212692 0.730053 0.264993 0.621676 0.271269 0.592420 0.275453 0.559176
0 0.231869 0.521277 0.274407 0.571144 0.271967 0.587766 0.268131 0.608378 0.264644 0.624335 0.211646 0.734043 0.169805 0.646941
