0 0.498257 0.270612 0.513598 0.488032 0.513598 0.519947 0.479428 0.520612 0.478033 0.496011 0.477336 0.468085 0.477336 0.454787 0.464784 0.284574
0 0.460948 0.282580 0.476639 0.457447 0.481869 0.470080 0.481869 0.478723 0.481869 0.489362 0.478033 0.500000 0.470711 0.509309 0.463738 0.517287 0.453975 0.507314 0.452580 0.486702 0.451883 0.442154 0.438982 0.287234
0 0.430962 0.263963 0.451534 0.445479 0.452580 0.463431 0.453975 0.478723 0.454672 0.493351 0.453278 0.507979 0.448047 0.518617 0.435844 0.521941 0.428522 0.520612 0.422943 0.507314 0.420153 0.496011 0.419456 0.487367 0.420851 0.465426 0.419456 0.380984 0.408298 0.273271
0 0.406904 0.267287 0.419107 0.390957 0.422943 0.470080 0.422943 0.487367 0.417364 0.501995 0.409693 0.513963 0.404463 0.515293 0.399233 0.509309 0.395397 0.497340 0.392259 0.486702 0.391562 0.470745 0.387378 0.274601
0 0.382497 0.262633 0.390167 0.426862 0.390516 0.466090 0.390516 0.483378 0.389121 0.496676 0.381450 0.505319 0.373780 0.504654 0.365411 0.500000 0.362273 0.495346 0.361227 0.484043 0.362273 0.468750 0.361227 0.428191 0.353556 0.274601
0 0.301604 0.292553 0.316946 0.428191 0.317294 0.449468 0.317294 0.462766 0.314854 0.476729 0.314156 0.486702 0.321130 0.496676 0.332985 0.504654 0.342399 0.504654 0.350070 0.503324 0.356695 0.496011 0.362622 0.480053 0.362622 0.385638 0.354254 0.271277
0 0.252092 0.304521 0.268131 0.428191 0.262901 0.478723 0.280683 0.496011 0.295328 0.494681 0.310669 0.488697 0.316597 0.482048 0.318340 0.428191 0.301604 0.278590
0 0.508368 0.275266 0.512901 0.518617 0.530683 0.518617 0.549163 0.515957 0.551953 0.505984 0.546025 0.486702 0.543584 0.456117 0.543236 0.418883 0.542190 0.263963
0 0.542887 0.264628 0.543933 0.450798 0.543933 0.462766 0.543584 0.474734 0.546374 0.492686 0.549163 0.504654 0.558577 0.512633 0.567643 0.513298 0.570084 0.513298 0.574616 0.489362 0.574268 0.470080 0.572176 0.429521 0.571827 0.262633
0 0.582287 0.264628 0.574616 0.405585 0.569038 0.436835 0.568340 0.451463 0.571130 0.470745 0.574616 0.487367 0.578801 0.503989 0.585077 0.513298 0.593445 0.513963 0.600070 0.507979 0.603905 0.494681 0.604951 0.467420 0.616109 0.251330 0.586471 0.242021
0 0.618898 0.247340 0.602162 0.406250 0.595188 0.450133 0.594491 0.465426 0.597629 0.478723 0.610879 0.496676 0.620642 0.507979 0.627964 0.503989 0.632497 0.494681 0.634589 0.485372 0.634589 0.471410 0.634937 0.458777 0.638075 0.445479 0.641213 0.433511 0.656904 0.259973
0 0.667713 0.275266 0.648536 0.369016 0.645746 0.390957 0.643654 0.404920 0.640167 0.420878 0.637727 0.438830 0.637029 0.448803 0.635286 0.461436 0.634240 0.478059 0.634589 0.492021 0.640167 0.503324 0.648884 0.511303 0.653766 0.512633 0.660739 0.504654 0.664923 0.496011 0.667713 0.486702 0.670502 0.466755 0.693166 0.279255 0.669456 0.262633
0 0.691074 0.285904 0.675732 0.404255 0.665272 0.497340 0.673640 0.511303 0.683403 0.518617 0.693863 0.520612 0.703975 0.519947 0.713389 0.513963 0.718271 0.503324 0.718619 0.487367 0.717922 0.463431 0.729428 0.293883
0 0.730474 0.291223 0.719317 0.409574 0.717225 0.475399 0.720014 0.501330 0.727336 0.513298 0.740237 0.509973 0.750697 0.507314 0.760112 0.501330 0.763250 0.490691 0.765690 0.478723 0.763250 0.454787 0.760112 0.434840 0.759414 0.409574 0.759763 0.383644 0.761506 0.360372 0.761506 0.334441 0.759414 0.311835 0.740237 0.296543
0 0.758368 0.338431 0.753487 0.440160 0.752092 0.460771 0.753835 0.474069 0.759066 0.490691 0.766736 0.501995 0.782427 0.501330 0.796025 0.487367 0.804742 0.480718 0.808229 0.462766 0.802999 0.425532 0.796722 0.398936 0.794630 0.362367 0.789052 0.333112 0.777894 0.320479 0.771618 0.318484 0.765342 0.321809
0 0.526499 0.533245 0.528243 0.552527 0.517085 0.718750 0.533821 0.721410 0.547420 0.585771 0.552301 0.531915 0.529986 0.523271
0 0.553347 0.528590 0.547420 0.602394 0.534170 0.737367 0.556834 0.742686 0.572873 0.607713 0.577406 0.571144 0.578103 0.555851 0.572873 0.539894 0.564854 0.531915 0.560669 0.528590
0 0.577406 0.527926 0.571478 0.549202 0.573570 0.577793 0.575314 0.809840 0.603208 0.806516 0.604951 0.604388 0.608438 0.573138 0.609833 0.558511 0.609135 0.539229 0.600767 0.529920 0.593096 0.525931 0.584379 0.527261
0 0.618201 0.542553 0.609484 0.561170 0.609135 0.570479 0.609135 0.584441 0.614365 0.786569 0.645049 0.773271 0.641562 0.592420 0.641911 0.565160 0.640167 0.546543 0.628312 0.539894 0.621339 0.539894
0 0.653417 0.547207 0.643305 0.565160 0.642259 0.578457 0.644003 0.601729 0.660042 0.795878 0.693166 0.773936 0.678173 0.598404 0.677127 0.581117 0.677127 0.567819 0.676081 0.557181 0.668759 0.545878 0.659344 0.542553
0 0.701534 0.540559 0.682008 0.552527 0.676430 0.587766 0.686541 0.644947 0.739888 0.759309 0.787308 0.708777 0.729428 0.583112 0.726987 0.560505 0.723849 0.545213 0.718271 0.538564 0.708856 0.532580
0 0.736053 0.525266 0.725593 0.557846 0.730474 0.587101 0.793933 0.704122 0.815551 0.654920 0.785914 0.563165 0.778940 0.536569 0.770921 0.519282 0.759763 0.510638 0.747908 0.513298
0 0.525802 0.535239 0.528243 0.555186 0.518480 0.740691 0.503138 0.740691 0.503138 0.599734 0.505579 0.533245
0 0.495816 0.530585 0.481520 0.529920 0.480823 0.567154 0.475593 0.749335 0.500349 0.750665 0.503835 0.578457 0.506276 0.533245
0 0.474198 0.527926 0.451534 0.538564 0.451534 0.567819 0.448047 0.622340 0.436192 0.789229 0.460948 0.795878 0.479428 0.591090 0.480823 0.557846 0.479777 0.528590
0 0.450139 0.549202 0.438285 0.537234 0.422245 0.557181 0.422245 0.574468 0.417364 0.599734 0.400976 0.775266 0.428173 0.783910 0.448047 0.593085 0.453278 0.575798 0.450837 0.559176
0 0.407950 0.547872 0.397490 0.551197 0.394351 0.557846 0.392957 0.564495 0.389470 0.575798 0.387727 0.583112 0.385286 0.595080 0.362971 0.763298 0.391562 0.777926 0.418061 0.585106 0.421548 0.571809 0.423640 0.561835 0.422943 0.552527 0.414923 0.546543
0 0.349372 0.528590 0.345188 0.538564 0.344491 0.543218 0.344142 0.553191 0.341702 0.562500 0.338563 0.571144 0.303347 0.729388 0.350070 0.755984 0.379010 0.617686 0.387727 0.593085 0.390516 0.577793 0.394351 0.563165 0.396444 0.549202 0.384937 0.537234 0.374477 0.532580 0.362273 0.528590 0.351813 0.526596
0 0.326709 0.515293 0.312064 0.509309 0.302650 0.507979 0.296374 0.513963 0.291492 0.522606 0.289749 0.545213 0.257671 0.694814 0.289052 0.720745 0.324616 0.624335 0.341702 0.569149 0.346932 0.546543 0.339958 0.528590 0.334031 0.521941
0 0.264296 0.494016 0.254184 0.494016 0.247559 0.494681 0.241283 0.502660 0.238145 0.521277 0.238145 0.539894 0.237448 0.690824 0.265342 0.689495 0.286611 0.572473 0.291841 0.540559 0.291144 0.515957 0.285914 0.502660 0.271967 0.492686 0.266388 0.491356
