0 0.468728 0.522796 0.502108 0.522036 0.493324 0.275076 0.474350 0.276596 0.466268 0.472644
0 0.444132 0.524316 0.466268 0.510638 0.468025 0.398176 0.472593 0.287234 0.452916 0.288754 0.440618 0.427812 0.436051 0.486322
0 0.419185 0.524316 0.441673 0.498480 0.441673 0.394377 0.427266 0.243921 0.407941 0.253040 0.412157 0.351064 0.409698 0.422492 0.406535 0.471884 0.407941 0.512158
0 0.385453 0.516717 0.397751 0.515198 0.408995 0.528875 0.422347 0.491641 0.417779 0.384498 0.398454 0.251520 0.375966 0.261398 0.382642 0.358663 0.378426 0.430851 0.378426 0.467325 0.381588 0.503799
0 0.357695 0.512158 0.368236 0.517477 0.388264 0.512158 0.387913 0.474164 0.373858 0.288754 0.361911 0.294833 0.355938 0.459726 0.352073 0.479483
0 0.281799 0.491641 0.304287 0.505319 0.319396 0.500000 0.322558 0.465805 0.316233 0.396657 0.293043 0.316869 0.272312 0.326748 0.274069 0.415653 0.276177 0.443009 0.274069 0.463526
0 0.505271 0.522796 0.535137 0.524316 0.537245 0.470365 0.533380 0.275076 0.510190 0.277356 0.504568 0.444529
0 0.540408 0.509878 0.561490 0.517477 0.566760 0.470365 0.557976 0.280395 0.537245 0.282675 0.539705 0.410334 0.539705 0.455167
0 0.566760 0.512158 0.589951 0.528875 0.601195 0.512158 0.602249 0.467325 0.599086 0.299392 0.579761 0.304711 0.570977 0.422492 0.567814 0.471884
0 0.602952 0.529635 0.630007 0.527356 0.633872 0.475684 0.637034 0.339666 0.611736 0.346505 0.600492 0.463526 0.594167 0.477204 0.593113 0.501520
0 0.632467 0.527356 0.657414 0.524316 0.660576 0.503799 0.659522 0.479483 0.658819 0.351824 0.643008 0.351824 0.630007 0.427052 0.630007 0.472644 0.624385 0.484043 0.626142 0.508359
0 0.706606 0.528875 0.738580 0.531155 0.747365 0.500000 0.743500 0.453647 0.744905 0.421733 0.748419 0.335866 0.716444 0.338906 0.707309 0.406535 0.708363 0.443009 0.701335 0.484802
0 0.505622 0.534195 0.528461 0.535714 0.527758 0.736322 0.511947 0.737842
0 0.528461 0.536474 0.550949 0.546353 0.546381 0.768997 0.531975 0.768997
0 0.552706 0.534195 0.580464 0.548632 0.577301 0.774316 0.557273 0.775836
0 0.578004 0.548632 0.597330 0.543313 0.614898 0.558511 0.613141 0.586626 0.602249 0.790274 0.585383 0.787994
0 0.608573 0.548632 0.642656 0.558511 0.643008 0.589666 0.634223 0.798632 0.618763 0.791793
0 0.670063 0.560790 0.703443 0.539514 0.721012 0.544833 0.725931 0.577508 0.730850 0.610182 0.761068 0.693009 0.725931 0.745441 0.690091 0.646657 0.673226 0.604863
0 0.480675 0.539514 0.503865 0.536474 0.497540 0.721125 0.483837 0.718845
0 0.458538 0.536474 0.482431 0.531155 0.481729 0.596505 0.479972 0.748480 0.463106 0.750000
0 0.427969 0.553191 0.443078 0.531155 0.456781 0.548632 0.461701 0.802432 0.444132 0.802432
0 0.404779 0.541033 0.416725 0.536474 0.426564 0.541033 0.437456 0.562310 0.431131 0.591185 0.421644 0.779635 0.405833 0.772796
0 0.383345 0.536474 0.397751 0.528875 0.414617 0.541033 0.412157 0.574468 0.410401 0.607143 0.391075 0.781155 0.373858 0.779635
0 0.342586 0.534195 0.358398 0.522796 0.379480 0.518997 0.390372 0.541793 0.385805 0.582827 0.361560 0.762158 0.321152 0.743161 0.338370 0.600304
0 0.294800 0.516717 0.343992 0.532675 0.340829 0.585866 0.293746 0.740122 0.266690 0.719605 0.279691 0.615502 0.285664 0.585866 0.287421 0.541033
