0 0.478364 0.547872 0.488506 0.563830 0.507776 0.572188 0.508452 0.503799 0.502705 0.231003 0.486139 0.232523 0.480392 0.418693 0.477688 0.489362 0.475321 0.520517
0 0.458756 0.534954 0.477688 0.537994 0.481744 0.458967 0.477688 0.242401 0.463151 0.238602 0.459432 0.398936 0.460446 0.473404 0.456728 0.500760
0 0.432387 0.510638 0.440162 0.544073 0.457404 0.526596 0.462475 0.442249 0.464503 0.190729 0.449628 0.192249 0.438134 0.379939 0.437458 0.465046
0 0.409398 0.496201 0.417174 0.531155 0.436444 0.512158 0.443205 0.481003 0.442529 0.225684 0.424949 0.229483 0.415822 0.379939 0.410074 0.457447
0 0.353279 0.450608 0.351589 0.506079 0.361731 0.523556 0.378972 0.531155 0.394185 0.518237 0.397566 0.418693 0.394861 0.234043 0.372549 0.238602 0.368830 0.351824 0.359026 0.414894
0 0.315078 0.481003 0.323529 0.487842 0.338742 0.505319 0.348884 0.505319 0.358012 0.468845 0.355308 0.414894 0.363083 0.274316 0.349561 0.277356 0.330291 0.357143 0.321501 0.405015 0.315754 0.453647
0 0.295470 0.334347 0.311359 0.357143 0.332995 0.368541 0.344490 0.331307 0.352603 0.229483 0.318458 0.192249 0.303584 0.234043 0.300541 0.277356 0.290737 0.311550
0 0.511494 0.575228 0.527383 0.570669 0.541582 0.553951 0.538201 0.466565 0.533130 0.224164 0.511494 0.224164 0.509128 0.453647 0.507776 0.516717 0.506423 0.556991
0 0.537187 0.544833 0.560176 0.541033 0.558147 0.466565 0.558147 0.387538 0.552400 0.243921 0.533130 0.258359 0.536511 0.411854 0.535159 0.492401
0 0.561190 0.534954 0.577417 0.541033 0.583164 0.515198 0.588235 0.400456 0.570318 0.222644 0.554429 0.234043 0.559500 0.377660 0.556119 0.431611 0.555105 0.474924
0 0.508452 0.581307 0.528059 0.588146 0.532792 0.796353 0.510142 0.796353
0 0.525693 0.579787 0.543949 0.578267 0.549358 0.659574 0.551724 0.817629 0.537187 0.810030 0.530764 0.642857
0 0.542934 0.565350 0.570318 0.573708 0.573360 0.646657 0.584855 0.864742 0.565923 0.869301 0.549696 0.648176
0 0.569642 0.601064 0.577755 0.568389 0.597025 0.586626 0.598377 0.629939 0.604801 0.863222 0.588235 0.864742 0.572684 0.658055
0 0.588235 0.582067 0.590602 0.566869 0.605815 0.556991 0.625085 0.572188 0.620014 0.638298 0.627113 0.822948 0.607843 0.835866 0.595673 0.642857
0 0.609195 0.565350 0.626437 0.544073 0.645368 0.544073 0.658215 0.552432 0.655849 0.610942 0.679175 0.761398 0.650101 0.788754 0.626437 0.694529 0.620014 0.662614 0.617309 0.622340 0.611224 0.596505
0 0.648749 0.586626 0.643002 0.544073 0.655849 0.537994 0.666667 0.516717 0.675456 0.512158 0.685598 0.509119 0.698445 0.552432 0.701149 0.594985 0.743070 0.725684 0.704868 0.764438 0.684584 0.683891 0.668357 0.638298 0.658215 0.617021
0 0.487492 0.578267 0.510142 0.578267 0.508452 0.652736 0.507776 0.810030 0.490534 0.820669 0.487492 0.696809 0.487492 0.612462
0 0.468898 0.575228 0.488506 0.578267 0.486815 0.672492 0.482759 0.840426 0.466193 0.843465
0 0.447262 0.578267 0.470250 0.568389 0.468898 0.655775 0.454699 0.861702 0.436444 0.866261 0.440838 0.645897
0 0.420216 0.579787 0.432387 0.570669 0.449628 0.586626 0.448952 0.618541 0.442191 0.668693 0.435091 0.866261 0.416498 0.861702 0.418526 0.694529 0.418526 0.620821
0 0.395538 0.592705 0.395538 0.569909 0.414469 0.565350 0.425963 0.582067 0.422245 0.617021 0.416498 0.672492 0.403651 0.840426 0.384719 0.827508 0.395538 0.664134
0 0.342461 0.544833 0.359703 0.556991 0.376268 0.573708 0.376944 0.620061 0.357336 0.655775 0.340095 0.698328 0.299865 0.753040 0.279243 0.724164 0.302907 0.651216 0.325220 0.604103 0.336714 0.562310
0 0.297836 0.502280 0.318458 0.516717 0.340771 0.544073 0.328600 0.605623 0.313049 0.626900 0.269101 0.754559 0.234618 0.649696 0.288371 0.547872 0.285666 0.520517
