0 0.491686 0.426292 0.493044 0.478723 0.486597 0.491641 0.463522 0.477204 0.461826 0.454407 0.464201 0.417173 0.463522 0.379939 0.458093 0.288754 0.455378 0.274316 0.456736 0.256839 0.462504 0.245441 0.471666 0.265957 0.477095 0.294073 0.480149 0.327508
0 0.443163 0.378419 0.441127 0.425532 0.441127 0.458207 0.445199 0.477204 0.456057 0.477204 0.461826 0.462766 0.461826 0.433891 0.460808 0.398936 0.461486 0.316869 0.461826 0.284195 0.461486 0.261398 0.457075 0.249240 0.449949 0.259878 0.446895 0.288754
0 0.420088 0.430091 0.422803 0.468845 0.426535 0.484802 0.441466 0.470365 0.445877 0.431611 0.444859 0.385258 0.443163 0.303951 0.443163 0.259878 0.443502 0.233283 0.443502 0.208207 0.432304 0.196049 0.417713 0.205927 0.415677 0.363982
0 0.404818 0.414894 0.404479 0.452128 0.408212 0.479483 0.416016 0.479483 0.424839 0.466565 0.433322 0.448328 0.433322 0.395137 0.426875 0.347264 0.414998 0.216565 0.413641 0.205927 0.402104 0.195289 0.400407 0.218085
0 0.388870 0.411094 0.385477 0.442249 0.390227 0.458207 0.399050 0.471125 0.408212 0.461246 0.416016 0.452888 0.416016 0.432371 0.413980 0.376140 0.409569 0.321429 0.403800 0.263678 0.400068 0.196049 0.393960 0.177812 0.387513 0.185410 0.382762 0.204407 0.384798 0.246960 0.389888 0.335866
0 0.494740 0.421733 0.494740 0.468845 0.497455 0.487082 0.508314 0.491641 0.524601 0.483283 0.524941 0.456687 0.522226 0.419453 0.517815 0.298632 0.517815 0.271277 0.519172 0.243161 0.519511 0.226444 0.517475 0.215805 0.515100 0.208967 0.505599 0.204407 0.498812 0.208967 0.494740 0.241641 0.493383 0.317629
0 0.522565 0.421733 0.522565 0.462006 0.523923 0.476444 0.532067 0.487842 0.543604 0.493921 0.548015 0.456687 0.545300 0.432371 0.543604 0.360942 0.540210 0.285714 0.538174 0.260638 0.536817 0.233283 0.533424 0.214286 0.523583 0.207447 0.518493 0.216565 0.519172 0.248480 0.521208 0.327508
0 0.544622 0.430091 0.542246 0.477204 0.552087 0.495441 0.562945 0.498480 0.569732 0.483283 0.570750 0.436930 0.571768 0.388298 0.571768 0.335866 0.571768 0.297112 0.571768 0.255319 0.569732 0.216565 0.569393 0.185410 0.559552 0.172492 0.547336 0.186930 0.546318 0.245441
0 0.578554 0.436930 0.578554 0.468845 0.583644 0.481763 0.590092 0.486322 0.599932 0.481763 0.607058 0.476444 0.605701 0.445289 0.604343 0.370821 0.605701 0.299392 0.607058 0.251520 0.606719 0.206687 0.606719 0.177052 0.599593 0.160334 0.590431 0.168693 0.586020 0.210486 0.580590 0.340426
0 0.510010 0.500760 0.510350 0.550152 0.513064 0.604863 0.513064 0.645897 0.513743 0.676292 0.514761 0.702128 0.522565 0.722644 0.531727 0.692249 0.529691 0.536474 0.529691 0.508359 0.526298 0.487082
0 0.527995 0.498480 0.525959 0.550152 0.531388 0.578267 0.532406 0.613982 0.536138 0.680091 0.537156 0.704407 0.543264 0.718085 0.555480 0.705927 0.558534 0.674772 0.560231 0.622340 0.553105 0.536474 0.551408 0.518237 0.549712 0.498480 0.544961 0.488602
0 0.552087 0.509119 0.545640 0.514438 0.544961 0.540274 0.554801 0.588146 0.558195 0.626140 0.560231 0.652736 0.561927 0.696809 0.569053 0.721884 0.576858 0.710486 0.577197 0.636018 0.576858 0.598024 0.577197 0.556991 0.572786 0.512158 0.570750 0.496960 0.561927 0.493921 0.555819 0.496201
0 0.570750 0.499240 0.565321 0.503799 0.564981 0.530395 0.577197 0.669453 0.581269 0.702888 0.591110 0.718845 0.598575 0.691489 0.596200 0.596505 0.595182 0.541793 0.594164 0.503799 0.584323 0.495441
0 0.587377 0.490881 0.580590 0.499240 0.580251 0.517477 0.585680 0.549392 0.590092 0.579027 0.601629 0.668693 0.610791 0.728723 0.626739 0.742401 0.642687 0.737082 0.648117 0.714286 0.648117 0.672492 0.637937 0.592705 0.632847 0.563830 0.632168 0.540274 0.630132 0.504559 0.630132 0.488602 0.624364 0.483283 0.615541 0.487842 0.602986 0.487842
0 0.620292 0.476444 0.616899 0.494681 0.620292 0.516717 0.628775 0.554711 0.634204 0.573708 0.639634 0.606383 0.653207 0.659574 0.661011 0.685410 0.669155 0.695289 0.678656 0.691489 0.686461 0.672492 0.687139 0.638298 0.677638 0.571429 0.672548 0.521277 0.668137 0.491641 0.661011 0.457447 0.651849 0.449848 0.635222 0.462766
0 0.659654 0.433891 0.657618 0.448328 0.662369 0.477204 0.668476 0.506839 0.673906 0.528875 0.680353 0.559271 0.688157 0.608663 0.693926 0.628419 0.704106 0.649696 0.718358 0.657295 0.730913 0.645897 0.729895 0.582827 0.721751 0.544833 0.714286 0.507599 0.713946 0.491641 0.711571 0.445289 0.709196 0.428571 0.702749 0.420213 0.689515 0.414894 0.676620 0.419453 0.671191 0.426292
0 0.498812 0.501520 0.496098 0.561550 0.496098 0.591945 0.494401 0.617021 0.494401 0.645897 0.494401 0.678571 0.486257 0.682371 0.478792 0.648176 0.479810 0.540274 0.479810 0.500000 0.481507 0.487082
0 0.460129 0.482523 0.459111 0.496201 0.459111 0.555471 0.459790 0.593465 0.460468 0.635258 0.461147 0.660334 0.463862 0.687690 0.468273 0.712006 0.475738 0.707447 0.480149 0.659574 0.480149 0.547112 0.480149 0.492401
0 0.299966 0.408055 0.284357 0.417173 0.282321 0.459726 0.280964 0.500000 0.274856 0.531915 0.267391 0.556231 0.262301 0.608663 0.262301 0.633739 0.271802 0.662614 0.281642 0.661094 0.294876 0.648176 0.309807 0.611702 0.324398 0.527356 0.330166 0.503040 0.335596 0.478723 0.340685 0.445289 0.340007 0.417933 0.327791 0.417173 0.314218 0.408815
0 0.335596 0.444529 0.328470 0.462006 0.323719 0.496960 0.308449 0.671733 0.317611 0.691489 0.329827 0.693769 0.353241 0.607903 0.364438 0.550912 0.373940 0.518237 0.380387 0.481763 0.379369 0.455927 0.369868 0.448328 0.363760 0.459726 0.359688 0.444529 0.349169 0.449848 0.341025 0.445289
0 0.369528 0.474924 0.362742 0.487842 0.361384 0.510638 0.361384 0.535714 0.361724 0.554711 0.355955 0.604863 0.351544 0.632979 0.341703 0.671733 0.336953 0.699848 0.340346 0.727964 0.348829 0.745441 0.363760 0.749240 0.378351 0.740881 0.387513 0.722644 0.394978 0.682371 0.404140 0.621581 0.407194 0.566109 0.409908 0.538754 0.412623 0.514438 0.414659 0.488602 0.407872 0.476444 0.403800 0.476444 0.393960 0.467325 0.383101 0.476444
0 0.400407 0.496201 0.394978 0.533435 0.397014 0.683891 0.397693 0.743921 0.403800 0.750000 0.411605 0.743921 0.417374 0.716565 0.421106 0.614742 0.424499 0.556991 0.428571 0.489362 0.424499 0.483283 0.415677 0.489362 0.407194 0.474164 0.400407 0.484802
0 0.452324 0.483283 0.437394 0.483283 0.435697 0.516717 0.431965 0.588146 0.437733 0.717325 0.443502 0.744681 0.452324 0.766717 0.465558 0.740881 0.463862 0.680091 0.460129 0.550152 0.459790 0.482523
0 0.431286 0.486322 0.422464 0.488602 0.416695 0.506839 0.415338 0.598024 0.415338 0.636018 0.412284 0.705167 0.417713 0.727204 0.429250 0.733283 0.434340 0.706687 0.435697 0.665653 0.438412 0.595745 0.444520 0.512918 0.442484 0.495441 0.438073 0.493921
