0 0.404736 0.449848 0.406557 0.493161 0.409472 0.552432 0.409472 0.591945 0.417486 0.640578 0.433151 0.648936 0.440073 0.599544 0.424408 0.537994 0.417486 0.484802 0.422222 0.441489
0 0.392714 0.458207 0.394900 0.481003 0.403643 0.542553 0.412386 0.607903 0.414572 0.630699 0.400729 0.642857 0.390893 0.595745 0.392714 0.537994 0.385064 0.496960
0 0.383971 0.458207 0.381056 0.505319 0.382878 0.566869 0.394900 0.622340 0.397814 0.651216 0.382878 0.657295 0.371220 0.640578 0.371220 0.604103 0.368306 0.564590 0.362113 0.517477 0.358470 0.484802 0.360291 0.439970 0.381056 0.423252
0 0.351548 0.460486 0.354463 0.501520 0.355556 0.537994 0.357377 0.591945 0.364299 0.628419 0.367213 0.642857 0.347541 0.651216 0.334791 0.645137 0.328962 0.639058 0.324954 0.616261 0.327869 0.585866 0.329690 0.540274 0.324954 0.490881 0.322040 0.466565 0.322769 0.449848 0.331876 0.431611 0.345355 0.433891
0 0.319126 0.452128 0.312933 0.493161 0.312933 0.525836 0.315847 0.563070 0.318033 0.598024 0.316940 0.632979 0.292532 0.626900 0.285610 0.612462 0.284517 0.583587 0.292532 0.550912 0.293260 0.537994 0.293260 0.495441 0.289253 0.441489 0.297268 0.427052 0.308925 0.412614
0 0.282696 0.431611 0.284517 0.464286 0.284517 0.507599 0.284517 0.546353 0.282696 0.579027 0.274681 0.613982 0.262659 0.612462 0.252095 0.593465 0.246266 0.581307 0.242259 0.556991 0.255009 0.534195 0.259016 0.511398 0.261931 0.478723 0.264845 0.454407 0.264845 0.429331 0.272495 0.417173
0 0.561020 0.468085 0.558106 0.505319 0.554098 0.534195 0.549362 0.560790 0.547541 0.589666 0.548270 0.632979 0.559199 0.634498 0.565027 0.613982 0.570128 0.583587 0.574863 0.546353 0.575956 0.503040 0.581785 0.455927 0.575956 0.431611 0.562113 0.429331
0 0.591621 0.460486 0.582878 0.487082 0.577778 0.515957 0.577049 0.558511 0.574135 0.606383 0.574135 0.636778 0.590528 0.645137 0.599636 0.628419 0.598543 0.572948 0.605464 0.513678 0.606557 0.484802 0.607286 0.446049
0 0.620401 0.478723 0.611293 0.511398 0.601457 0.556991 0.600364 0.599544 0.600364 0.636778 0.622222 0.657295 0.626958 0.636778 0.626958 0.599544 0.628051 0.534195 0.630237 0.495441 0.634973 0.472644 0.638980 0.452128 0.615301 0.433891 0.611293 0.490881
0 0.648816 0.455927 0.642987 0.484802 0.638980 0.525836 0.632058 0.566869 0.626230 0.622340 0.630237 0.653495 0.640073 0.642857 0.648816 0.647416 0.670310 0.645137 0.668488 0.585866 0.671403 0.522036 0.674317 0.476444
0 0.678324 0.466565 0.672495 0.509878 0.669581 0.563070 0.672495 0.589666 0.674317 0.616261 0.682332 0.642857 0.699089 0.640578 0.714754 0.620061 0.707832 0.572948 0.707832 0.482523 0.699089 0.449848
0 0.501275 0.799392 0.500182 0.776596 0.496175 0.729483 0.491075 0.689970 0.490346 0.661854 0.490346 0.630699 0.495082 0.613982 0.506011 0.622340 0.507832 0.639058 0.507104 0.661854 0.507104 0.688450 0.508925 0.715046 0.510018 0.739362 0.510018 0.770517
0 0.514754 0.622340 0.507104 0.640578 0.506011 0.675532 0.507832 0.723404 0.514026 0.782675 0.518761 0.811550 0.525683 0.774316 0.527505 0.706687 0.532605 0.665653 0.539526 0.630699
0 0.536612 0.648936 0.533698 0.661854 0.532605 0.702888 0.536612 0.735562 0.540619 0.784954 0.546448 0.815350 0.556284 0.835866 0.560291 0.806991 0.557377 0.735562 0.558106 0.689970 0.562113 0.669453 0.562113 0.645137 0.544262 0.630699
0 0.577049 0.651216 0.567213 0.655015 0.563206 0.667933 0.563206 0.692249 0.566120 0.729483 0.566120 0.768237 0.570856 0.829787 0.577778 0.850304 0.583971 0.806991 0.587614 0.733283 0.592714 0.700608 0.596721 0.663374
0 0.618215 0.667933 0.598543 0.661854 0.594536 0.710486 0.604372 0.753799 0.607286 0.806991 0.616393 0.848024 0.623315 0.813830 0.623315 0.756079 0.624044 0.716565 0.626958 0.680091
0 0.637887 0.665653 0.626230 0.680091 0.623315 0.712766 0.636066 0.751520 0.647723 0.825988 0.659745 0.862462 0.677231 0.848024 0.682332 0.805471 0.679417 0.739362 0.676503 0.712766 0.673224 0.689970 0.669581 0.669453 0.652823 0.661854
0 0.689982 0.647416 0.676503 0.655015 0.668488 0.669453 0.681239 0.702888 0.692168 0.731003 0.703825 0.778875 0.715847 0.809271 0.726412 0.817629 0.740255 0.815350 0.742441 0.772036 0.736248 0.741641 0.731512 0.716565 0.727505 0.683891 0.721676 0.659574 0.711840 0.645137 0.704918 0.642857
0 0.481239 0.800912 0.482332 0.758359 0.483424 0.718845 0.483424 0.683891 0.486339 0.648936 0.483424 0.618541 0.471403 0.613982 0.467760 0.645137 0.466667 0.677812 0.470674 0.727204 0.470674 0.758359 0.470674 0.809271 0.476503 0.825988
0 0.449909 0.821429 0.457923 0.791033 0.461566 0.739362 0.464845 0.704407 0.466667 0.665653 0.464845 0.630699 0.453916 0.622340 0.441894 0.632979 0.441894 0.653495 0.445902 0.692249 0.448087 0.745441 0.448087 0.768237
0 0.420401 0.827508 0.424408 0.768237 0.425137 0.753799 0.437158 0.692249 0.440073 0.667933 0.432058 0.647416 0.418215 0.648936 0.415301 0.674012 0.415301 0.700608 0.414572 0.741641 0.411658 0.772036 0.409472 0.821429
0 0.395628 0.817629 0.401821 0.792553 0.405464 0.741641 0.408379 0.702888 0.411658 0.669453 0.401821 0.653495 0.386885 0.657295 0.383971 0.686170 0.383971 0.710486 0.385792 0.747720 0.385792 0.791033 0.381056 0.834347 0.389800 0.838146
0 0.369035 0.829787 0.375956 0.815350 0.378142 0.780395 0.381785 0.724924 0.382878 0.694529 0.378871 0.659574 0.367213 0.657295 0.362113 0.686170 0.362113 0.708967 0.362113 0.745441 0.359199 0.774316 0.357377 0.815350 0.359199 0.834347
0 0.266667 0.813830 0.287432 0.776596 0.299089 0.735562 0.315847 0.689970 0.324954 0.671733 0.303097 0.648936 0.291439 0.645137 0.276503 0.677812 0.267760 0.708967 0.256102 0.751520 0.245173 0.786474 0.255009 0.815350
0 0.222587 0.764438 0.249180 0.721125 0.262659 0.694529 0.276503 0.653495 0.278689 0.639058 0.263752 0.624620 0.255009 0.618541 0.246995 0.607903 0.235337 0.589666 0.230237 0.610182 0.220401 0.648936 0.214572 0.688450 0.207650 0.721125 0.204736 0.751520
