0 0.467818 0.379179 0.467818 0.431611 0.467818 0.485562 0.464092 0.553191 0.461043 0.581307 0.465108 0.603343 0.483401 0.616261 0.492209 0.603343 0.492209 0.563830 0.490176 0.518237 0.488144 0.487842 0.489160 0.416413 0.484417 0.368541
0 0.447493 0.370821 0.448509 0.405775 0.448509 0.451368 0.448509 0.484043 0.446477 0.527356 0.445799 0.557751 0.445799 0.590426 0.454268 0.609422 0.458333 0.581307 0.462060 0.522796 0.462060 0.468845 0.461043 0.405775 0.463076 0.366261
0 0.429201 0.366261 0.429201 0.408055 0.429201 0.442249 0.428184 0.470365 0.427168 0.509878 0.426152 0.566109 0.433943 0.601064 0.450542 0.570669 0.451558 0.518237 0.446477 0.449088 0.446477 0.381459
0 0.416667 0.377660 0.416667 0.423252 0.416667 0.449088 0.416667 0.485562 0.415650 0.533435 0.414634 0.560030 0.433943 0.561550 0.439024 0.527356 0.439024 0.462006 0.436992 0.409574 0.435976 0.370821
0 0.401084 0.340426 0.400068 0.377660 0.400068 0.411854 0.397358 0.455167 0.393293 0.515957 0.396341 0.550912 0.406843 0.568389 0.415650 0.557751 0.420393 0.484043 0.420393 0.438450 0.419377 0.392857 0.420393 0.344985
0 0.370257 0.338146 0.370257 0.368541 0.371274 0.414134 0.366192 0.449088 0.362466 0.479483 0.359417 0.514438 0.359417 0.540274 0.376016 0.548632 0.392615 0.544833 0.395325 0.512158 0.396341 0.455167 0.396341 0.394377 0.398374 0.327508 0.377033 0.312310
0 0.342141 0.294833 0.342141 0.327508 0.340108 0.368541 0.335366 0.401216 0.327575 0.438450 0.319783 0.468845 0.318767 0.503040 0.331301 0.515957 0.344851 0.518237 0.356707 0.505319 0.361450 0.472644 0.361450 0.431611 0.365515 0.362462 0.369241 0.301672
0 0.490176 0.377660 0.490176 0.414134 0.490176 0.449088 0.489160 0.505319 0.489160 0.557751 0.494919 0.598784 0.508469 0.605623 0.519309 0.585866 0.520325 0.553191 0.519309 0.514438 0.519309 0.499240 0.512534 0.449088 0.510501 0.405775 0.510501 0.373100
0 0.515244 0.366261 0.515244 0.392857 0.515244 0.436170 0.515244 0.477204 0.517276 0.542553 0.521003 0.588146 0.531843 0.601064 0.542344 0.588146 0.544377 0.555471 0.542344 0.518237 0.539634 0.485562 0.534553 0.446809 0.532859 0.396657 0.532859 0.368541
0 0.540650 0.363982 0.541328 0.401216 0.540650 0.436170 0.538618 0.464286 0.535569 0.499240 0.536585 0.548632 0.541328 0.561550 0.548103 0.592705 0.561653 0.579027 0.560976 0.518237 0.556911 0.474924 0.555894 0.420973 0.555894 0.370821 0.552168 0.351064
0 0.558943 0.348784 0.558943 0.390578 0.555894 0.442249 0.555894 0.481763 0.555894 0.527356 0.559959 0.548632 0.570461 0.568389 0.581978 0.570669 0.587060 0.544833 0.584011 0.503040 0.578252 0.470365 0.576220 0.416413 0.575203 0.347264
0 0.582995 0.360182 0.589770 0.394377 0.590786 0.414134 0.593835 0.453647 0.596545 0.481763 0.598577 0.509878 0.598577 0.542553 0.615854 0.553191 0.628726 0.553191 0.637195 0.537994 0.634485 0.505319 0.627710 0.474924 0.620935 0.451368 0.614160 0.405775 0.609079 0.363982
0 0.620935 0.368541 0.632453 0.416413 0.633469 0.453647 0.636179 0.490122 0.642276 0.527356 0.650745 0.542553 0.666328 0.529635 0.673103 0.500760 0.669377 0.484043 0.661585 0.455167 0.657520 0.436170 0.653794 0.405775 0.649051 0.363982 0.644986 0.340426 0.621951 0.338146
0 0.647019 0.316869 0.647019 0.353343 0.647019 0.386018 0.651762 0.418693 0.658537 0.439970 0.666328 0.446809 0.681911 0.451368 0.689702 0.438450 0.690379 0.414134 0.688686 0.388298 0.680894 0.338146 0.674119 0.299392
0 0.520325 0.774316 0.520325 0.748480 0.519309 0.713526 0.517276 0.683891 0.517276 0.646657 0.517276 0.629179 0.527100 0.616261 0.539634 0.623100 0.537602 0.659574 0.536585 0.679331 0.534553 0.709726 0.531843 0.755319 0.531843 0.804711 0.519309 0.804711
0 0.550136 0.796353 0.535569 0.681611 0.534553 0.642097 0.541328 0.618541 0.551152 0.618541 0.554878 0.638298 0.554878 0.670213 0.554878 0.700608 0.557927 0.750760 0.560976 0.794073
0 0.586043 0.800912 0.584011 0.787994 0.572493 0.755319 0.565718 0.728723 0.559959 0.687690 0.556911 0.668693 0.556911 0.644377 0.558943 0.618541 0.569444 0.603343 0.578252 0.611702 0.584011 0.638298 0.584011 0.664134 0.584011 0.696809 0.588076 0.731003 0.590786 0.761398
0 0.624661 0.796353 0.612127 0.776596 0.600610 0.743921 0.593835 0.722644 0.589770 0.696809 0.586043 0.670213 0.584011 0.653495 0.581301 0.623100 0.586043 0.603343 0.591802 0.601064 0.602304 0.603343 0.604336 0.642097 0.607385 0.668693 0.612127 0.700608 0.620935 0.748480
0 0.652778 0.759119 0.641260 0.753040 0.628726 0.731003 0.620935 0.709726 0.615854 0.692249 0.610095 0.664134 0.604336 0.644377 0.602304 0.620821 0.602304 0.607903 0.606369 0.594225 0.620935 0.592705 0.632453 0.592705 0.639228 0.592705 0.650745 0.633739 0.657520 0.657295 0.666328 0.685410 0.674119 0.720365 0.677846 0.743921 0.666328 0.772796
0 0.710027 0.718085 0.691396 0.712006 0.676152 0.689970 0.668360 0.674772 0.659553 0.653495 0.654810 0.639818 0.649051 0.620821 0.646003 0.598784 0.648035 0.577508 0.662602 0.548632 0.671070 0.544833 0.682927 0.546353 0.692412 0.568389 0.702236 0.605623 0.711721 0.636018 0.722561 0.670213 0.729336 0.707447
0 0.752371 0.679331 0.754404 0.651216 0.754404 0.629179 0.745596 0.603343 0.741870 0.583587 0.737127 0.553191 0.727304 0.531155 0.721545 0.537994 0.714770 0.548632 0.701220 0.555471 0.698171 0.575228 0.702236 0.598784 0.711043 0.624620 0.724593 0.653495 0.731369 0.668693
0 0.517276 0.796353 0.517276 0.765957 0.517276 0.720365 0.517276 0.685410 0.515244 0.646657 0.514228 0.624620 0.502710 0.620821 0.496951 0.636018 0.498984 0.651216 0.501694 0.685410 0.503726 0.724924 0.503726 0.776596 0.502710 0.803191
0 0.495935 0.796353 0.496951 0.740122 0.496951 0.696809 0.496951 0.642097 0.486450 0.638298 0.482385 0.659574 0.484417 0.683891 0.485434 0.718085 0.486450 0.761398
0 0.481369 0.813830 0.481369 0.796353 0.481369 0.770517 0.481369 0.731003 0.481369 0.685410 0.481369 0.657295 0.481369 0.642097 0.469851 0.616261 0.462060 0.626900 0.463076 0.668693 0.466802 0.720365 0.468835 0.763678 0.468835 0.818389
0 0.460027 0.831307 0.459350 0.818389 0.459350 0.791793 0.462060 0.757599 0.466125 0.700608 0.466125 0.670213 0.461043 0.633739 0.452575 0.618541 0.446477 0.629179 0.445799 0.651216 0.445799 0.670213 0.445799 0.696809 0.445799 0.731003 0.445799 0.765957 0.444783 0.796353 0.444783 0.826748
0 0.424458 0.811550 0.432927 0.778875 0.439702 0.748480 0.444783 0.700608 0.445799 0.661854 0.445799 0.642097 0.432927 0.623100 0.423442 0.636018 0.420393 0.677052 0.420393 0.712006 0.419377 0.740122 0.413618 0.778875 0.408875 0.809271
0 0.395325 0.798632 0.402100 0.776596 0.410908 0.728723 0.419377 0.666413 0.425474 0.638298 0.419377 0.607903 0.409892 0.607903 0.399390 0.623100 0.397358 0.657295 0.396341 0.713526 0.392615 0.746201 0.385840 0.787994
0 0.343157 0.772796 0.353659 0.763678 0.368225 0.748480 0.379065 0.733283 0.383808 0.709726 0.389566 0.687690 0.400068 0.646657 0.406843 0.626900 0.388550 0.588146 0.380759 0.588146 0.372290 0.583587 0.366192 0.579027 0.360434 0.607903 0.356707 0.633739 0.348916 0.668693 0.337398 0.724924 0.332317 0.740122
0 0.328591 0.540274 0.322832 0.560030 0.316057 0.590426 0.310976 0.611702 0.303523 0.639818 0.297425 0.668693 0.300474 0.698328 0.313008 0.713526 0.329607 0.692249 0.337398 0.670213 0.343157 0.639818 0.353659 0.605623 0.358740 0.588146 0.349932 0.566109
