0 0.471228 0.586626 0.495439 0.592705 0.501404 0.581307 0.500702 0.525836 0.484211 0.321429 0.463158 0.325988 0.470175 0.508359
0 0.442807 0.566109 0.449825 0.579027 0.466316 0.577508 0.471930 0.508359 0.470175 0.386778 0.450175 0.300912 0.432982 0.298632 0.444561 0.397416 0.443860 0.490122
0 0.416491 0.540274 0.416491 0.563830 0.420351 0.575988 0.425614 0.594225 0.444561 0.564590 0.449123 0.493161 0.449123 0.389058 0.431228 0.268997 0.412632 0.275836 0.423509 0.444529
0 0.389123 0.538754 0.394035 0.559271 0.408070 0.569149 0.415789 0.559271 0.426667 0.541033 0.427368 0.506839 0.416491 0.275076 0.391579 0.280395 0.394035 0.454407
0 0.359649 0.516717 0.368772 0.544073 0.389123 0.540274 0.392982 0.530395 0.394035 0.473404 0.400702 0.400456 0.387719 0.288754 0.370526 0.285714 0.374386 0.382219 0.370526 0.449848
0 0.315088 0.523556 0.323509 0.530395 0.334035 0.547112 0.347719 0.545593 0.358947 0.525836 0.362807 0.505319 0.361754 0.462766 0.353333 0.368541 0.318246 0.317629 0.305965 0.342705 0.318947 0.418693 0.315789 0.496960
0 0.277895 0.491641 0.291930 0.520517 0.301053 0.527356 0.312982 0.522036 0.320702 0.493161 0.322807 0.424012 0.311228 0.302432 0.290175 0.309271 0.284561 0.357903 0.285614 0.420973
0 0.504561 0.594225 0.536491 0.589666 0.534386 0.501520 0.531228 0.322948 0.506316 0.321429 0.502105 0.500000 0.501404 0.571429
0 0.534386 0.579787 0.545263 0.586626 0.555439 0.575988 0.558246 0.555471 0.554386 0.464286 0.549825 0.334347 0.530175 0.339666 0.528070 0.531915
0 0.548421 0.537234 0.549825 0.567629 0.562105 0.584347 0.573333 0.591185 0.583158 0.560790 0.583509 0.538754 0.583158 0.295593 0.557544 0.310790
0 0.570175 0.518997 0.569474 0.560790 0.580351 0.582827 0.592632 0.589666 0.606667 0.588146 0.607368 0.522036 0.611228 0.451368 0.597193 0.317629 0.580351 0.322948
0 0.606667 0.476444 0.592632 0.518997 0.596491 0.562310 0.602807 0.574468 0.616842 0.575988 0.623158 0.586626 0.630877 0.585866 0.635789 0.555471 0.635789 0.512158 0.639649 0.344225 0.615439 0.334347
0 0.635439 0.498480 0.630877 0.550912 0.642807 0.584347 0.672982 0.581307 0.680000 0.560790 0.675439 0.518997 0.669123 0.459726 0.676140 0.338146 0.655088 0.356383
0 0.672982 0.528875 0.681404 0.559271 0.699649 0.559271 0.713684 0.535714 0.715088 0.486322 0.718947 0.321429 0.703509 0.322948 0.678596 0.442249
0 0.496842 0.609422 0.517193 0.616261 0.512982 0.863222 0.496140 0.861702
0 0.520000 0.610182 0.542807 0.638298 0.534035 0.696049 0.529474 0.863222 0.514737 0.867781
0 0.536491 0.702888 0.534035 0.645137 0.535088 0.610182 0.548421 0.609422 0.563860 0.633739 0.560000 0.702888 0.557544 0.866261 0.541053 0.876140
0 0.554386 0.675532 0.548421 0.642097 0.552281 0.620061 0.569474 0.610182 0.584912 0.631459 0.585614 0.692249 0.579298 0.885258 0.557544 0.889818
0 0.584912 0.683891 0.577193 0.670973 0.586316 0.618541 0.598947 0.621581 0.615439 0.635258 0.615439 0.696049 0.615439 0.798632 0.609123 0.845745 0.593333 0.845745
0 0.684561 0.664134 0.673684 0.653495 0.667368 0.618541 0.675439 0.592705 0.691930 0.574468 0.712632 0.563830 0.718246 0.569149 0.725965 0.603343 0.761754 0.716565 0.730526 0.741641
0 0.478246 0.628419 0.497544 0.613222 0.498246 0.675532 0.492982 0.876900 0.469474 0.874620
0 0.454737 0.631459 0.460000 0.601064 0.481754 0.601064 0.479649 0.648176 0.468772 0.864742 0.450877 0.870061
0 0.436842 0.699088 0.435789 0.635258 0.445965 0.596505 0.456842 0.643617 0.460702 0.705927 0.451579 0.895137 0.435789 0.895137
0 0.404912 0.839666 0.411930 0.685410 0.415789 0.609422 0.428070 0.598024 0.437544 0.617781 0.445263 0.633739 0.433684 0.704407 0.416491 0.866261 0.403860 0.863222
0 0.368070 0.812310 0.387719 0.639818 0.396140 0.599544 0.418596 0.601064 0.426667 0.604863 0.431930 0.628419 0.413333 0.686170 0.385965 0.838146 0.371930 0.822948
0 0.305965 0.781915 0.336140 0.690729 0.341754 0.655015 0.343860 0.621581 0.348772 0.575988 0.363509 0.569149 0.377544 0.582827 0.405614 0.604863 0.399298 0.642097 0.380702 0.675532 0.344561 0.830547
0 0.276140 0.740122 0.299649 0.584347 0.311228 0.544073 0.343860 0.575988 0.349474 0.601824 0.334035 0.665653 0.276842 0.780395
0 0.239298 0.707447 0.245614 0.648936 0.252632 0.606383 0.253684 0.567629 0.261404 0.522036 0.290175 0.525836 0.303509 0.537234 0.309474 0.563830 0.295789 0.633739 0.266667 0.750000
