0 0.477122 0.635258 0.504366 0.642857 0.509605 0.383739 0.492490 0.382219
0 0.456514 0.623100 0.479567 0.629939 0.488998 0.388298 0.470136 0.393617 0.457213 0.537994
0 0.447782 0.623100 0.463151 0.601824 0.470835 0.574468 0.465246 0.389058 0.449528 0.393617 0.438701 0.538754
0 0.426126 0.604103 0.451275 0.594225 0.459308 0.561550 0.457911 0.377660 0.435208 0.381459 0.423332 0.527356 0.418791 0.571429
0 0.395389 0.564590 0.407265 0.585106 0.415648 0.581307 0.421586 0.584347 0.432064 0.568389 0.436605 0.512918 0.436954 0.380699 0.423332 0.380699 0.407964 0.465046
0 0.362207 0.566869 0.402026 0.576748 0.413203 0.522036 0.412854 0.484043 0.421586 0.388298 0.384911 0.383739 0.384212 0.429331 0.366050 0.486322 0.357667 0.528116
0 0.312260 0.503799 0.344394 0.534954 0.357667 0.532675 0.371289 0.479483 0.377227 0.378419 0.347887 0.370821 0.323437 0.442249 0.312260 0.475684
0 0.504017 0.643617 0.531959 0.639058 0.533007 0.518237 0.523926 0.377660 0.511002 0.376140
0 0.533357 0.641337 0.553266 0.635258 0.551170 0.537234 0.541739 0.385258 0.529864 0.392857
0 0.550821 0.626140 0.561299 0.635258 0.574921 0.604103 0.568984 0.545593 0.571079 0.394377 0.556759 0.392857 0.549773 0.548632
0 0.558854 0.596505 0.565491 0.613222 0.573524 0.610182 0.579811 0.625380 0.588893 0.623100 0.597276 0.592705 0.592735 0.537994 0.589242 0.401976 0.566539 0.403495 0.561998 0.544833 0.558156 0.566869
0 0.588543 0.600304 0.594831 0.604103 0.606706 0.623100 0.622424 0.607143 0.616486 0.519757 0.606706 0.393617 0.593783 0.392857 0.587496 0.535714 0.585400 0.555471
0 0.624520 0.607143 0.644778 0.602584 0.651764 0.604863 0.657702 0.581307 0.659099 0.545593 0.648970 0.494681 0.631505 0.386778 0.610199 0.398936 0.616486 0.529635 0.615788 0.569149
0 0.663640 0.568389 0.675515 0.566869 0.692979 0.548632 0.694377 0.509878 0.689137 0.483283 0.683199 0.463526 0.685994 0.365502 0.644778 0.364742 0.650716 0.424772 0.652812 0.524316 0.657352 0.557751
0 0.512050 0.683891 0.526371 0.671733 0.537199 0.680851 0.528117 0.876900 0.513797 0.874620
0 0.530912 0.683891 0.538596 0.662614 0.555362 0.669453 0.557457 0.771277 0.558156 0.893617 0.538596 0.894377 0.533007 0.730243
0 0.550472 0.688450 0.566539 0.657295 0.581558 0.670213 0.582955 0.713526 0.582606 0.771277 0.602864 0.873100 0.577366 0.885258 0.563046 0.826748
0 0.572826 0.667933 0.585400 0.649696 0.607056 0.657295 0.639190 0.869301 0.624869 0.883739 0.596577 0.789514 0.579462 0.711246 0.572127 0.680091
0 0.602864 0.655775 0.616486 0.645897 0.623821 0.618541 0.635348 0.616261 0.650017 0.620821 0.655955 0.658055 0.654907 0.680851 0.688788 0.799392 0.651065 0.847264 0.628711 0.788754 0.615438 0.715805 0.604261 0.689210
0 0.647572 0.617021 0.681453 0.569909 0.695774 0.594225 0.704855 0.645897 0.734544 0.724164 0.701362 0.785714 0.679707 0.733283 0.669228 0.689210 0.654907 0.670213
0 0.493888 0.673252 0.516940 0.682371 0.511701 0.877660 0.498079 0.882219
0 0.470136 0.680091 0.493189 0.667173 0.499127 0.865502 0.482710 0.871581
0 0.455466 0.658815 0.477122 0.661854 0.482361 0.864742 0.462103 0.869301 0.453371 0.667933
0 0.432414 0.727204 0.438351 0.646657 0.449179 0.642857 0.459658 0.661094 0.461404 0.719605 0.461404 0.746201 0.464198 0.810790 0.460706 0.871581 0.446734 0.874620 0.433461 0.783435
0 0.397834 0.613982 0.408662 0.609422 0.434509 0.630699 0.443940 0.652736 0.435208 0.738602 0.421236 0.857143 0.379322 0.837386 0.384562 0.756839 0.395040 0.664134
0 0.323786 0.693009 0.369193 0.586626 0.390499 0.604103 0.400978 0.630699 0.400978 0.652736 0.397485 0.670973 0.392246 0.679331 0.354873 0.801672 0.317848 0.734043
0 0.327628 0.532675 0.374432 0.586626 0.366050 0.612462 0.352428 0.646657 0.346839 0.647416 0.295494 0.748480 0.257772 0.667933 0.300733 0.593465 0.309116 0.559271
