0 0.509897 0.566109 0.508431 0.317629 0.480205 0.323708 0.478739 0.566109
0 0.478739 0.564590 0.479472 0.320669 0.446481 0.323708 0.449780 0.461246 0.447214 0.557751
0 0.445748 0.557751 0.450513 0.452128 0.445015 0.282675 0.416056 0.279635 0.414589 0.369301 0.417522 0.437690 0.413856 0.497720 0.417522 0.553191
0 0.413856 0.544073 0.429619 0.531155 0.428886 0.487082 0.414589 0.275836 0.389296 0.288754 0.392229 0.373100 0.392962 0.446809 0.389296 0.497720 0.390762 0.553191
0 0.385630 0.548632 0.399194 0.532675 0.399927 0.491641 0.392229 0.281155 0.377933 0.284195 0.360337 0.510638 0.370235 0.554711
0 0.342009 0.545593 0.366569 0.540274 0.374633 0.478723 0.376466 0.307751 0.374633 0.265198 0.351906 0.268237 0.337977 0.370821 0.322214 0.487082 0.322214 0.537234
0 0.316716 0.522796 0.323680 0.491641 0.344208 0.307751 0.307551 0.278116 0.300587 0.341185 0.282991 0.452128 0.273094 0.488602
0 0.266496 0.478723 0.282991 0.449088 0.302419 0.361702 0.309018 0.260638 0.270161 0.247720 0.258065 0.313830 0.234238 0.431611
0 0.509897 0.563070 0.508431 0.309271 0.536657 0.312310 0.544355 0.550152
0 0.538856 0.559271 0.532258 0.535714 0.545088 0.291793 0.572581 0.298632 0.564150 0.366261 0.564883 0.464286 0.564883 0.502280 0.571114 0.545593 0.555718 0.573708
0 0.583944 0.554711 0.565616 0.528116 0.563416 0.377660 0.572581 0.285714 0.599340 0.288754 0.598607 0.426292 0.597874 0.478723 0.600806 0.510638
0 0.593109 0.541793 0.585411 0.512158 0.589443 0.450608 0.597141 0.287234 0.627566 0.291793 0.622067 0.386778 0.623900 0.481763 0.624633 0.550152
0 0.630499 0.545593 0.616202 0.513678 0.622067 0.301672 0.641496 0.298632 0.651393 0.468085 0.658724 0.534195
0 0.673387 0.303191 0.659824 0.475684 0.663490 0.526596 0.693915 0.525076 0.713710 0.499240 0.707111 0.453647 0.708578 0.268237 0.677053 0.268237 0.672654 0.319149
0 0.707845 0.322188 0.705645 0.459726 0.715543 0.503799 0.747434 0.497720 0.755865 0.437690 0.739736 0.282675 0.710044 0.291793
0 0.494868 0.576748 0.502933 0.830547 0.519062 0.826748 0.516129 0.655775 0.518328 0.575228
0 0.518328 0.576748 0.542155 0.576748 0.539589 0.626140 0.533724 0.683131 0.534457 0.845745 0.520528 0.842705
0 0.544355 0.582067 0.534457 0.646657 0.548754 0.868541 0.576246 0.858663 0.576246 0.747720 0.568182 0.664134 0.559018 0.639058 0.555718 0.591185
0 0.567082 0.582067 0.554985 0.623100 0.565616 0.664134 0.581745 0.836626 0.607038 0.819149 0.595674 0.671733 0.592375 0.642097 0.581012 0.578267
0 0.590909 0.569149 0.581012 0.586626 0.587243 0.624620 0.615469 0.804711 0.640396 0.804711 0.642962 0.749240 0.621334 0.633739 0.620601 0.591185 0.606305 0.566109
0 0.617669 0.567629 0.610704 0.578267 0.621334 0.630699 0.652126 0.787234 0.690982 0.756079 0.669721 0.636778 0.656525 0.547112
0 0.657258 0.550152 0.667155 0.627660 0.697214 0.768237 0.743768 0.730243 0.722874 0.639058 0.711510 0.616261 0.710777 0.545593 0.704545 0.515198
0 0.723974 0.642097 0.710777 0.617781 0.705645 0.575228 0.710777 0.553191 0.707845 0.518237 0.720674 0.496201 0.802419 0.513678 0.792522 0.645137
0 0.493768 0.572188 0.502933 0.816109 0.483871 0.820669 0.478739 0.646657 0.478739 0.573708
0 0.479472 0.570669 0.486437 0.825228 0.459677 0.820669 0.459677 0.674772 0.452713 0.575228
0 0.451979 0.575228 0.460411 0.677052 0.461144 0.825228 0.461877 0.864742 0.428886 0.863222 0.426686 0.718085 0.426686 0.652736 0.433651 0.566109
0 0.428886 0.575228 0.434384 0.624620 0.428152 0.668693 0.423021 0.826748 0.400660 0.825228 0.399927 0.643617 0.401393 0.601064 0.410557 0.557751
0 0.401393 0.564590 0.412390 0.589666 0.403959 0.627660 0.389296 0.798632 0.361070 0.797112 0.371701 0.560790
0 0.324413 0.608663 0.267229 0.703647 0.230572 0.692249 0.215176 0.629179 0.282258 0.500760 0.315982 0.526596 0.330645 0.570669
