0 0.514644 0.594415 0.512901 0.636303 0.517782 0.694149 0.521618 0.756649 0.529289 0.789894 0.540795 0.785904 0.539749 0.730718 0.539749 0.678856 0.535914 0.621676 0.533124 0.590426
0 0.524407 0.507314 0.524407 0.459441 0.525453 0.416888 0.518480 0.348404 0.509763 0.285904 0.495467 0.276596 0.485704 0.298537 0.486750 0.341090 0.488494 0.403590 0.493375 0.472074 0.496165 0.518617
0 0.493375 0.474069 0.495467 0.516622 0.474198 0.519947 0.469317 0.453457 0.463389 0.390957 0.469317 0.324468 0.469317 0.287234 0.484658 0.298537 0.485704 0.341090 0.488494 0.405585
0 0.474198 0.519947 0.458508 0.533245 0.444909 0.518617 0.441074 0.452128 0.434449 0.372340 0.430614 0.307846 0.434449 0.259973 0.449791 0.274601 0.461297 0.317154 0.462343 0.379654 0.467225 0.438830
0 0.443166 0.519947 0.426430 0.533245 0.415969 0.512633 0.415969 0.442819 0.415969 0.381649 0.414923 0.315160 0.419805 0.252660 0.431311 0.311835 0.433403 0.369016 0.441074 0.444814
0 0.413877 0.505319 0.398536 0.525931 0.382845 0.503324 0.385983 0.444814 0.385983 0.392952 0.385983 0.324468 0.394700 0.267287 0.408298 0.296543 0.417015 0.324468 0.413877 0.390957 0.417713 0.448138
0 0.385983 0.505319 0.361576 0.519947 0.339261 0.509309 0.342399 0.442819 0.347280 0.386968 0.347280 0.313165 0.353905 0.269282 0.371339 0.281915 0.380056 0.331782 0.382148 0.379654 0.381102 0.428191 0.392608 0.466755
0 0.340307 0.509309 0.319038 0.514628 0.313110 0.509309 0.291841 0.512633 0.285216 0.459441 0.294979 0.412899 0.294979 0.369016 0.300558 0.300532 0.310321 0.255984 0.330544 0.291223 0.336471 0.345080 0.338563 0.402261 0.342399 0.442819
0 0.523361 0.503324 0.545676 0.527926 0.560321 0.509309 0.558229 0.433511 0.559275 0.385638 0.559275 0.309840 0.556485 0.267287 0.539052 0.255984 0.531032 0.300532 0.527197 0.376330 0.524407 0.436835
0 0.555439 0.509309 0.570084 0.511303 0.581590 0.483378 0.585425 0.414894 0.583333 0.331782 0.575662 0.267287 0.564156 0.252660 0.556485 0.315160 0.557183 0.388963 0.556485 0.448138
0 0.585425 0.500000 0.596234 0.518617 0.610530 0.509309 0.610530 0.453457 0.610530 0.379654 0.611576 0.296543 0.610530 0.246676 0.593096 0.234043 0.581590 0.285904 0.584379 0.335771 0.582636 0.398271
0 0.611576 0.483378 0.626918 0.500000 0.638773 0.505319 0.655160 0.485372 0.653068 0.435505 0.643654 0.376330 0.641562 0.307846 0.634937 0.255984 0.619247 0.245346 0.610530 0.295213 0.610530 0.379654 0.611576 0.448138
0 0.640516 0.462766 0.661785 0.500000 0.675384 0.494681 0.687238 0.478059 0.687238 0.453457 0.680265 0.400266 0.680265 0.337101 0.679219 0.279920 0.667713 0.230053 0.646444 0.246676 0.639819 0.322473 0.643654 0.400266
0 0.683403 0.446144 0.698745 0.476064 0.713389 0.468750 0.725941 0.462766 0.737448 0.431516 0.731520 0.383644 0.729777 0.320479 0.734658 0.263298 0.726987 0.228723 0.701534 0.253989 0.692120 0.315160 0.686192 0.365027 0.684100 0.403590
0 0.533124 0.594415 0.538006 0.632979 0.538006 0.669548 0.541841 0.718085 0.545676 0.778590 0.552650 0.817819 0.576709 0.811835 0.578801 0.756649 0.574616 0.697473 0.566946 0.644282 0.560321 0.579122 0.547768 0.568484
0 0.559275 0.583112 0.575662 0.571809 0.587517 0.577793 0.591353 0.618351 0.596932 0.651596 0.606695 0.706782 0.612622 0.751330 0.615411 0.799202 0.619247 0.828457 0.599024 0.841755 0.583333 0.817819 0.579498 0.760638 0.573919 0.694149 0.565202 0.642287
0 0.587517 0.579122 0.591353 0.625665 0.600767 0.666223 0.607741 0.714096 0.611576 0.756649 0.623082 0.795213 0.633891 0.808511 0.645397 0.795213 0.649233 0.754654 0.642608 0.699468 0.636681 0.647606 0.626918 0.607048 0.616457 0.564495 0.608787 0.555186
0 0.613668 0.562500 0.626220 0.609043 0.632845 0.658910 0.642608 0.718085 0.656206 0.769282 0.665969 0.795213 0.679219 0.813830 0.697699 0.791888 0.684100 0.708777 0.674686 0.668218 0.665969 0.619681 0.660042 0.571809 0.649233 0.544548 0.636681 0.542553
0 0.648536 0.544548 0.645397 0.583112 0.664923 0.616356 0.669805 0.654920 0.676430 0.697473 0.691074 0.727394 0.709554 0.738032 0.724895 0.730718 0.733612 0.697473 0.732566 0.664229 0.721060 0.621676 0.712343 0.590426 0.708508 0.562500 0.702580 0.525931 0.675384 0.531250
0 0.702580 0.519947 0.704672 0.569814 0.711297 0.595745 0.722106 0.630984 0.736402 0.660904 0.748257 0.706782 0.761855 0.719415 0.777197 0.734707 0.793584 0.721410 0.804393 0.692154 0.796722 0.654920 0.788006 0.621676 0.779986 0.575798 0.765690 0.557181 0.756974 0.496011 0.736402 0.486702 0.717225 0.490691
0 0.515690 0.594415 0.515690 0.634973 0.516736 0.686170 0.521618 0.719415 0.520572 0.771277 0.514644 0.802527 0.500349 0.754654 0.495467 0.706782 0.492329 0.651596 0.487448 0.616356 0.495467 0.592420
0 0.495467 0.594415 0.492329 0.630984 0.494421 0.666223 0.494421 0.719415 0.501046 0.769282 0.500349 0.799202 0.485704 0.808511 0.478033 0.763963 0.472106 0.716090 0.472106 0.649601 0.469317 0.612367 0.465481 0.577793
0 0.464435 0.581117 0.472106 0.609043 0.473152 0.644282 0.471060 0.692154 0.470014 0.736037 0.473152 0.780585 0.476987 0.827128 0.463389 0.861702 0.443863 0.845080 0.440028 0.804521 0.437238 0.760638 0.438285 0.708777 0.442120 0.656915 0.441074 0.627660 0.442120 0.592420
0 0.451883 0.588431 0.451883 0.619681 0.438285 0.664229 0.436192 0.716090 0.432357 0.761968 0.422594 0.802527 0.411088 0.837766 0.401325 0.828457 0.401325 0.791888 0.403417 0.742021 0.406206 0.690160 0.408298 0.640293 0.413877 0.592420 0.420851 0.569814 0.435146 0.564495 0.443863 0.564495
0 0.420851 0.571809 0.420851 0.597739 0.408996 0.642287 0.403417 0.677527 0.400279 0.727394 0.387029 0.785904 0.373431 0.817819 0.363668 0.787899 0.363668 0.736037 0.370293 0.688165 0.373431 0.644282 0.375174 0.605053 0.380056 0.571809 0.393654 0.559176 0.407252 0.555186
0 0.388773 0.564495 0.381102 0.616356 0.373431 0.636303 0.364714 0.697473 0.358787 0.740027 0.345188 0.761968 0.328801 0.782580 0.308577 0.778590 0.306485 0.749335 0.306485 0.712101 0.310321 0.664229 0.317992 0.634973 0.321827 0.603059 0.326011 0.555186 0.334728 0.544548 0.350070 0.542553 0.357741 0.542553 0.368550 0.545878
0 0.333682 0.557181 0.322873 0.614362 0.317294 0.644282 0.301604 0.695479 0.291144 0.740027 0.281381 0.761968 0.261855 0.767952 0.245467 0.767952 0.243375 0.734707 0.244421 0.695479 0.253138 0.664229 0.261855 0.627660 0.265690 0.597739 0.266736 0.555186 0.277545 0.535239 0.298815 0.531250 0.310321 0.538564 0.326011 0.536569
