0 0.498592 0.278116 0.498592 0.434650 0.502817 0.492401 0.500352 0.519757 0.482394 0.528875 0.472535 0.522036 0.470775 0.502280 0.474648 0.284195
0 0.461620 0.273556 0.472887 0.348784 0.471479 0.421733 0.472887 0.468845 0.470775 0.522796 0.455282 0.522036 0.446479 0.510638 0.442958 0.493921 0.443662 0.468845 0.447535 0.333587 0.446479 0.276596
0 0.435563 0.261398 0.444014 0.360942 0.445775 0.439970 0.448944 0.469605 0.448592 0.486322 0.446831 0.503040 0.444366 0.515198 0.438380 0.528116 0.431338 0.531155 0.424296 0.526596 0.416197 0.507599 0.411620 0.477964 0.410563 0.257599 0.434155 0.253040
0 0.384507 0.287234 0.396831 0.395137 0.404225 0.452128 0.405986 0.500000 0.400352 0.519757 0.387676 0.521277 0.380634 0.518997 0.374296 0.515198 0.364437 0.506079 0.363732 0.480243 0.366549 0.443009 0.360563 0.293313
0 0.341197 0.293313 0.356338 0.358663 0.363028 0.399696 0.364085 0.428571 0.367254 0.449848 0.369014 0.462006 0.371127 0.477964 0.371831 0.483283 0.370775 0.495441 0.367606 0.507599 0.363028 0.515198 0.356690 0.519757 0.348944 0.521277 0.339437 0.516717 0.330634 0.508359 0.326408 0.494681 0.325704 0.472644 0.323592 0.421733 0.316901 0.297872
0 0.307042 0.282675 0.321127 0.354863 0.324648 0.422492 0.328169 0.468845 0.326761 0.502280 0.322887 0.509878 0.315141 0.518237 0.308451 0.518997 0.298239 0.515198 0.290141 0.510638 0.283099 0.501520 0.278169 0.481763 0.281690 0.416413 0.282746 0.369301 0.279930 0.296353
0 0.504225 0.278116 0.500704 0.445289 0.503169 0.514438 0.511972 0.518997 0.521831 0.518997 0.530282 0.515198 0.529225 0.468085 0.525704 0.330547 0.524296 0.288754
0 0.533451 0.278116 0.526761 0.348784 0.527465 0.415653 0.529225 0.477964 0.529225 0.515198 0.543662 0.514438 0.550704 0.512158 0.553521 0.502280 0.552817 0.486322 0.549648 0.463526 0.551408 0.418693 0.551408 0.282675 0.540141 0.273556
0 0.552113 0.251520 0.552113 0.351824 0.551761 0.427812 0.548944 0.462766 0.553521 0.493161 0.557394 0.513678 0.564085 0.521277 0.570070 0.517477 0.575704 0.506839 0.579577 0.496201 0.580282 0.482523 0.580986 0.465046 0.581338 0.436170 0.581338 0.373860 0.575000 0.314590 0.571127 0.248480
0 0.583451 0.270517 0.577817 0.345745 0.581690 0.379179 0.579577 0.422492 0.574648 0.445289 0.571479 0.457447 0.570070 0.469605 0.569366 0.486322 0.571127 0.499240 0.573239 0.506079 0.578873 0.506839 0.584155 0.509878 0.590493 0.516717 0.595070 0.515957 0.602465 0.509878 0.604930 0.504559 0.609155 0.489362 0.606338 0.465805 0.605282 0.429331 0.603521 0.372340 0.603521 0.275836
0 0.604930 0.280395 0.603873 0.378419 0.603873 0.419453 0.603521 0.458207 0.601408 0.477204 0.601056 0.491641 0.603521 0.506079 0.608451 0.515198 0.615493 0.518997 0.620775 0.518997 0.628873 0.513678 0.635563 0.503799 0.639085 0.491641 0.636972 0.466565 0.635563 0.417933 0.628521 0.324468 0.628521 0.288754
0 0.689437 0.292553 0.664437 0.352584 0.646479 0.421733 0.644014 0.457447 0.644014 0.486322 0.645070 0.504559 0.651761 0.518237 0.667606 0.523556 0.679930 0.512918 0.686972 0.499240 0.686972 0.474164 0.685563 0.452128 0.688732 0.411094 0.700000 0.344225 0.711268 0.308511
0 0.710563 0.303951 0.697535 0.360942 0.692606 0.392857 0.689437 0.418693 0.687676 0.439970 0.685915 0.460486 0.685563 0.481763 0.685211 0.500000 0.685563 0.515957 0.697183 0.525836 0.710915 0.523556 0.724296 0.509878 0.730986 0.495441 0.729577 0.445289 0.726761 0.384498 0.733803 0.323708
0 0.498592 0.541793 0.501056 0.594985 0.505634 0.774316 0.520775 0.771277 0.521479 0.639818 0.520070 0.569909 0.520070 0.541033
0 0.519718 0.535714 0.519366 0.601064 0.522183 0.717325 0.521479 0.781915 0.535211 0.775076 0.536268 0.613222 0.537324 0.575228 0.540493 0.539514
0 0.541901 0.534954 0.535211 0.576748 0.535915 0.645137 0.535915 0.760638 0.538732 0.798632 0.563380 0.789514 0.559507 0.648176 0.558099 0.613222 0.557394 0.577508 0.557042 0.552432 0.548239 0.534195
0 0.554577 0.531155 0.552817 0.551672 0.549296 0.561550 0.553521 0.588906 0.559507 0.625380 0.564085 0.731763 0.569014 0.779635 0.586620 0.773556 0.581338 0.623860 0.579577 0.580547 0.575000 0.547872 0.568662 0.531915 0.559507 0.528116
0 0.582042 0.534195 0.576056 0.542553 0.570423 0.553951 0.570423 0.566109 0.573592 0.581307 0.576761 0.598024 0.580634 0.617021 0.581690 0.661094 0.587324 0.729483 0.598944 0.782675 0.612676 0.798632 0.623239 0.791033 0.619718 0.756079 0.610563 0.703647 0.608451 0.638298 0.607042 0.597264 0.605634 0.572188 0.605634 0.556991 0.603521 0.535714 0.597183 0.531155 0.589437 0.526596
0 0.613380 0.534195 0.607746 0.541033 0.606690 0.547872 0.604577 0.566109 0.605634 0.587386 0.608099 0.610182 0.609155 0.624620 0.608803 0.652736 0.608451 0.675532 0.610915 0.708207 0.616549 0.742401 0.626408 0.782675 0.634155 0.803951 0.655282 0.804711 0.675704 0.791033 0.683451 0.778116 0.683099 0.750760 0.675704 0.724164 0.668662 0.693009 0.660211 0.654255 0.656338 0.621581 0.654225 0.597264 0.654577 0.577508 0.655282 0.568389 0.654225 0.555471 0.651761 0.543313 0.647535 0.534954 0.638732 0.528875 0.632394 0.527356
0 0.663028 0.530395 0.655634 0.540274 0.650000 0.548632 0.647183 0.560790 0.650000 0.585866 0.653873 0.598784 0.656690 0.610182 0.657042 0.626140 0.658099 0.639818 0.660915 0.661094 0.666901 0.685410 0.671127 0.705167 0.676056 0.727964 0.685563 0.754559 0.703169 0.776596 0.729225 0.783435 0.733451 0.755319 0.722183 0.700608 0.706690 0.642857 0.701408 0.581307 0.701761 0.547872 0.701408 0.537234 0.694366 0.527356 0.684507 0.522796 0.679577 0.522796 0.674296 0.525076 0.669366 0.524316
0 0.727817 0.522036 0.719014 0.527356 0.710563 0.528875 0.705986 0.533435 0.701056 0.548632 0.701056 0.560790 0.702113 0.585106 0.704225 0.600304 0.705986 0.621581 0.710211 0.650456 0.715141 0.669453 0.720070 0.699848 0.726761 0.725684 0.730634 0.746960 0.753873 0.759119 0.771479 0.747720 0.773592 0.716565 0.768662 0.651216 0.757394 0.588906 0.748239 0.525076 0.747535 0.509119
0 0.498944 0.539514 0.505986 0.791793 0.486620 0.794073 0.486972 0.632979 0.482394 0.602584 0.480986 0.569149 0.483099 0.556231 0.490141 0.547112
0 0.486268 0.545593 0.482746 0.595745 0.489085 0.796353 0.469366 0.796353 0.463732 0.645137 0.463732 0.597264 0.460211 0.534954 0.477465 0.541033
0 0.455986 0.528116 0.462676 0.548632 0.469014 0.818389 0.444718 0.815350 0.434155 0.640578 0.432746 0.579027 0.434155 0.547872 0.443662 0.530395 0.450000 0.525836
0 0.430282 0.535714 0.433451 0.548632 0.437676 0.556991 0.438028 0.566869 0.435915 0.582067 0.432746 0.605623 0.434859 0.693769 0.437324 0.785714 0.410563 0.784954 0.405634 0.607143 0.404577 0.575988 0.407394 0.560030 0.409507 0.544833 0.413028 0.534954 0.416549 0.530395 0.418662 0.529635 0.423239 0.531155
0 0.402113 0.526596 0.408803 0.534195 0.413028 0.542553 0.414085 0.548632 0.411620 0.564590 0.408803 0.577508 0.405282 0.591945 0.403169 0.622340 0.402817 0.676292 0.397183 0.753040 0.389789 0.810030 0.371479 0.805471 0.375704 0.661854 0.377817 0.587386 0.377817 0.559271 0.381690 0.534954 0.386620 0.531155 0.391549 0.525836 0.398239 0.524316
0 0.365141 0.527356 0.353521 0.528875 0.343310 0.525076 0.336268 0.533435 0.333451 0.537234 0.329930 0.547872 0.329225 0.552432 0.329577 0.569149 0.333451 0.584347 0.334155 0.609422 0.331690 0.640578 0.327817 0.667173 0.324648 0.683891 0.321127 0.705927 0.316901 0.729483 0.312676 0.740881 0.309155 0.752280 0.309507 0.757599 0.323592 0.774316 0.333451 0.775836 0.344366 0.777356 0.352113 0.776596 0.358451 0.770517 0.366901 0.750760 0.371479 0.730243 0.376056 0.692249 0.376056 0.663374 0.374296 0.632979 0.372183 0.607903 0.376761 0.590426 0.381690 0.569149 0.381690 0.550152 0.377817 0.535714 0.372887 0.522796
0 0.322535 0.517477 0.314789 0.516717 0.304930 0.518237 0.296831 0.519757 0.292606 0.522796 0.288028 0.535714 0.286972 0.550912 0.287324 0.559271 0.287324 0.582067 0.286620 0.607903 0.286620 0.624620 0.286268 0.647416 0.285563 0.668693 0.285211 0.692249 0.286620 0.718845 0.285211 0.738602 0.285211 0.746960 0.292254 0.762158 0.299648 0.764438 0.306338 0.764438 0.311972 0.762158 0.321479 0.705927 0.333099 0.628419 0.334507 0.593465 0.337676 0.579027 0.339437 0.563830 0.339437 0.547872 0.337324 0.534195 0.333451 0.523556 0.328521 0.518997
0 0.272887 0.582827 0.257746 0.579027 0.247183 0.584347 0.231338 0.593465 0.219366 0.600304 0.211268 0.604863 0.208099 0.630699 0.208099 0.654255 0.217254 0.684650 0.242254 0.698328 0.254577 0.700608 0.263028 0.700608 0.275000 0.702128 0.283099 0.700608 0.287324 0.693009 0.285915 0.681611 0.281338 0.662614 0.283803 0.639058 0.285563 0.630699 0.286620 0.607903 0.285211 0.595745 0.279225 0.579027
