0 0.489059 0.502280 0.490883 0.550912 0.490883 0.581307 0.470460 0.588146 0.456966 0.561550 0.459519 0.495441 0.458789 0.433891 0.459883 0.386778 0.459519 0.350304 0.472648 0.350304 0.486142 0.390578
0 0.437637 0.514438 0.434719 0.543313 0.439096 0.567629 0.456966 0.569909 0.461342 0.548632 0.459883 0.491641 0.459883 0.443769 0.464260 0.415653 0.464624 0.382219 0.461342 0.350304 0.448942 0.361702 0.444931 0.405015
0 0.409555 0.511398 0.405543 0.549392 0.413567 0.577508 0.427790 0.583587 0.438001 0.547112 0.443107 0.505319 0.444566 0.414894 0.443107 0.366261 0.438731 0.314590 0.425237 0.306231 0.418308 0.343465 0.415026 0.408815
0 0.388403 0.502280 0.383662 0.546353 0.387673 0.575228 0.407367 0.585866 0.416120 0.569909 0.420496 0.522036 0.420496 0.458207 0.416120 0.378419 0.410649 0.350304 0.398614 0.370821 0.393508 0.423252
0 0.364697 0.506079 0.361780 0.542553 0.371627 0.583587 0.387673 0.578267 0.395332 0.537234 0.391685 0.483283 0.396791 0.435410 0.399708 0.405015 0.399708 0.367781 0.396791 0.351824 0.382932 0.363982 0.376732 0.424012
0 0.332239 0.484802 0.325310 0.538754 0.329322 0.565350 0.344274 0.575228 0.355945 0.575228 0.369074 0.569909 0.374909 0.542553 0.374909 0.505319 0.370168 0.442249 0.369803 0.385258 0.369074 0.348024 0.365062 0.320669 0.355945 0.302432 0.338439 0.319149 0.339533 0.414894
0 0.291028 0.487082 0.283005 0.522036 0.296134 0.555471 0.322392 0.569149 0.337710 0.549392 0.337710 0.491641 0.337345 0.424012 0.337345 0.368541 0.326404 0.319149 0.314734 0.310790 0.304887 0.332827 0.302699 0.402736
0 0.258570 0.448328 0.250912 0.474924 0.251641 0.518237 0.262217 0.540274 0.273158 0.543313 0.290299 0.537234 0.298687 0.474924 0.307075 0.432371 0.308899 0.306231 0.300875 0.292553 0.284099 0.316869 0.280452 0.355623 0.268417 0.426292
0 0.489424 0.502280 0.492341 0.569149 0.498177 0.581307 0.520058 0.583587 0.525894 0.563830 0.524799 0.489362 0.523705 0.405775 0.522611 0.360182 0.513858 0.327508 0.496353 0.354103 0.493435 0.427812
0 0.523705 0.503799 0.525894 0.565350 0.538293 0.572188 0.547411 0.560790 0.549599 0.507599 0.548505 0.449848 0.543399 0.392857 0.538658 0.351824 0.529905 0.351824 0.524799 0.378419
0 0.535376 0.501520 0.539752 0.537234 0.559446 0.579787 0.571116 0.567629 0.573669 0.540274 0.567834 0.484802 0.560904 0.424012 0.555434 0.373860 0.545587 0.350304 0.532823 0.349544 0.530635 0.408815
0 0.584610 0.474924 0.580963 0.481763 0.572210 0.520517 0.574034 0.553191 0.588621 0.572188 0.606492 0.569149 0.614150 0.522796 0.615244 0.474924 0.621080 0.425532 0.621080 0.382219 0.615244 0.341945 0.592998 0.366261
0 0.607221 0.477204 0.598833 0.500000 0.595551 0.542553 0.618162 0.588146 0.645150 0.583587 0.654632 0.530395 0.650620 0.474924 0.653538 0.436170 0.653538 0.394377 0.639314 0.366261 0.617433 0.405015
0 0.644055 0.506079 0.641867 0.541033 0.652808 0.579787 0.675784 0.575988 0.695478 0.536474 0.687454 0.472644 0.684537 0.424012 0.686360 0.384498 0.678337 0.345745 0.656820 0.351824 0.648796 0.415653 0.644785 0.490881
0 0.495988 0.606383 0.494165 0.635258 0.494894 0.677812 0.497082 0.727964 0.495988 0.771277 0.502188 0.803191 0.510941 0.803191 0.517870 0.762158 0.520058 0.659574 0.515682 0.602584
0 0.521882 0.594225 0.516047 0.598784 0.517870 0.645137 0.519694 0.693009 0.517505 0.756839 0.515682 0.797872 0.525529 0.818389 0.535376 0.789514 0.537564 0.711246 0.539752 0.651976 0.544128 0.601824 0.534646 0.587386
0 0.543399 0.598024 0.539752 0.631459 0.537564 0.690729 0.534282 0.764438 0.536470 0.819909 0.545587 0.850304 0.556528 0.836626 0.563822 0.748480 0.564916 0.647416 0.567104 0.619301 0.562363 0.587386 0.550328 0.588146
0 0.565281 0.587386 0.557987 0.600304 0.556163 0.639818 0.564187 0.701368 0.563093 0.742401 0.564187 0.783435 0.567104 0.807751 0.585704 0.813830 0.590810 0.766717 0.588986 0.677812 0.593727 0.627660 0.592998 0.591945 0.579869 0.572188
0 0.598468 0.588146 0.589716 0.577508 0.585704 0.584347 0.582786 0.624620 0.583516 0.686170 0.587527 0.758359 0.588621 0.781155 0.600292 0.791793 0.611597 0.731763 0.622174 0.645137 0.622174 0.592705 0.606492 0.581307
0 0.656820 0.592705 0.650985 0.604103 0.647702 0.614742 0.645879 0.636778 0.641138 0.674772 0.657914 0.700608 0.701313 0.736322 0.719912 0.750000 0.737783 0.729483 0.725018 0.674772 0.700219 0.622340 0.680525 0.590426 0.664843 0.587386
0 0.692925 0.554711 0.687454 0.587386 0.694384 0.619301 0.721007 0.665653 0.746535 0.721884 0.762947 0.729483 0.769876 0.683891 0.751276 0.627660 0.747265 0.566869 0.723559 0.528875 0.706783 0.553191
0 0.496353 0.606383 0.494894 0.639058 0.496353 0.694529 0.493435 0.753799 0.492341 0.806231 0.483589 0.817629 0.476659 0.806231 0.472648 0.686170 0.471189 0.594225 0.484318 0.594225
0 0.472283 0.610182 0.472648 0.665653 0.471189 0.695289 0.476295 0.762158 0.478483 0.800152 0.470460 0.832067 0.461707 0.794833 0.450766 0.674772 0.448578 0.608663 0.452954 0.594225
0 0.425966 0.610942 0.421225 0.642857 0.428155 0.734043 0.429249 0.794833 0.432166 0.842705 0.444566 0.853343 0.456601 0.812310 0.452589 0.667933 0.448942 0.613222 0.438001 0.600304
0 0.405543 0.601824 0.400438 0.631459 0.403355 0.706687 0.400438 0.766717 0.396791 0.800152 0.403355 0.835866 0.417943 0.819909 0.429249 0.733283 0.432896 0.654255 0.435084 0.622340 0.419037 0.595745
0 0.386579 0.596505 0.376732 0.620821 0.371991 0.666413 0.373085 0.698328 0.367250 0.787234 0.370897 0.811550 0.383662 0.824468 0.396426 0.777356 0.406637 0.682371 0.418308 0.639818 0.419037 0.601824 0.404449 0.604103 0.399708 0.595745
0 0.343545 0.585866 0.339168 0.612462 0.335157 0.659574 0.326404 0.730243 0.318745 0.768237 0.318745 0.795593 0.326404 0.817629 0.347192 0.820669 0.363239 0.793313 0.380744 0.698328 0.391320 0.637538 0.393873 0.598024 0.376003 0.590426 0.354850 0.577508
0 0.301240 0.575988 0.293946 0.595745 0.293217 0.645897 0.274617 0.724164 0.268417 0.764438 0.278264 0.789514 0.298687 0.785714 0.320569 0.740122 0.334427 0.668693 0.349380 0.627660 0.344274 0.588146 0.329322 0.578267 0.320934 0.569909 0.307805 0.569149
0 0.245441 0.554711 0.241794 0.587386 0.242524 0.637538 0.232677 0.684650 0.226842 0.711246 0.238147 0.731763 0.259664 0.725684 0.289205 0.645137 0.305616 0.598024 0.305981 0.571429 0.293217 0.553191 0.280088 0.537234 0.259300 0.532675
