0 0.467309 0.297112 0.467309 0.314590 0.467309 0.355623 0.465588 0.408055 0.465588 0.449088 0.465588 0.481763 0.474191 0.505319 0.498968 0.494681 0.494838 0.416413 0.490021 0.318389 0.488988 0.279635 0.466277 0.271277
0 0.442877 0.287994 0.439780 0.466565 0.444942 0.499240 0.463524 0.499240 0.470406 0.433891 0.469374 0.351064 0.467309 0.299392 0.467309 0.275076 0.451824 0.275076
0 0.406401 0.268997 0.404336 0.316869 0.400551 0.398936 0.400551 0.444529 0.409498 0.509878 0.433930 0.479483 0.445630 0.446809 0.443909 0.396657 0.442877 0.353343 0.440812 0.314590 0.439780 0.271277 0.433930 0.259878
0 0.381968 0.259878 0.379904 0.320669 0.377839 0.408055 0.379904 0.462006 0.387818 0.481763 0.404336 0.481763 0.411218 0.451368 0.409498 0.310030 0.402615 0.253799
0 0.350310 0.271277 0.352374 0.381459 0.356504 0.481763 0.373021 0.503040 0.388851 0.496960 0.387818 0.438450 0.383001 0.368541 0.374054 0.297112 0.370957 0.256079
0 0.318995 0.320669 0.313145 0.427052 0.313145 0.496960 0.322780 0.514438 0.345492 0.518237 0.363386 0.492401 0.347557 0.414134 0.341707 0.299392 0.337577 0.281915 0.323813 0.279635 0.315898 0.294833
0 0.287337 0.316869 0.286648 0.332067 0.279766 0.423252 0.272884 0.457447 0.272884 0.490122 0.292498 0.515957 0.311081 0.494681 0.312113 0.392857 0.307295 0.297112 0.305231 0.277356 0.289401 0.284195
0 0.252237 0.305471 0.250172 0.375380 0.237440 0.455167 0.239160 0.496960 0.256022 0.500760 0.270819 0.479483 0.277701 0.423252 0.286648 0.316869 0.283551 0.287994
0 0.508603 0.286474 0.503785 0.366261 0.498968 0.470365 0.504818 0.494681 0.523400 0.494681 0.530282 0.477204 0.532347 0.438450 0.536132 0.377660 0.536132 0.327508 0.533379 0.277356
0 0.540262 0.264438 0.528217 0.335866 0.525465 0.381459 0.525465 0.431611 0.526497 0.455167 0.532347 0.492401 0.541982 0.496960 0.555747 0.485562 0.563661 0.431611 0.561941 0.381459 0.557811 0.316869 0.559876 0.262158
0 0.567791 0.249240 0.566758 0.307751 0.562629 0.366261 0.560908 0.416413 0.561941 0.449088 0.571576 0.487842 0.580523 0.505319 0.588438 0.499240 0.597041 0.468845 0.594288 0.379179 0.592223 0.325228 0.591191 0.242401
0 0.604955 0.256079 0.598073 0.329787 0.598073 0.388298 0.595320 0.436170 0.596352 0.474924 0.611838 0.492401 0.626635 0.464286 0.626635 0.429331 0.629732 0.381459 0.624570 0.299392 0.625602 0.253799
0 0.627667 0.257599 0.627667 0.305471 0.625602 0.362462 0.625602 0.403495 0.625602 0.446809 0.625602 0.485562 0.638334 0.494681 0.658981 0.470365 0.650379 0.405775 0.650379 0.340426 0.650379 0.268997
0 0.705437 0.299392 0.694425 0.381459 0.691672 0.466565 0.714384 0.487842 0.732966 0.462006 0.731934 0.411854 0.729869 0.347264 0.729869 0.303191 0.729869 0.281915 0.709222 0.272796
0 0.521335 0.520517 0.503785 0.525076 0.503785 0.575228 0.505850 0.605623 0.505850 0.659574 0.506882 0.713526 0.522368 0.727204 0.521335 0.677052 0.521335 0.642097 0.519615 0.585866
0 0.541982 0.527356 0.530282 0.527356 0.527529 0.546353 0.527529 0.585866 0.527529 0.642097 0.530282 0.712006 0.536132 0.743921 0.541294 0.705167 0.541294 0.674772 0.544047 0.639818 0.544047 0.588146 0.547144 0.555471
0 0.557811 0.522796 0.548864 0.535714 0.546111 0.575228 0.547144 0.611702 0.550929 0.651216 0.555058 0.685410 0.556779 0.733283 0.561941 0.778875 0.568823 0.778875 0.574673 0.718085 0.576394 0.661854 0.576394 0.611702 0.576394 0.566109 0.575705 0.533435
0 0.585341 0.529635 0.576394 0.537994 0.571576 0.568389 0.577426 0.601064 0.585341 0.642097 0.588438 0.687690 0.590158 0.759119 0.595320 0.785714 0.603923 0.757599 0.604955 0.696809 0.604955 0.653495 0.605988 0.609422 0.603923 0.568389 0.601170 0.531155
0 0.617688 0.518237 0.610117 0.520517 0.603235 0.540274 0.602202 0.563830 0.607020 0.623100 0.616999 0.672492 0.623882 0.709726 0.628699 0.763678 0.635582 0.746201 0.634549 0.692249 0.629732 0.623100 0.630764 0.522796
0 0.640399 0.507599 0.630764 0.514438 0.628699 0.555471 0.637646 0.598784 0.644529 0.636018 0.650379 0.681611 0.660014 0.713526 0.679628 0.743921 0.700619 0.748480 0.697522 0.705167 0.692705 0.677052 0.687543 0.642097 0.678940 0.601064 0.672746 0.566109 0.672746 0.531155 0.665175 0.500760
0 0.684790 0.507599 0.679628 0.525076 0.681693 0.566109 0.693393 0.596505 0.706469 0.639818 0.711287 0.677052 0.728149 0.727204 0.733999 0.712006 0.736752 0.685410 0.737784 0.651216 0.732966 0.616261 0.728149 0.566109 0.726084 0.535714 0.720234 0.509878 0.713352 0.494681 0.697522 0.494681
0 0.486924 0.518237 0.482106 0.533435 0.481074 0.572948 0.482106 0.631459 0.486235 0.713526 0.491053 0.731003 0.496903 0.648936 0.496903 0.620821 0.496903 0.566109 0.498968 0.518237
0 0.474191 0.529635 0.459394 0.520517 0.455609 0.579027 0.459394 0.623100 0.461459 0.681611 0.467309 0.748480 0.476256 0.757599 0.479353 0.709726 0.479353 0.648936 0.478321 0.588146
0 0.446662 0.515957 0.427047 0.520517 0.426015 0.570669 0.428080 0.626900 0.429112 0.687690 0.435994 0.743921 0.440812 0.778875 0.451824 0.735562 0.453544 0.646657 0.454577 0.579027 0.457674 0.525076
0 0.410530 0.522796 0.399518 0.527356 0.397798 0.553191 0.400551 0.601064 0.405368 0.657295 0.408465 0.722644 0.420165 0.605623
0 0.378871 0.518237 0.368204 0.542553 0.368204 0.583587 0.370957 0.636018 0.371989 0.709726 0.375086 0.743921 0.386786 0.713526 0.392636 0.655015 0.396765 0.607903 0.398486 0.548632
0 0.339642 0.531155 0.318995 0.542553 0.321060 0.575228 0.324845 0.603343 0.326910 0.661854 0.321060 0.715805 0.321060 0.743921 0.336545 0.746201 0.351342 0.702888 0.355471 0.659574 0.362354 0.611702 0.362354 0.572948 0.353407 0.546353
0 0.336545 0.525076 0.307295 0.514438 0.286648 0.515957 0.284584 0.537994 0.279766 0.568389 0.271851 0.624620 0.262904 0.681611 0.264969 0.712006 0.279766 0.702888 0.295251 0.661854 0.310048 0.631459 0.324845 0.598784 0.336545 0.561550
