0 0.478582 0.407295 0.475628 0.456687 0.470827 0.509119 0.461965 0.553191 0.460118 0.588906 0.471935 0.592705 0.482644 0.592705 0.492245 0.569149 0.493353 0.506839 0.494092 0.443009 0.497046 0.408815
0 0.445716 0.395137 0.445716 0.434650 0.444609 0.468845 0.442762 0.522796 0.439808 0.563070 0.442762 0.603343 0.458272 0.592705 0.467873 0.554711 0.470827 0.477204 0.472674 0.429331 0.470827 0.402736
0 0.424298 0.402736 0.419498 0.474924 0.416544 0.528875 0.413589 0.582827 0.426145 0.594985 0.437962 0.566869 0.446455 0.509119 0.449409 0.424772
0 0.398080 0.398936 0.395864 0.436930 0.392171 0.512918 0.391064 0.572948 0.403988 0.603343 0.421344 0.570669 0.425037 0.478723 0.427991 0.396657 0.414328 0.391337
0 0.373708 0.405015 0.373708 0.451368 0.371861 0.521277 0.369645 0.572948 0.383309 0.604863 0.404727 0.575228 0.404727 0.516717 0.404727 0.455167 0.406573 0.401216 0.383309 0.391337
0 0.312408 0.411094 0.311669 0.446809 0.319424 0.494681 0.329025 0.560790 0.333826 0.591185 0.355244 0.582827 0.361891 0.543313 0.348597 0.484802 0.338626 0.418693 0.330871 0.395137
0 0.504062 0.402736 0.501108 0.472644 0.494092 0.534954 0.491137 0.591185 0.504801 0.601064 0.512555 0.570669 0.513663 0.506839 0.518464 0.446809 0.520310 0.423252
0 0.532127 0.414894 0.526219 0.446809 0.524372 0.503040 0.523264 0.575228 0.533235 0.607143 0.544682 0.548632 0.544682 0.484802 0.543575 0.430851
0 0.554284 0.414894 0.546529 0.430851 0.543575 0.515198 0.542836 0.597264 0.567947 0.604863 0.575702 0.538754 0.575702 0.449088 0.575702 0.401216 0.567208 0.386778
0 0.585672 0.379179 0.569055 0.427052 0.562038 0.515198 0.561300 0.575228 0.567208 0.604863 0.586411 0.603343 0.587518 0.538754 0.588626 0.465046 0.591211 0.423252 0.598227 0.379179
0 0.601182 0.407295 0.592319 0.458967 0.581610 0.522796 0.581610 0.566869 0.590473 0.594985 0.601920 0.591185 0.604874 0.525076 0.615583 0.468845 0.617430 0.434650 0.612629 0.413374
0 0.618538 0.427052 0.610783 0.472644 0.605982 0.538754 0.604136 0.585106 0.619645 0.604863 0.638109 0.608663 0.646603 0.563070 0.644018 0.484802 0.644756 0.436930
0 0.646603 0.413374 0.638848 0.474924 0.638848 0.550912 0.647710 0.594985 0.664328 0.591185 0.683530 0.575228 0.679838 0.516717 0.673929 0.468845 0.675775 0.420973 0.669129 0.391337
0 0.513663 0.632979 0.505908 0.651216 0.505908 0.689210 0.504062 0.750760 0.501846 0.826748 0.514771 0.816869 0.517356 0.788754 0.520310 0.734802 0.525111 0.680851 0.527326 0.642857
0 0.536928 0.629179 0.527326 0.648936 0.524372 0.708967 0.519572 0.755319 0.519572 0.844985 0.532127 0.867021 0.539882 0.787234 0.541728 0.721125 0.542836 0.690729 0.549483 0.658815
0 0.552437 0.635258 0.543575 0.652736 0.542836 0.708967 0.544682 0.765198 0.544682 0.813070 0.561300 0.873100 0.566100 0.810790 0.564254 0.760638 0.567208 0.706687 0.569055 0.652736 0.564993 0.626900
0 0.570901 0.645137 0.566100 0.696809 0.566100 0.744681 0.572009 0.788754 0.581610 0.835106 0.588626 0.794833 0.588626 0.740881 0.590473 0.696809 0.593427 0.652736 0.589365 0.632979
0 0.596381 0.630699 0.583456 0.646657 0.587518 0.695289 0.596381 0.760638 0.604136 0.836626 0.615583 0.804711 0.615583 0.765198 0.615583 0.693009 0.615583 0.651216
0 0.641064 0.641337 0.632201 0.664894 0.635894 0.696809 0.651773 0.728723 0.670236 0.778875 0.685746 0.794833 0.704210 0.771277 0.707903 0.734802 0.688700 0.690729 0.676883 0.651216 0.665066 0.619301
0 0.689439 0.607143 0.681684 0.623100 0.688700 0.664894 0.715657 0.727204 0.751846 0.740881 0.758493 0.705167 0.744092 0.661094 0.727474 0.620821 0.723412 0.588906 0.701994 0.586626
0 0.493353 0.639058 0.486337 0.684650 0.486337 0.737082 0.487445 0.825228 0.495199 0.829027 0.501108 0.756839 0.501846 0.680851 0.506647 0.652736
0 0.474889 0.641337 0.464919 0.655015 0.466027 0.695289 0.471935 0.744681 0.469719 0.854863 0.478582 0.787234 0.485598 0.733283 0.491137 0.668693 0.486337 0.635258
0 0.453471 0.641337 0.438700 0.683131 0.443501 0.749240 0.439808 0.836626 0.442762 0.869301 0.457164 0.798632 0.466027 0.727204 0.469719 0.664894
0 0.426145 0.635258 0.415436 0.673252 0.415436 0.753040 0.416544 0.847264 0.430207 0.848784 0.435007 0.750760 0.445716 0.696809 0.448671 0.652736
0 0.401034 0.629179 0.390325 0.652736 0.389217 0.711246 0.388109 0.847264 0.407681 0.804711 0.426145 0.717325 0.426145 0.662614 0.415436 0.630699
0 0.313516 0.617021 0.303545 0.684650 0.292097 0.750760 0.299852 0.793313 0.321270 0.794833 0.339734 0.749240 0.354136 0.693009 0.367799 0.651216 0.364106 0.629179 0.343427 0.608663 0.329025 0.607143
0 0.272526 0.585106 0.258124 0.630699 0.244461 0.683131 0.245569 0.737082 0.275480 0.743161 0.300960 0.702888 0.313516 0.652736 0.320162 0.610942 0.296898 0.591185
