0 0.495241 0.308511 0.501020 0.498480 0.501020 0.529635 0.470428 0.526596 0.469409 0.487842 0.472128 0.458967 0.467369 0.310790
0 0.469069 0.309271 0.471448 0.458967 0.469069 0.488602 0.468729 0.527356 0.451734 0.520517 0.449014 0.503040 0.448674 0.471884 0.449354 0.447568 0.452073 0.317629
0 0.446975 0.304711 0.450714 0.448328 0.454453 0.482523 0.438817 0.540274 0.423521 0.498480 0.423182 0.443769 0.429640 0.306991
0 0.403127 0.300152 0.395989 0.514438 0.407886 0.537234 0.417743 0.537234 0.430659 0.514438 0.434398 0.481763 0.428620 0.301672
0 0.496261 0.301672 0.499320 0.470365 0.502379 0.532675 0.532631 0.523556 0.530591 0.489362 0.526173 0.453647 0.521754 0.302432
0 0.525833 0.304711 0.526852 0.453647 0.530591 0.490122 0.533990 0.525836 0.543168 0.525836 0.547587 0.503040 0.549966 0.483283 0.547927 0.464286 0.548946 0.306991
0 0.554725 0.277356 0.548266 0.423252 0.547587 0.480243 0.555065 0.515198 0.563222 0.522036 0.569680 0.524316 0.576818 0.506079 0.579198 0.483283 0.577158 0.276596
0 0.498640 0.553191 0.496601 0.586626 0.504079 0.775836 0.521074 0.771277 0.519714 0.610182 0.518355 0.553191
0 0.527532 0.553191 0.518015 0.553951 0.520394 0.623860 0.528212 0.809271 0.555404 0.796353 0.541808 0.617781 0.542488 0.567629 0.539089 0.548632
0 0.546227 0.543313 0.541468 0.551672 0.538749 0.564590 0.537050 0.582067 0.539089 0.604103 0.542828 0.619301 0.555404 0.814590 0.575459 0.807751 0.569680 0.613222 0.566961 0.553191 0.550646 0.540274
0 0.578178 0.545593 0.570020 0.575228 0.567641 0.591945 0.573080 0.646657 0.579878 0.810030 0.600272 0.794833 0.594833 0.612462 0.595513 0.585106 0.594154 0.569909 0.588715 0.553191 0.585656 0.550152
0 0.600612 0.537234 0.590755 0.553951 0.592794 0.585106 0.597213 0.624620 0.607750 0.810030 0.628824 0.793313 0.618287 0.609422 0.621006 0.584347 0.621346 0.568389 0.619307 0.558511 0.616247 0.549392 0.607750 0.533435
0 0.632563 0.542553 0.621346 0.533435 0.617267 0.546353 0.616587 0.564590 0.617607 0.588906 0.620326 0.599544 0.621686 0.629179 0.643780 0.802432 0.691366 0.745441 0.662135 0.598024 0.663154 0.578267 0.663154 0.557751 0.661455 0.546353 0.654317 0.527356 0.649898 0.527356 0.642760 0.534954
0 0.679130 0.526596 0.661115 0.534195 0.660435 0.545593 0.661795 0.561550 0.664174 0.578267 0.663834 0.594985 0.668933 0.628419 0.699524 0.765198 0.740313 0.708207 0.728756 0.636018 0.715840 0.591945 0.711761 0.530395 0.697825 0.515198
0 0.501020 0.550912 0.496941 0.585106 0.506118 0.778875 0.486744 0.781155 0.479946 0.615502 0.477906 0.579787 0.481305 0.566109
0 0.471108 0.547872 0.456152 0.560030 0.456492 0.592705 0.459551 0.632979 0.465670 0.796353 0.485384 0.787234 0.479266 0.609422 0.477906 0.579787 0.478926 0.553191
0 0.445275 0.550152 0.432359 0.569149 0.432019 0.596505 0.432019 0.607903 0.433719 0.622340 0.436098 0.810030 0.459211 0.803951 0.458192 0.612462 0.458532 0.600304 0.460231 0.588146 0.459551 0.573708 0.456832 0.557751 0.452413 0.549392
0 0.425221 0.550912 0.436098 0.586626 0.433719 0.610182 0.434058 0.804711 0.407206 0.802432 0.408566 0.626140 0.404487 0.588906 0.406186 0.575988 0.416383 0.558511
0 0.399388 0.552432 0.392590 0.550152 0.387152 0.556991 0.380354 0.569149 0.378314 0.609422 0.372536 0.849544 0.398708 0.844225 0.404147 0.632979 0.410265 0.598784 0.411965 0.574468 0.405846 0.558511
0 0.372876 0.534954 0.351462 0.525076 0.339905 0.539514 0.336846 0.550152 0.334806 0.577508 0.336166 0.593465 0.311353 0.756079 0.363358 0.782675 0.380693 0.602584 0.381373 0.569149 0.383753 0.560030 0.386132 0.544073
0 0.319171 0.515957 0.300476 0.524316 0.292998 0.547112 0.285180 0.585866 0.264106 0.707447 0.304895 0.754559 0.337525 0.594225 0.341944 0.569149 0.341604 0.543313 0.330727 0.526596
0 0.297077 0.294073 0.318831 0.414894 0.316111 0.510638 0.346703 0.520517 0.364378 0.494681 0.354521 0.337386 0.339905 0.268237
0 0.642420 0.291793 0.629844 0.492401 0.647859 0.518237 0.669952 0.512158 0.678450 0.483283 0.678790 0.444529 0.690007 0.306231 0.668933 0.291033
