0 0.470802 0.560030 0.491476 0.568389 0.505259 0.564590 0.496192 0.338146 0.470802 0.340426 0.473703 0.436930 0.471890 0.509119
0 0.450127 0.558511 0.473703 0.566109 0.473703 0.496960 0.468988 0.311550 0.451215 0.311550 0.449402 0.486322 0.448313 0.533435
0 0.409140 0.539514 0.416032 0.558511 0.424737 0.564590 0.436707 0.556231 0.443235 0.533435 0.443235 0.363222 0.429815 0.278875 0.410229 0.281155 0.414944 0.373100 0.410954 0.447568 0.408052 0.503040
0 0.396445 0.552432 0.413856 0.531915 0.414944 0.486322 0.414944 0.319909 0.404062 0.324468 0.388466 0.428571 0.380849 0.503040 0.375771 0.518997 0.377584 0.539514 0.383750 0.552432
0 0.350381 0.531915 0.363076 0.545593 0.386652 0.529635 0.384476 0.482523 0.384476 0.377660 0.393544 0.295593 0.372869 0.287234 0.361988 0.360942 0.356184 0.453647 0.352194 0.488602 0.350381 0.517477
0 0.315923 0.518997 0.339499 0.521277 0.355096 0.512918 0.353283 0.462006 0.352194 0.414134 0.355096 0.352584 0.338411 0.281155 0.301415 0.305471 0.315923 0.428571 0.313021 0.453647 0.308306 0.469605 0.308306 0.498480
0 0.265143 0.480243 0.275662 0.490122 0.295248 0.496960 0.308306 0.494681 0.311933 0.471884 0.310120 0.447568 0.306130 0.392097 0.306130 0.338146 0.291621 0.268997 0.255350 0.281155 0.258977 0.357143 0.268770 0.408055 0.270947 0.424772 0.265143 0.443009
0 0.508161 0.564590 0.526659 0.564590 0.534639 0.560030 0.537541 0.504559 0.538629 0.332067 0.522670 0.332067 0.509975 0.463526 0.505985 0.518997 0.503083 0.552432
0 0.536453 0.558511 0.558215 0.552432 0.562205 0.332067 0.548422 0.334347 0.541531 0.480243 0.534639 0.553951 0.534639 0.558511
0 0.567646 0.533435 0.574538 0.550912 0.585782 0.552432 0.595212 0.540274 0.597026 0.522796 0.595938 0.382979 0.605005 0.285714 0.585782 0.278116 0.574538 0.353343 0.571636 0.402736 0.571636 0.449088 0.569460 0.489362 0.567646 0.517477
0 0.602829 0.536474 0.610083 0.541793 0.620239 0.550912 0.626043 0.548632 0.629307 0.536474 0.632572 0.531155 0.629307 0.501520 0.624229 0.486322 0.616975 0.414134 0.612622 0.300912 0.600290 0.304711 0.595938 0.443769 0.596663 0.486322 0.598477 0.506839
0 0.624955 0.524316 0.630395 0.526596 0.642002 0.538754 0.655423 0.524316 0.641639 0.393617 0.645992 0.303191 0.629307 0.300912 0.621690 0.367781 0.622778 0.411094 0.622778 0.449088 0.622778 0.484802
0 0.655423 0.518997 0.672107 0.518997 0.686253 0.517477 0.694233 0.498480 0.692782 0.459726 0.686253 0.432371 0.690968 0.337386 0.656873 0.335866 0.650345 0.398936 0.655423 0.440729 0.653609 0.484802 0.652521 0.509119
0 0.694233 0.494681 0.704389 0.503799 0.715996 0.489362 0.725426 0.489362 0.735945 0.477204 0.735945 0.455167 0.727965 0.426292 0.726152 0.388298 0.722524 0.302432 0.696046 0.315350 0.693507 0.370821 0.694233 0.421733 0.690243 0.462006 0.690968 0.487842
0 0.501632 0.603343 0.520856 0.595745 0.524483 0.777356 0.511063 0.779635 0.508524 0.674772
0 0.520856 0.598024 0.541893 0.591185 0.545883 0.706687 0.557853 0.778116 0.541893 0.788754 0.530287 0.712766
0 0.549148 0.583587 0.569460 0.594225 0.571636 0.669453 0.591222 0.809271 0.576714 0.819909 0.557490 0.724164 0.547697 0.664134 0.548422 0.639818 0.546609 0.619301 0.546609 0.591185
0 0.572724 0.582067 0.580341 0.578267 0.592673 0.579027 0.594124 0.606383 0.599565 0.611702 0.599202 0.654255 0.596663 0.701368 0.609358 0.800152 0.593399 0.807751 0.579978 0.712766 0.574538 0.666413 0.575988 0.634498 0.571999 0.595745
0 0.595938 0.571429 0.600290 0.566869 0.607544 0.571429 0.621690 0.569909 0.622778 0.582067 0.625317 0.601824 0.629307 0.653495 0.642002 0.775836 0.632572 0.783435 0.616975 0.728723 0.605005 0.653495 0.598477 0.608663 0.595212 0.587386 0.593399 0.583587
0 0.620239 0.566869 0.626768 0.550912 0.636924 0.550912 0.645992 0.543313 0.660863 0.544073 0.666667 0.553951 0.669568 0.585866 0.668480 0.606383 0.672107 0.625380 0.697497 0.743161 0.655060 0.772796 0.640189 0.708207 0.635111 0.666413 0.629307 0.625380 0.627856 0.610182 0.624229 0.601824 0.621690 0.584347
0 0.664490 0.545593 0.673558 0.534954 0.681175 0.531155 0.686979 0.534954 0.696772 0.526596 0.707653 0.526596 0.713457 0.554711 0.714182 0.569909 0.720348 0.592705 0.752992 0.683131 0.725063 0.716565 0.701124 0.685410 0.690968 0.660334 0.683714 0.629179 0.676097 0.601824 0.667755 0.578267 0.663765 0.554711
0 0.705840 0.522796 0.721799 0.502280 0.736308 0.490881 0.743562 0.496960 0.748640 0.525836 0.759521 0.566109 0.780921 0.573708 0.772579 0.642857 0.752992 0.622340 0.738484 0.619301 0.727602 0.601064 0.715270 0.578267 0.710918 0.550912
0 0.482771 0.598024 0.501632 0.607143 0.499093 0.768997 0.484222 0.768997 0.481683 0.642857
0 0.460283 0.588906 0.482408 0.595745 0.475880 0.793313 0.458469 0.790274 0.463547 0.730243 0.463547 0.685410 0.461008 0.658815 0.458469 0.594225
0 0.434893 0.606383 0.450127 0.585866 0.455205 0.585866 0.458469 0.610182 0.457381 0.639818 0.457381 0.690729 0.451941 0.741641 0.435981 0.819909 0.418208 0.803951 0.430903 0.720365 0.433442 0.680091 0.435256 0.636018 0.432717 0.613222
0 0.411679 0.589666 0.420022 0.583587 0.429452 0.582067 0.432717 0.589666 0.437432 0.611702 0.434893 0.626140 0.425825 0.636778 0.427639 0.654255 0.430178 0.693769 0.429452 0.721884 0.417483 0.800152 0.405876 0.788754 0.409866 0.725684 0.404425 0.697568 0.401886 0.667933 0.398984 0.648176 0.400073 0.619301 0.402612 0.607143
0 0.296337 0.524316 0.313021 0.531915 0.323540 0.533435 0.333696 0.543313 0.333696 0.554711 0.331157 0.578267 0.324628 0.596505 0.318099 0.610182 0.311933 0.632979 0.302140 0.666413 0.262967 0.723404 0.237940 0.683891 0.249547 0.631459 0.273848 0.578267 0.282191 0.552432 0.284730 0.540274 0.293072 0.526596
0 0.259703 0.484043 0.273848 0.498480 0.291259 0.513678 0.292709 0.533435 0.284367 0.550912 0.273123 0.568389 0.268045 0.582067 0.202031 0.646657 0.187885 0.603343 0.212913 0.583587 0.228509 0.560790 0.247733 0.506839 0.254625 0.486322
