0 0.475211 0.379939 0.474199 0.417933 0.473187 0.465046 0.473187 0.505319 0.475211 0.545593 0.488027 0.545593 0.493086 0.525076 0.493086 0.478723 0.493086 0.436170 0.494772 0.395897 0.494772 0.377660 0.492074 0.367021
0 0.457336 0.377660 0.457336 0.398176 0.457336 0.429331 0.455312 0.469605 0.448229 0.527356 0.448229 0.559271 0.463069 0.565350 0.468128 0.547872 0.468128 0.525076 0.470152 0.481003 0.471164 0.445289 0.471164 0.377660
0 0.441484 0.369301 0.438449 0.386778 0.438449 0.424772 0.435413 0.462766 0.430354 0.498480 0.429342 0.529635 0.434401 0.543313 0.447218 0.527356 0.451265 0.465046 0.452277 0.398176 0.461046 0.367021 0.452277 0.348784 0.443170 0.346505
0 0.423609 0.367021 0.423609 0.382219 0.423609 0.422492 0.422597 0.458207 0.418550 0.507599 0.417538 0.536474 0.427319 0.541033 0.434401 0.509878 0.434401 0.465046 0.436425 0.405015 0.436425 0.364742 0.436425 0.335866 0.426307 0.337386
0 0.410455 0.357903 0.408769 0.391337 0.406745 0.447568 0.395616 0.500760 0.399663 0.541033 0.411467 0.531915 0.420573 0.503040 0.424621 0.449088 0.425632 0.400456 0.423609 0.353343
0 0.384823 0.329027 0.381788 0.386778 0.378752 0.427052 0.375042 0.481003 0.376728 0.509878 0.389882 0.525076 0.407757 0.527356 0.407757 0.485562 0.405734 0.440729 0.404722 0.384498 0.405734 0.353343 0.406745 0.335866
0 0.367960 0.337386 0.367960 0.386778 0.361889 0.427052 0.357167 0.462766 0.354132 0.500760 0.375042 0.514438 0.378752 0.496201 0.378752 0.440729 0.379764 0.389058 0.384823 0.357903 0.386847 0.331307 0.373019 0.313070
0 0.348061 0.324468 0.343002 0.351064 0.336256 0.393617 0.330185 0.431611 0.328162 0.453647 0.336256 0.478723 0.347049 0.485562 0.357167 0.460486 0.361889 0.420213 0.369983 0.367021 0.372007 0.337386 0.369983 0.319909 0.359865 0.313070
0 0.496796 0.353343 0.496796 0.386778 0.493086 0.469605 0.488027 0.509878 0.490051 0.554711 0.496796 0.563830 0.507926 0.565350 0.513659 0.547872 0.514671 0.512158 0.514671 0.462766 0.514671 0.424772 0.514671 0.382219 0.511636 0.360182 0.509949 0.346505
0 0.516695 0.360182 0.515683 0.402736 0.515683 0.447568 0.514671 0.496201 0.514671 0.527356 0.518718 0.545593 0.532546 0.556991 0.537605 0.538754 0.534570 0.509878 0.532546 0.451368 0.530523 0.407295 0.532546 0.362462 0.532546 0.348784
0 0.538617 0.357903 0.536594 0.375380 0.533558 0.451368 0.533558 0.489362 0.531535 0.554711 0.544351 0.550152 0.546374 0.514438 0.550422 0.440729 0.551433 0.393617 0.551433 0.360182
0 0.556492 0.353343 0.551433 0.436170 0.547386 0.489362 0.544351 0.531915 0.559528 0.552432 0.566273 0.545593 0.567285 0.498480 0.567285 0.443009 0.570320 0.384498 0.569309 0.355623
0 0.568297 0.335866 0.568297 0.391337 0.568297 0.447568 0.568297 0.487082 0.569309 0.550152 0.580101 0.550152 0.584148 0.514438 0.584148 0.465046 0.584148 0.375380 0.583137 0.329027
0 0.583137 0.331307 0.576391 0.391337 0.574368 0.462766 0.576391 0.507599 0.585160 0.534195 0.608094 0.525076 0.609106 0.507599 0.605059 0.455927 0.603035 0.371581 0.603035 0.333587 0.594941 0.310790
0 0.600000 0.319909 0.603035 0.379939 0.605059 0.462766 0.605059 0.487082 0.617875 0.518997 0.640809 0.500760 0.634739 0.443009 0.621922 0.360182 0.619899 0.306231
0 0.614840 0.324468 0.613828 0.369301 0.630691 0.476444 0.653626 0.483283 0.658685 0.469605 0.659696 0.447568 0.654637 0.393617 0.645531 0.339666 0.641821 0.297872 0.635750 0.284195 0.623946 0.291033
0 0.502867 0.809271 0.503879 0.775836 0.503879 0.735562 0.503879 0.695289 0.503879 0.657295 0.510624 0.650456 0.516695 0.650456 0.518718 0.668693 0.516695 0.706687 0.516695 0.746960 0.516695 0.789514 0.513659 0.820669
0 0.532546 0.639818 0.522766 0.645897 0.519730 0.724164 0.519730 0.751520 0.519730 0.773556 0.519730 0.800152 0.524789 0.842705 0.529511 0.816109 0.533558 0.773556 0.534570 0.735562 0.534570 0.708967 0.536594 0.675532
0 0.553457 0.628419 0.540641 0.639818 0.537605 0.668693 0.539629 0.711246 0.540641 0.764438 0.544351 0.806991 0.550422 0.835866 0.557504 0.791793 0.561214 0.742401 0.562226 0.702128
0 0.563238 0.630699 0.560202 0.648176 0.559528 0.670973 0.557504 0.702128 0.558516 0.731003 0.560202 0.759878 0.563238 0.793313 0.575379 0.813830 0.575379 0.793313 0.577066 0.740122 0.577066 0.704407 0.576391 0.681611 0.573356 0.655015
0 0.579089 0.617021 0.578078 0.650456 0.577066 0.717325 0.585160 0.766717 0.592243 0.816109 0.601012 0.766717 0.600000 0.693009 0.596965 0.666413 0.590219 0.628419
0 0.642833 0.563830 0.628668 0.574468 0.622934 0.588146 0.616863 0.601824 0.617875 0.617021 0.630691 0.643617 0.643845 0.664134 0.652614 0.686170 0.663406 0.713526 0.674536 0.742401 0.682293 0.731003 0.685329 0.688450 0.686341 0.657295 0.674536 0.614742 0.662395 0.592705
0 0.674536 0.521277 0.663406 0.534195 0.651602 0.554711 0.667454 0.597264 0.682293 0.626140 0.688364 0.639818 0.706239 0.670973 0.719056 0.677812 0.726138 0.673252 0.730860 0.630699 0.710287 0.574468 0.698145 0.550152
0 0.487015 0.635258 0.484992 0.670973 0.490051 0.719605 0.491062 0.751520 0.488027 0.816109 0.495784 0.827508 0.498820 0.746960 0.498820 0.708967 0.502867 0.670973 0.502867 0.650456
0 0.476223 0.637538 0.473187 0.659574 0.469140 0.693009 0.469140 0.733283 0.469140 0.764438 0.470152 0.800152 0.476223 0.822948 0.480944 0.787234 0.482968 0.742401 0.484992 0.704407 0.484992 0.675532
0 0.458347 0.632979 0.449241 0.648176 0.449241 0.679331 0.447218 0.731003 0.447218 0.780395 0.449241 0.838146 0.456324 0.851824 0.461046 0.827508 0.463069 0.773556 0.467116 0.728723 0.467116 0.681611
0 0.444182 0.637538 0.437437 0.637538 0.426307 0.641337 0.424621 0.659574 0.424621 0.688450 0.424621 0.731003 0.424621 0.759878 0.424621 0.809271 0.435413 0.809271 0.440472 0.764438 0.443170 0.717325 0.443170 0.688450 0.443170 0.661854
0 0.375717 0.607903 0.358853 0.668693 0.348061 0.702128 0.328162 0.719605 0.313322 0.702128 0.322428 0.661854 0.331197 0.621581 0.347049 0.576748
0 0.322428 0.527356 0.300506 0.574468 0.283642 0.612462 0.272850 0.637538 0.272850 0.688450 0.301518 0.679331 0.307251 0.655015 0.325126 0.623860 0.338280 0.599544 0.346037 0.574468 0.346037 0.556991 0.337268 0.543313
