0 0.478351 0.360182 0.477320 0.386018 0.474227 0.446809 0.474227 0.494681 0.473196 0.540274 0.474227 0.583587 0.506873 0.566109 0.500687 0.522796 0.498969 0.477204 0.500000 0.436170 0.503780 0.370821 0.501718 0.348784 0.474227 0.338146
0 0.448797 0.316869 0.448797 0.370821 0.448797 0.424772 0.443986 0.464286 0.443986 0.484043 0.440893 0.529635 0.445704 0.553191 0.457732 0.557751 0.465636 0.546353 0.467354 0.496960 0.467354 0.411854 0.472509 0.342705 0.470447 0.314590
0 0.441924 0.335866 0.440893 0.362462 0.445704 0.408055 0.445704 0.470365 0.446735 0.512158 0.447766 0.531155 0.438144 0.553191 0.429210 0.561550 0.425086 0.535714 0.427148 0.496960 0.418213 0.431611 0.418213 0.325228
0 0.402749 0.355623 0.397938 0.442249 0.397938 0.474924 0.397938 0.496960 0.406529 0.560030 0.422337 0.548632 0.426117 0.514438 0.424399 0.484043 0.423368 0.439970 0.420275 0.405775 0.420275 0.347264
0 0.399656 0.386018 0.398625 0.405775 0.398625 0.439970 0.393814 0.500760 0.393814 0.531155 0.396907 0.557751 0.389003 0.561550 0.375258 0.557751 0.367354 0.546353 0.366323 0.512158 0.366323 0.464286 0.368385 0.414134 0.374227 0.348784 0.382131 0.342705 0.392784 0.342705
0 0.365292 0.381459 0.361512 0.503040 0.359450 0.533435 0.347766 0.553191 0.328179 0.540274 0.318213 0.522796 0.321993 0.494681 0.328866 0.444529 0.331959 0.408055 0.337801 0.357903 0.358419 0.348784 0.364261 0.351064
0 0.510653 0.351064 0.509622 0.392857 0.509622 0.462006 0.509622 0.496960 0.508591 0.546353 0.511684 0.570669 0.518557 0.577508 0.528179 0.568389 0.531271 0.544833 0.535052 0.503040 0.536082 0.464286 0.535052 0.424772 0.535052 0.383739 0.536082 0.355623
0 0.541237 0.363982 0.540206 0.411854 0.536082 0.485562 0.535052 0.535714 0.543986 0.553191 0.554983 0.553191 0.559794 0.509878 0.558763 0.444529 0.556701 0.377660 0.556701 0.357903
0 0.566667 0.370821 0.563574 0.408055 0.559794 0.436170 0.559794 0.466565 0.555670 0.512158 0.558763 0.550912 0.573540 0.553191 0.583162 0.525076 0.584192 0.468845 0.584192 0.414134 0.585223 0.388298
0 0.587285 0.390578 0.582474 0.436170 0.582474 0.496960 0.582474 0.548632 0.591065 0.563830 0.602062 0.561550 0.610653 0.546353 0.609966 0.479483 0.607904 0.405775 0.607904 0.390578
0 0.633333 0.390578 0.635395 0.431611 0.631271 0.470365 0.623711 0.503040 0.626460 0.531155 0.645017 0.548632 0.667698 0.548632 0.671821 0.531155 0.665636 0.433891 0.669759 0.383739
0 0.517526 0.742401 0.510653 0.685410 0.507560 0.664134 0.505842 0.631459 0.513746 0.611702 0.521306 0.616261 0.527491 0.655015 0.527491 0.683891 0.526460 0.759119 0.527491 0.787994 0.514433 0.772796
0 0.538144 0.605623 0.529210 0.633739 0.529210 0.668693 0.530241 0.718085 0.532302 0.759119 0.532302 0.787994 0.540206 0.789514 0.546048 0.757599 0.546048 0.718085 0.546048 0.668693 0.546048 0.626900
0 0.565636 0.616261 0.558763 0.616261 0.551890 0.618541 0.547079 0.644377 0.545017 0.670213 0.548110 0.735562 0.551890 0.772796 0.555670 0.803191 0.560825 0.819909 0.567698 0.765957 0.567698 0.681611 0.569416 0.638298
0 0.588316 0.594225 0.577320 0.590426 0.572509 0.605623 0.570447 0.624620 0.570447 0.639818 0.576289 0.694529 0.579381 0.720365 0.584192 0.768237 0.592096 0.813830 0.596907 0.776596 0.596907 0.700608 0.596220 0.653495
0 0.607904 0.596505 0.596220 0.603343 0.586254 0.626900 0.601031 0.672492 0.610653 0.743921 0.615808 0.803191 0.623711 0.816109 0.627491 0.763678 0.622680 0.702888 0.623711 0.636018 0.622680 0.609422
0 0.632302 0.590426 0.625430 0.594225 0.622680 0.611702 0.624399 0.642097 0.633333 0.692249 0.641237 0.746201 0.649141 0.776596 0.668729 0.770517 0.679381 0.742401 0.678694 0.687690 0.668729 0.644377 0.665636 0.598784 0.661856 0.579027 0.641237 0.575228
0 0.701031 0.546353 0.681443 0.548632 0.669759 0.555471 0.662887 0.570669 0.661856 0.596505 0.668729 0.639818 0.680412 0.685410 0.696220 0.746201 0.715808 0.724924 0.715808 0.683891 0.707904 0.631459 0.707904 0.592705
0 0.497938 0.768237 0.504811 0.698328 0.506873 0.664134 0.507560 0.646657 0.504811 0.626900 0.496907 0.613982 0.485223 0.618541 0.481100 0.636018 0.483162 0.659574 0.484192 0.698328 0.484192 0.733283 0.484192 0.789514 0.491065 0.800912
0 0.475258 0.778875 0.481100 0.724924 0.482131 0.670213 0.482131 0.644377 0.480069 0.624620 0.471478 0.598784 0.463574 0.603343 0.460481 0.629179 0.462543 0.659574 0.462543 0.698328 0.459450 0.759119 0.459450 0.781155 0.467354 0.791793
0 0.448797 0.785714 0.456701 0.765957 0.459450 0.700608 0.461512 0.657295 0.461512 0.623100 0.450859 0.601064 0.443986 0.609422 0.440893 0.633739 0.438832 0.659574 0.437113 0.687690 0.435052 0.722644 0.434021 0.757599 0.437113 0.804711
0 0.422337 0.785714 0.430241 0.727204 0.435052 0.672492 0.437113 0.631459 0.437113 0.611702 0.425086 0.605623 0.414433 0.618541 0.411340 0.646657 0.411340 0.679331 0.408591 0.737842 0.406529 0.759119 0.406529 0.781155
0 0.397938 0.800912 0.405498 0.724924 0.417526 0.664134 0.421306 0.633739 0.400687 0.607903 0.386942 0.620821 0.381100 0.661854 0.374227 0.709726 0.379038 0.781155 0.379038 0.809271
0 0.359450 0.781155 0.367354 0.755319 0.374227 0.718085 0.385911 0.624620 0.389003 0.609422 0.379038 0.588146 0.365292 0.581307 0.355670 0.581307 0.346735 0.616261 0.317182 0.722644 0.320275 0.742401 0.335052 0.770517
0 0.306529 0.715805 0.329897 0.668693 0.355670 0.631459 0.357388 0.611702 0.343643 0.572948 0.328179 0.557751 0.314433 0.548632 0.303436 0.583587 0.297595 0.609422 0.293814 0.638298 0.289691 0.670213 0.280756 0.698328
0 0.236770 0.570669 0.259450 0.570669 0.280756 0.568389 0.296564 0.579027 0.292784 0.618541 0.291753 0.664134 0.243643 0.655015 0.236770 0.642097
0 0.762887 0.588146 0.716838 0.592705 0.713058 0.629179 0.714089 0.651216 0.721649 0.679331 0.736426 0.670213 0.750172 0.644377 0.767010 0.629179
