0 0.509173 0.372340 0.504673 0.541793 0.513673 0.550152 0.529249 0.547872 0.532018 0.515957 0.530287 0.354103
0 0.534787 0.350304 0.552094 0.351824 0.556594 0.477964 0.552786 0.535714 0.540325 0.544073 0.529249 0.519757 0.532018 0.437690
0 0.565594 0.363982 0.582901 0.366261 0.582901 0.452128 0.576670 0.508359 0.576670 0.535714 0.570093 0.546353 0.559363 0.544073 0.554863 0.519757 0.559363 0.448328
0 0.590170 0.377660 0.602285 0.376140 0.604015 0.449848 0.596746 0.503799 0.599515 0.537994 0.592246 0.553951 0.577362 0.531915 0.577362 0.512158 0.585670 0.449848
0 0.606784 0.373860 0.624091 0.373860 0.627553 0.453647 0.625822 0.529635 0.621322 0.550152 0.613015 0.544073 0.604708 0.547872 0.600208 0.535714 0.598477 0.500000 0.605746 0.452128
0 0.629283 0.367781 0.650398 0.370061 0.658705 0.474164 0.658705 0.529635 0.644168 0.540274 0.627553 0.540274 0.625822 0.475684
0 0.685012 0.382219 0.700588 0.372340 0.709588 0.420213 0.709588 0.508359 0.696089 0.508359 0.683974 0.509878 0.676705 0.468085
0 0.486327 0.367781 0.497404 0.370061 0.503634 0.535714 0.501904 0.547872 0.481828 0.553951 0.475597 0.535714 0.475597 0.459726 0.477328 0.361702
0 0.458982 0.366261 0.471097 0.366261 0.475597 0.524316 0.467290 0.547872 0.456213 0.529635
0 0.440983 0.360182 0.454483 0.361702 0.457252 0.537994 0.448252 0.550152 0.436483 0.522036
0 0.418138 0.366261 0.437175 0.360182 0.440983 0.535714 0.427137 0.547872 0.417099 0.525836
0 0.395292 0.370061 0.417099 0.370061 0.420907 0.537994 0.399792 0.551672 0.394600 0.512158
0 0.372447 0.377660 0.393562 0.376140 0.406369 0.531915 0.399100 0.551672 0.386293 0.557751 0.365178 0.546353 0.370717 0.487842
0 0.337141 0.370061 0.363448 0.370061 0.368986 0.497720 0.367255 0.529635 0.348910 0.535714 0.322603 0.519757 0.324334 0.453647 0.337833 0.439970
0 0.307027 0.285714 0.330564 0.285714 0.341641 0.436170 0.323295 0.448328 0.302527 0.430091 0.296989 0.392097
0 0.505711 0.591945 0.517480 0.594225 0.519211 0.594225 0.534787 0.772036 0.514711 0.772036
0 0.528210 0.589666 0.544825 0.588146 0.549325 0.600304 0.551056 0.779635 0.537556 0.779635
0 0.549325 0.589666 0.556594 0.578267 0.566632 0.582067 0.572863 0.617781 0.577362 0.785714 0.559363 0.785714 0.550363 0.676292
0 0.567670 0.578267 0.578401 0.567629 0.592939 0.573708 0.596746 0.629939 0.602285 0.772036 0.584978 0.785714 0.572170 0.648176
0 0.590170 0.585866 0.596746 0.567629 0.615784 0.567629 0.623053 0.616261 0.630322 0.769757 0.608515 0.769757 0.596746 0.648176
0 0.616822 0.567629 0.649360 0.553951 0.654898 0.575988 0.677743 0.721884 0.647629 0.756079 0.634129 0.725684
0 0.650398 0.556231 0.654206 0.544073 0.689512 0.522036 0.703358 0.544073 0.731395 0.681611 0.700588 0.730243 0.682243 0.714286
0 0.485635 0.594225 0.502942 0.588146 0.505711 0.613982 0.504673 0.781915 0.481135 0.781915
0 0.462790 0.598024 0.466251 0.585866 0.480097 0.585866 0.483558 0.642097 0.482866 0.787994 0.463828 0.787994
0 0.443752 0.585866 0.452752 0.567629 0.460021 0.601824 0.462790 0.791793 0.441675 0.791793
0 0.427137 0.572188 0.437175 0.562310 0.448252 0.584347 0.438214 0.778116 0.418138 0.778116
0 0.315334 0.534195 0.328834 0.529635 0.366217 0.551672 0.370717 0.575988 0.324334 0.712006 0.276912 0.680091 0.278643 0.622340
