0 0.466016 0.578267 0.500723 0.581307 0.507231 0.341185 0.479754 0.353343 0.466377 0.496960 0.465293 0.535714
0 0.442516 0.493161 0.442878 0.554711 0.462039 0.558511 0.475416 0.466565 0.488069 0.303951 0.463124 0.312310
0 0.432755 0.287994 0.416847 0.517477 0.423355 0.560030 0.446855 0.528116 0.455170 0.458207 0.458062 0.246960
0 0.407448 0.305471 0.395517 0.465046 0.392986 0.510638 0.398771 0.546353 0.420824 0.534195 0.434924 0.442249 0.436009 0.274316
0 0.380694 0.338906 0.373825 0.482523 0.366956 0.528875 0.381417 0.546353 0.401302 0.522796 0.403109 0.458207 0.398771 0.322948 0.375271 0.329027
0 0.306580 0.349544 0.309111 0.462766 0.305857 0.519757 0.313087 0.540274 0.324295 0.542553 0.338395 0.542553 0.354664 0.528875 0.353579 0.466565 0.326464 0.322948
0 0.262834 0.310790 0.254158 0.442249 0.273680 0.473404 0.302965 0.474924 0.314172 0.406535 0.305857 0.291793
0 0.499277 0.581307 0.535430 0.578267 0.534346 0.339666 0.514100 0.342705 0.500000 0.501520
0 0.539407 0.354863 0.533623 0.574468 0.563991 0.570669 0.567968 0.477204 0.559653 0.342705
0 0.581345 0.334347 0.563630 0.528875 0.563991 0.561550 0.585683 0.566869 0.598337 0.556231 0.599060 0.514438 0.593999 0.307751 0.581345 0.316109
0 0.604121 0.333587 0.599783 0.478723 0.588214 0.521277 0.588214 0.556231 0.599783 0.575988 0.628706 0.586626 0.629429 0.531915 0.628344 0.466565 0.615691 0.330547
0 0.614244 0.330547 0.629429 0.480243 0.621114 0.534195 0.631236 0.549392 0.643890 0.550912 0.651844 0.501520 0.649675 0.459726 0.624367 0.333587
0 0.657267 0.338906 0.650398 0.465046 0.646782 0.526596 0.653651 0.554711 0.667390 0.554711 0.676428 0.554711 0.685466 0.556991 0.694866 0.502280 0.692336 0.462766 0.698120 0.330547 0.672090 0.329027
0 0.704266 0.338906 0.692336 0.466565 0.691612 0.498480 0.690528 0.546353 0.701735 0.561550 0.725235 0.542553 0.737166 0.528116 0.730296 0.489362 0.726681 0.455927 0.719450 0.424012 0.725958 0.325228
0 0.729573 0.325228 0.716197 0.401216 0.715835 0.442249 0.720174 0.452888 0.733550 0.469605 0.746927 0.470365 0.757050 0.459726 0.770788 0.443769 0.767896 0.402736 0.760304 0.369301 0.756327 0.334347 0.755242 0.306231
0 0.516631 0.597264 0.537599 0.594225 0.546999 0.790274 0.524223 0.786474
0 0.537599 0.588906 0.562907 0.590426 0.565437 0.798632 0.550253 0.795593
0 0.561099 0.590426 0.583876 0.585106 0.594722 0.646657 0.598337 0.818389 0.581345 0.816109
0 0.611714 0.602584 0.633767 0.810790 0.651844 0.811550 0.643890 0.586626 0.628706 0.585106
0 0.651844 0.582827 0.640275 0.588906 0.637744 0.637538 0.651121 0.659574 0.659436 0.738602 0.695589 0.835866 0.724150 0.782675 0.687274 0.648936 0.686551 0.586626 0.677151 0.574468 0.657990 0.575988
0 0.699205 0.581307 0.684020 0.582827 0.683297 0.606383 0.686551 0.639818 0.698120 0.671733 0.738612 0.779635 0.760665 0.745441 0.742950 0.638298 0.732827 0.594225 0.729573 0.574468 0.725958 0.558511 0.713666 0.558511 0.704266 0.566869
0 0.754519 0.549392 0.739335 0.567629 0.733550 0.591945 0.730296 0.637538 0.741142 0.664134 0.752350 0.677052 0.791396 0.726444 0.795011 0.641337 0.782357 0.601064 0.775488 0.570669 0.765365 0.554711
0 0.494215 0.598784 0.517354 0.598784 0.524946 0.797112 0.509038 0.802432
0 0.471077 0.588906 0.491685 0.598784 0.514823 0.794833 0.496385 0.810790 0.469631 0.658815
0 0.450108 0.601064 0.450108 0.710486 0.458785 0.814590 0.481562 0.826748 0.479754 0.658815 0.470354 0.582827 0.455531 0.586626
0 0.455531 0.581307 0.443601 0.581307 0.436009 0.586626 0.430947 0.613222 0.430947 0.659574 0.434924 0.830547 0.455531 0.838146 0.458062 0.686170 0.462039 0.626900 0.459508 0.597264
0 0.446132 0.601064 0.425886 0.578267 0.417570 0.567629 0.406725 0.594225 0.405640 0.655775 0.414317 0.869301 0.434201 0.871581 0.436732 0.674772
0 0.370210 0.572948 0.430947 0.577508 0.419017 0.648176 0.375633 0.813070 0.331887 0.789514 0.358641 0.648176 0.363702 0.567629
0 0.330803 0.551672 0.379610 0.581307 0.368764 0.648176 0.300434 0.784954 0.276934 0.766717 0.302242 0.627660 0.305495 0.583587 0.322487 0.556991
0 0.210774 0.646657 0.246927 0.602584 0.251988 0.572948 0.270427 0.563830 0.285611 0.566869 0.300795 0.582827 0.313087 0.604863 0.310918 0.648176 0.291396 0.671733 0.272957 0.680851 0.221620 0.717325
