0 0.500347 0.524316 0.499306 0.556231 0.494101 0.560790 0.476405 0.560790 0.466690 0.553951 0.467731 0.538754 0.471201 0.486322 0.471895 0.440729 0.472241 0.397416 0.472588 0.364742 0.474323 0.345745 0.478487 0.337386 0.487162 0.341945 0.493754 0.388298 0.498959 0.465046
0 0.446912 0.487082 0.447259 0.532675 0.451770 0.552432 0.461138 0.556231 0.467037 0.550152 0.470160 0.484802 0.471201 0.439970 0.471201 0.398176 0.469466 0.360182 0.466343 0.334347 0.455586 0.333587 0.451770 0.377660
0 0.423317 0.487842 0.424011 0.524316 0.427481 0.548632 0.436155 0.560030 0.446912 0.547112 0.452117 0.538754 0.453851 0.486322 0.452464 0.449088 0.450382 0.374620 0.452117 0.348784 0.451076 0.331307 0.435461 0.332067 0.426093 0.458967
0 0.410132 0.490122 0.408050 0.536474 0.414643 0.553191 0.425052 0.537234 0.434768 0.543313 0.440666 0.537994 0.442054 0.491641 0.439625 0.462766 0.433727 0.413374 0.431298 0.390578 0.429563 0.374620 0.418112 0.373100 0.415337 0.394377 0.413255 0.435410
0 0.363636 0.489362 0.361901 0.527356 0.365371 0.554711 0.378210 0.545593 0.386537 0.549392 0.397641 0.547112 0.405274 0.531915 0.409091 0.502280 0.405621 0.453647 0.402498 0.421733 0.402845 0.377660 0.402845 0.358663 0.391742 0.344225 0.382720 0.348784 0.373352 0.389058
0 0.324427 0.484802 0.321652 0.522036 0.331020 0.539514 0.343164 0.537234 0.354962 0.549392 0.362942 0.541793 0.371964 0.513678 0.371964 0.482523 0.367800 0.431611 0.368841 0.405775 0.368841 0.379179 0.366759 0.363222 0.361901 0.350304 0.349757 0.344225 0.338307 0.357903 0.331367 0.395137
0 0.291117 0.463526 0.283484 0.484802 0.283831 0.503040 0.295281 0.528116 0.310548 0.541033 0.324080 0.532675 0.337960 0.499240 0.336572 0.457447 0.336572 0.413374 0.336572 0.372340 0.333796 0.345745 0.327550 0.312310 0.315753 0.306231 0.304997 0.308511 0.294934 0.326748 0.290423 0.352584 0.293199 0.376140 0.296322 0.414134 0.293893 0.455927
0 0.500347 0.518237 0.500694 0.553191 0.506940 0.565350 0.520472 0.562310 0.534004 0.557751 0.532616 0.515957 0.532616 0.494681 0.532616 0.414894 0.532616 0.384498 0.538168 0.348784 0.538515 0.329787 0.533657 0.319149 0.522207 0.324468 0.517002 0.349544 0.502429 0.494681
0 0.532616 0.515957 0.533657 0.554711 0.540944 0.560790 0.549271 0.559271 0.556211 0.555471 0.558987 0.537994 0.556558 0.472644 0.555517 0.398176 0.555517 0.368541 0.553088 0.350304 0.543026 0.343465 0.535739 0.364742 0.534698 0.395897 0.534698 0.481003
0 0.560028 0.491641 0.559334 0.506079 0.560722 0.528116 0.569049 0.542553 0.577030 0.537994 0.579806 0.515198 0.581194 0.490881 0.582582 0.424012 0.581888 0.384498 0.580500 0.364742 0.580500 0.340426 0.578765 0.323708 0.576336 0.308511 0.564539 0.307751 0.559681 0.330547 0.560722 0.369301 0.560722 0.406535 0.559681 0.447568
0 0.600278 0.462006 0.598543 0.489362 0.608258 0.490122 0.614157 0.514438 0.620749 0.519757 0.627342 0.511398 0.629424 0.477964 0.630465 0.427052 0.631853 0.399696 0.632547 0.378419 0.627689 0.369301 0.617627 0.367021 0.613116 0.380699 0.608605 0.412614
0 0.651978 0.505319 0.649202 0.541793 0.653713 0.558511 0.669674 0.569909 0.684247 0.554711 0.689452 0.542553 0.691881 0.521277 0.690840 0.506079 0.689105 0.486322 0.689799 0.458967 0.690493 0.440729 0.690493 0.424772 0.691534 0.405015 0.691187 0.387538 0.689799 0.374620 0.682165 0.363222 0.670021 0.361702 0.661346 0.373100 0.658570 0.394377 0.658223 0.419453 0.657183 0.446049 0.654407 0.460486 0.652325 0.490122
0 0.313671 0.557751 0.296322 0.563830 0.285219 0.576748 0.275850 0.581307 0.262665 0.587386 0.248439 0.593465 0.241152 0.609422 0.247398 0.688450 0.258154 0.688450 0.275156 0.686170 0.290770 0.680851 0.301180 0.674772 0.311936 0.670213 0.320264 0.666413 0.331020 0.660334 0.335531 0.652736 0.332061 0.639818 0.333796 0.621581 0.331020 0.599544 0.331020 0.575988 0.328938 0.570669 0.324774 0.561550
0 0.337613 0.568389 0.335184 0.579787 0.333796 0.606383 0.333796 0.619301 0.324427 0.686930 0.320958 0.712766 0.317835 0.746201 0.316794 0.770517 0.322346 0.780395 0.332408 0.781155 0.346287 0.768237 0.359820 0.753040 0.362942 0.728723 0.376475 0.659574 0.383414 0.648936 0.385843 0.622340 0.385843 0.601824 0.383067 0.583587 0.379944 0.576748 0.373352 0.577508 0.369882 0.572188 0.365371 0.570669 0.357738 0.575228 0.350798 0.560790 0.341430 0.562310
0 0.377863 0.585866 0.375434 0.606383 0.372658 0.638298 0.370923 0.659574 0.364330 0.734802 0.361554 0.750000 0.365718 0.796353 0.365718 0.796353 0.380638 0.806991 0.396253 0.803951 0.403539 0.791033 0.404927 0.777356 0.409438 0.738602 0.413602 0.713526 0.417418 0.668693 0.420541 0.641337 0.424011 0.620821 0.425052 0.602584 0.425052 0.583587 0.420541 0.572948 0.413949 0.571429 0.410826 0.579787 0.401457 0.575988 0.393824 0.572948 0.383414 0.576748
0 0.488897 0.589666 0.487856 0.617021 0.490632 0.644377 0.497918 0.724164 0.499653 0.773556 0.500347 0.784195 0.507634 0.793313 0.514226 0.791793 0.515614 0.758359 0.510409 0.663374 0.509022 0.617021 0.506940 0.586626
0 0.479181 0.586626 0.463914 0.586626 0.464261 0.613222 0.468772 0.650456 0.474323 0.705927 0.480222 0.752280 0.486468 0.806231 0.490632 0.820669 0.500347 0.813070 0.500347 0.778875 0.497571 0.715805 0.490978 0.649696 0.488203 0.614742 0.486815 0.585106
0 0.447606 0.598024 0.444136 0.622340 0.442748 0.638298 0.439625 0.688450 0.440319 0.749240 0.443095 0.828267 0.457321 0.850304 0.469466 0.784954 0.472935 0.654255 0.470160 0.641337 0.465302 0.616261 0.462526 0.589666 0.456627 0.588146
0 0.427134 0.588146 0.422623 0.627660 0.422623 0.666413 0.413255 0.802432 0.417418 0.829027 0.433033 0.829027 0.436502 0.810790 0.444830 0.757599 0.449688 0.700608 0.450382 0.664894 0.455239 0.626140 0.454892 0.600304 0.446912 0.598024 0.441360 0.579027 0.431298 0.581307
0 0.517349 0.588146 0.507981 0.589666 0.509715 0.620061 0.509368 0.655015 0.515961 0.724924 0.519778 0.765957 0.521513 0.783435 0.524636 0.803191 0.529840 0.806991 0.537474 0.796353 0.538515 0.753799 0.531228 0.623100 0.530534 0.594985 0.522207 0.588906
0 0.531228 0.590426 0.531228 0.620061 0.534351 0.661094 0.538168 0.772036 0.541985 0.808511 0.549271 0.812310 0.553435 0.783435 0.552047 0.743161 0.551006 0.682371 0.553435 0.645137 0.553782 0.594985 0.553782 0.584347
0 0.554129 0.584347 0.552394 0.618541 0.555864 0.664894 0.560028 0.731763 0.560028 0.767477 0.561416 0.793313 0.564539 0.813070 0.570784 0.833587 0.580153 0.829787 0.585704 0.814590 0.585704 0.776596 0.585704 0.720365 0.583622 0.677052 0.578418 0.621581 0.576683 0.595745 0.566273 0.594985 0.558293 0.581307
0 0.579112 0.588906 0.576683 0.598784 0.577030 0.620821 0.579806 0.641337 0.583276 0.666413 0.584316 0.707447 0.585704 0.721884 0.586398 0.757599 0.586745 0.777356 0.590215 0.793313 0.594032 0.803951 0.603053 0.801672 0.606870 0.783435 0.604441 0.741641 0.602706 0.701368 0.602706 0.662614 0.602012 0.639058 0.604094 0.596505 0.602359 0.584347 0.597502 0.578267 0.586398 0.579027
0 0.596808 0.584347 0.594032 0.609422 0.599931 0.639058 0.602359 0.654255 0.606870 0.716565 0.609299 0.760638 0.612422 0.785714 0.618321 0.796353 0.624566 0.795593 0.628036 0.753799 0.625607 0.707447 0.625607 0.649696 0.625954 0.619301 0.625260 0.594225 0.623178 0.579787 0.606523 0.569149
0 0.620749 0.579787 0.616586 0.604863 0.620402 0.639818 0.623525 0.674772 0.630118 0.768237 0.638793 0.787994 0.652672 0.791033 0.667939 0.767477 0.666551 0.727964 0.659264 0.645137 0.662040 0.596505 0.659611 0.575228 0.639139 0.579027 0.632894 0.575228
