0 0.518388 0.387538 0.505658 0.479483 0.504950 0.572948 0.510255 0.582827 0.537482 0.586626 0.541018 0.549392 0.542786 0.496960 0.543847 0.395897
0 0.557284 0.377660 0.576379 0.372340 0.572843 0.520517 0.569307 0.535714 0.573904 0.561550 0.570014 0.596505 0.543847 0.594225 0.539250 0.565350 0.542079 0.508359
0 0.592645 0.351064 0.601839 0.329027 0.616337 0.341185 0.606436 0.528116 0.601132 0.580547 0.583805 0.590426 0.570014 0.559271 0.568246 0.524316
0 0.640736 0.364742 0.655233 0.358663 0.662659 0.563070 0.647100 0.584347 0.630127 0.565350 0.626238 0.510638
0 0.702617 0.362462 0.736917 0.356383 0.741513 0.525836 0.723479 0.551672 0.696959 0.545593 0.691655 0.506839
0 0.501061 0.368541 0.475955 0.366261 0.463225 0.572948 0.502122 0.580547 0.504950 0.537994
0 0.444837 0.358663 0.469590 0.358663 0.466761 0.566869 0.437765 0.572948 0.434229 0.529635
0 0.404173 0.331307 0.420438 0.321429 0.430339 0.358663 0.434936 0.535714 0.424328 0.559271 0.405233 0.563070 0.399576 0.537994
0 0.349717 0.351064 0.367044 0.348784 0.382603 0.487082 0.374116 0.555471 0.342645 0.551672 0.340877 0.512158 0.341584 0.368541
0 0.299151 0.319909 0.291018 0.401216 0.270863 0.432371 0.229137 0.395897 0.227369 0.331307 0.255658 0.247720 0.280057 0.261398
0 0.506719 0.605623 0.524752 0.601824 0.527581 0.613982 0.524752 0.847264 0.503890 0.847264 0.504950 0.699848
0 0.527581 0.604103 0.551980 0.604103 0.553041 0.650456 0.548444 0.845745 0.528289 0.849544 0.526521 0.697568
0 0.558345 0.610182 0.586280 0.610182 0.577440 0.859422 0.550919 0.859422
0 0.586280 0.617781 0.601839 0.605623 0.614569 0.627660 0.608204 0.873100 0.580976 0.870821
0 0.611740 0.617781 0.640736 0.610182 0.649929 0.632979 0.647100 0.841945 0.624470 0.845745 0.614569 0.701368
0 0.698727 0.598024 0.731612 0.537994 0.741513 0.537994 0.800566 0.655015 0.777935 0.748480 0.735149 0.705167 0.695191 0.623860
0 0.484795 0.600304 0.504950 0.600304 0.508487 0.632979 0.500354 0.847264 0.479491 0.845745 0.481259 0.707447 0.483027 0.629179
0 0.459689 0.586626 0.484795 0.586626 0.485856 0.625380 0.478430 0.839666 0.457567 0.835866 0.460396 0.680091 0.457567 0.637538
0 0.430339 0.590426 0.459689 0.579027 0.462164 0.635258 0.450495 0.810790 0.419731 0.806991 0.425035 0.695289 0.428571 0.642857
0 0.397100 0.592705 0.415842 0.576748 0.431400 0.615502 0.433168 0.648936 0.416902 0.828267 0.382603 0.820669 0.394272 0.668693 0.396040 0.645137 0.400636 0.623860
0 0.364215 0.586626 0.378713 0.572948 0.400636 0.605623 0.397100 0.664134 0.378006 0.843465 0.355375 0.829787 0.360679 0.693769 0.363508 0.652736
0 0.324257 0.580547 0.341584 0.563070 0.371641 0.586626 0.368105 0.629179 0.345120 0.812310 0.334512 0.820669 0.287129 0.787234 0.299151 0.695289 0.315417 0.642857
0 0.243635 0.496960 0.257426 0.483283 0.269095 0.493161 0.296322 0.531915 0.295262 0.576748 0.241160 0.705167 0.208274 0.687690 0.195545 0.629179 0.225601 0.551672
