0 0.451884 0.491641 0.470545 0.506839 0.486645 0.490122 0.481156 0.408055 0.465057 0.262158 0.449323 0.268997 0.452616 0.433891
0 0.427735 0.491641 0.453714 0.495441 0.453714 0.310030 0.448225 0.254559 0.433224 0.258359 0.428467 0.432371 0.427735 0.473404
0 0.406147 0.486322 0.430296 0.480243 0.432126 0.424772 0.421515 0.258359 0.405415 0.258359 0.401756 0.386018 0.402854 0.460486
0 0.382364 0.503040 0.399195 0.495441 0.407245 0.495441 0.414197 0.462006 0.396634 0.267477 0.375046 0.280395 0.383095 0.433891 0.379437 0.471125
0 0.324186 0.503040 0.366264 0.487842 0.357117 0.408055 0.346506 0.321429 0.334065 0.289514 0.303696 0.298632 0.314307 0.411854 0.323454 0.423252 0.317966 0.484043
0 0.237834 0.417933 0.279546 0.417933 0.286864 0.352584 0.276985 0.252280 0.248445 0.234043 0.230516 0.328267 0.231248 0.378419
0 0.488474 0.495441 0.517746 0.499240 0.517746 0.441489 0.513355 0.281915 0.494694 0.275076 0.488474 0.443769 0.486645 0.486322
0 0.523235 0.491641 0.542993 0.490122 0.534943 0.276596 0.515917 0.284195 0.517014 0.480243
0 0.542993 0.491641 0.567874 0.500760 0.568606 0.454407 0.573363 0.430851 0.572265 0.246960 0.556165 0.245441 0.539334 0.389818 0.540066 0.450608
0 0.560556 0.463526 0.566776 0.493921 0.596414 0.503040 0.602634 0.490122 0.602634 0.430851 0.608123 0.230243 0.589096 0.230243 0.568606 0.352584 0.561654 0.432371
0 0.593853 0.490122 0.624222 0.508359 0.630443 0.491641 0.631175 0.402736 0.637395 0.250760 0.620563 0.250760 0.604464 0.398936 0.593853 0.445289 0.589096 0.474924
0 0.629345 0.508359 0.667764 0.496960 0.673985 0.452888 0.670326 0.420973 0.675814 0.354863 0.676546 0.302432 0.647274 0.295593 0.633736 0.395137 0.633736 0.415653 0.626784 0.467325 0.623125 0.495441
0 0.507135 0.530395 0.525064 0.525076 0.536773 0.728723 0.522503 0.734802
0 0.526894 0.521277 0.547384 0.513678 0.555434 0.736322 0.540066 0.740122
0 0.549945 0.517477 0.570435 0.528875 0.576656 0.576748 0.581412 0.773556 0.564215 0.775076 0.548116 0.567629
0 0.569704 0.547112 0.581412 0.528875 0.598244 0.532675 0.600805 0.566109 0.614343 0.754559 0.594585 0.762158 0.572265 0.572948
0 0.590926 0.534195 0.608855 0.525076 0.624954 0.536474 0.642883 0.758359 0.624222 0.773556
0 0.641786 0.541793 0.664105 0.525076 0.683864 0.526596 0.744603 0.686170 0.706915 0.724924 0.643615 0.576748
0 0.683864 0.491641 0.724113 0.458207 0.738383 0.517477 0.769484 0.636018 0.742042 0.667933 0.698866 0.572948 0.680205 0.519757
0 0.485913 0.530395 0.506403 0.530395 0.517746 0.749240 0.494694 0.751520
0 0.459934 0.536474 0.466886 0.523556 0.485913 0.532675 0.496524 0.767477 0.474936 0.771277 0.462495 0.580547 0.458836 0.558511
0 0.440176 0.526596 0.456275 0.523556 0.462495 0.528875 0.467984 0.566109 0.470545 0.784195 0.450055 0.786474 0.438346 0.645137 0.436517 0.579027
0 0.416026 0.541793 0.427735 0.536474 0.441273 0.545593 0.442737 0.601064 0.438346 0.782675 0.425906 0.781155 0.411636 0.576748
0 0.349067 0.528875 0.402854 0.530395 0.399195 0.580547 0.391877 0.758359 0.339554 0.756839 0.350165 0.597264 0.346506 0.549392
0 0.307355 0.490122 0.331504 0.500760 0.356385 0.523556 0.357117 0.549392 0.335895 0.593465 0.293816 0.708207 0.259056 0.661854 0.291987 0.562310
