0 0.510014 0.537234 0.504489 0.518997 0.506561 0.453647 0.510359 0.285714 0.533149 0.285714 0.534185 0.414134 0.533149 0.452128 0.534530 0.485562 0.534530 0.522036 0.526243 0.539514
0 0.537983 0.290274 0.561809 0.291033 0.560773 0.346505 0.559738 0.405015 0.561809 0.461246 0.565262 0.491641 0.561809 0.516717 0.555594 0.529635 0.544544 0.528875 0.542472 0.505319 0.539365 0.447568 0.539365 0.420213 0.536948 0.361702 0.534185 0.316869
0 0.563536 0.292553 0.584254 0.291033 0.587362 0.291033 0.587707 0.334347 0.591160 0.444529 0.594268 0.473404 0.592887 0.496201 0.589434 0.508359 0.583218 0.516717 0.575622 0.520517 0.568715 0.506839 0.562500 0.493161 0.565262 0.439970 0.565608 0.417933 0.564572 0.387538 0.564572 0.354103 0.564572 0.339666 0.564572 0.326748 0.563536 0.308511
0 0.589779 0.285714 0.609116 0.273556 0.608080 0.341185 0.612914 0.453647 0.611878 0.483283 0.608080 0.498480 0.601519 0.512918 0.591851 0.503040 0.579765 0.481003 0.579420 0.437690 0.587362 0.386778 0.587362 0.321429
0 0.609461 0.268237 0.626381 0.267477 0.632251 0.272796 0.631215 0.322948 0.635704 0.412614 0.640193 0.452888 0.640193 0.459726 0.636740 0.487842 0.628798 0.487842 0.623964 0.484043 0.618439 0.487842 0.610497 0.483283 0.607390 0.455927 0.610843 0.424012 0.610152 0.370061 0.607044 0.318389 0.607044 0.300912
0 0.639503 0.246960 0.675069 0.246960 0.673688 0.303191 0.668854 0.364742 0.676105 0.430091 0.674033 0.453647 0.670580 0.461246 0.662638 0.455927 0.652279 0.463526 0.645028 0.465805 0.640193 0.468845 0.631561 0.328267 0.635704 0.258359
0 0.699240 0.214286 0.722376 0.208967 0.731008 0.313070 0.737914 0.379179 0.727901 0.398936 0.718923 0.393617 0.716160 0.406535 0.706837 0.410334 0.700276 0.394377 0.695787 0.377660 0.694751 0.332067 0.694751 0.315350 0.696478 0.303191
0 0.479282 0.290274 0.503798 0.286474 0.503108 0.455167 0.500000 0.537234 0.491022 0.536474 0.486533 0.544833 0.475829 0.534195 0.473757 0.483283 0.476174 0.461246 0.477901 0.397416 0.478246 0.379179 0.480318 0.339666 0.480318 0.324468
0 0.456492 0.282675 0.477210 0.283435 0.477210 0.403495 0.475138 0.446049 0.475138 0.465046 0.472030 0.480243 0.469613 0.500000 0.470304 0.512158 0.466851 0.525836 0.462362 0.525076 0.455801 0.508359 0.450276 0.470365 0.452693 0.437690 0.451657 0.425532 0.451657 0.413374 0.454420 0.379179 0.457528 0.316869
0 0.426105 0.281915 0.450967 0.282675 0.447514 0.408055 0.447514 0.439970 0.449586 0.462006 0.449931 0.475684 0.449931 0.489362 0.447169 0.504559 0.443370 0.512158 0.441644 0.518237 0.436809 0.527356 0.434047 0.529635 0.430249 0.528875 0.424724 0.512158 0.421271 0.493161 0.419544 0.448328 0.421271 0.416413 0.421271 0.389058 0.420235 0.328267
0 0.400552 0.272796 0.420580 0.276596 0.420925 0.411854 0.424378 0.481003 0.419890 0.495441 0.414365 0.498480 0.410912 0.513678 0.399862 0.510638 0.394337 0.487082 0.397099 0.450608 0.398135 0.424772 0.398135 0.382979 0.398135 0.332067 0.399862 0.313830 0.400552 0.296353
0 0.381215 0.273556 0.400552 0.272796 0.400552 0.328267 0.404006 0.439210 0.401588 0.473404 0.399171 0.486322 0.396409 0.491641 0.391229 0.486322 0.389848 0.486322 0.387431 0.494681 0.382251 0.497720 0.375691 0.493161 0.371202 0.474924 0.370856 0.453647 0.375345 0.405015 0.378453 0.371581 0.380180 0.319909 0.378798 0.294073
0 0.350138 0.272036 0.380525 0.268997 0.377417 0.427052 0.375345 0.450608 0.375345 0.470365 0.370511 0.475684 0.362569 0.476444 0.353591 0.478723 0.345994 0.477204 0.345304 0.472644 0.341506 0.477204 0.338398 0.477964 0.334254 0.471125 0.330456 0.457447 0.330110 0.438450 0.335981 0.401216 0.338743 0.389058 0.342887 0.362462 0.348412 0.318389 0.348412 0.296353 0.349448 0.277356
0 0.310083 0.213526 0.335290 0.216565 0.330456 0.322948 0.330456 0.373860 0.333564 0.397416 0.332873 0.425532 0.328039 0.434650 0.324586 0.448328 0.313536 0.455167 0.307666 0.452128 0.305594 0.444529 0.295925 0.439970 0.290055 0.430851 0.290055 0.408055 0.292472 0.388298 0.298343 0.382219 0.301105 0.364742 0.310083 0.282675 0.311119 0.240122
0 0.285566 0.201368 0.311464 0.210486 0.299378 0.310030 0.296616 0.345745 0.295925 0.370061 0.290746 0.394377 0.282804 0.415653 0.276934 0.416413 0.265884 0.401216 0.260359 0.398936 0.258633 0.383739 0.257597 0.357903 0.263812 0.340426 0.273135 0.313070 0.274171 0.289514 0.280732 0.260638 0.285221 0.233283 0.285912 0.215805
0 0.511050 0.567629 0.525898 0.566869 0.529351 0.575228 0.528660 0.609422 0.528315 0.743921 0.512431 0.752280 0.512431 0.654255 0.510704 0.619301 0.510704 0.591185
0 0.539365 0.552432 0.529006 0.564590 0.529351 0.598024 0.533840 0.793313 0.558702 0.784954 0.551450 0.628419 0.550414 0.564590
0 0.558356 0.550152 0.552486 0.561550 0.552486 0.583587 0.552486 0.625380 0.554558 0.666413 0.564227 0.788754 0.580456 0.785714 0.580801 0.648936 0.574240 0.572948 0.568370 0.553191
0 0.589434 0.542553 0.602555 0.554711 0.606699 0.571429 0.613260 0.751520 0.600483 0.761398 0.583564 0.607143 0.580801 0.569149
0 0.617403 0.539514 0.629489 0.549392 0.632251 0.563070 0.632251 0.586626 0.645718 0.752280 0.636395 0.752280 0.618094 0.656535 0.608425 0.591185 0.604627 0.563070
0 0.663329 0.508359 0.664365 0.490881 0.669544 0.484043 0.683702 0.482523 0.684392 0.487082 0.687155 0.500000 0.695787 0.538754 0.736533 0.638298 0.718577 0.695289 0.683011 0.613222 0.654696 0.566109 0.649862 0.527356 0.654696 0.509878
0 0.717196 0.430851 0.704765 0.449088 0.700967 0.456687 0.690608 0.463526 0.687845 0.475684 0.687845 0.488602 0.694751 0.523556 0.749655 0.656535 0.783494 0.556991 0.751036 0.523556 0.734461 0.486322 0.728246 0.466565
0 0.491713 0.563830 0.510014 0.567629 0.509669 0.622340 0.508287 0.794073 0.486878 0.788754 0.492058 0.630699
0 0.478591 0.556231 0.488950 0.561550 0.489986 0.573708 0.485843 0.781155 0.460981 0.778875 0.471340 0.661854 0.469613 0.578267
0 0.459254 0.550912 0.449586 0.566109 0.445097 0.575228 0.444061 0.591945 0.429903 0.800912 0.453729 0.797112 0.470304 0.626140 0.470304 0.577508
0 0.428177 0.547112 0.416782 0.557751 0.411602 0.582067 0.393992 0.774316 0.417472 0.791033 0.434392 0.619301 0.441989 0.596505 0.440262 0.584347 0.436809 0.572188 0.433011 0.556991
0 0.406077 0.544073 0.395373 0.545593 0.386395 0.553951 0.382597 0.572188 0.384323 0.588146 0.370511 0.783435 0.391229 0.778875 0.396754 0.680091 0.405387 0.615502 0.409530 0.594225 0.412983 0.575228 0.412983 0.566109 0.408840 0.553951 0.407459 0.552432
0 0.333909 0.497720 0.320097 0.508359 0.317334 0.534195 0.273135 0.639818 0.282804 0.693009 0.296961 0.708207 0.338052 0.611702 0.347721 0.592705 0.366367 0.557751 0.364641 0.534195 0.357044 0.525076 0.351174 0.522036 0.344613 0.506079 0.342541 0.502280
0 0.294544 0.449088 0.301450 0.464286 0.306975 0.473404 0.309738 0.477964 0.313191 0.484043 0.319061 0.494681 0.320097 0.500760 0.321133 0.512918 0.313191 0.540274 0.263812 0.638298 0.248619 0.609422 0.243439 0.540274 0.272445 0.503040 0.277279 0.470365 0.281768 0.454407 0.287638 0.446809
