0 0.457996 0.561475 0.485830 0.555328 0.484818 0.466189 0.484818 0.438525 0.468117 0.284836 0.453947 0.281762 0.456984 0.417008 0.456478 0.448770 0.456984 0.488730 0.452935 0.531762 0.452935 0.547131
0 0.431680 0.543033 0.452935 0.543033 0.455466 0.502049 0.454453 0.461066 0.454453 0.439549 0.457490 0.379098 0.444838 0.270492 0.429150 0.286885 0.436235 0.352459 0.433704 0.393443 0.430162 0.439549 0.429656 0.479508 0.427632 0.529713
0 0.399798 0.525615 0.413462 0.558402 0.426113 0.540984 0.428644 0.515369 0.429656 0.476434 0.428644 0.425205 0.411437 0.255123 0.399798 0.261270 0.402328 0.376025 0.400810 0.402664 0.396761 0.442623 0.394737 0.468238 0.394737 0.505123
0 0.372976 0.536885 0.370445 0.516393 0.370445 0.484631 0.368927 0.464139 0.370445 0.424180 0.370951 0.363730 0.366903 0.301230 0.385628 0.286885 0.388664 0.325820 0.391700 0.363730 0.392206 0.392418 0.399798 0.429303 0.404858 0.455943 0.409413 0.494877 0.409413 0.525615 0.401316 0.537910 0.394231 0.525615 0.388664 0.540984
0 0.358300 0.553279 0.345648 0.535861 0.343623 0.495902 0.343623 0.463115 0.343117 0.335041 0.361336 0.311475 0.365891 0.363730 0.369433 0.425205 0.370951 0.447746 0.378543 0.475410 0.379555 0.516393 0.378543 0.534836 0.369433 0.535861 0.365891 0.551230
0 0.268219 0.500000 0.287449 0.516393 0.299595 0.519467 0.312753 0.506148 0.313259 0.490779 0.312247 0.473361 0.310223 0.433402 0.310223 0.401639 0.304656 0.368852 0.293522 0.309426 0.279352 0.321721 0.279352 0.366803 0.279858 0.396516 0.266700 0.434426 0.265182 0.450820 0.260628 0.488730
0 0.226721 0.372951 0.234818 0.397541 0.240385 0.398566 0.246964 0.401639 0.255061 0.411885 0.262652 0.420082 0.270749 0.409836 0.275810 0.393443 0.277834 0.379098 0.277834 0.338115 0.277834 0.309426 0.272773 0.290984 0.254049 0.288934 0.243927 0.299180 0.245445 0.327869 0.239879 0.342213 0.234312 0.353484
0 0.488360 0.558402 0.501012 0.558402 0.515182 0.555328 0.520243 0.550205 0.518725 0.516393 0.520749 0.434426 0.510121 0.286885 0.495445 0.290984 0.490385 0.401639 0.486842 0.445697 0.486842 0.469262 0.485830 0.496926
0 0.522773 0.534836 0.518219 0.504098 0.518725 0.473361 0.518725 0.445697 0.517713 0.386270 0.520749 0.320697 0.524798 0.288934 0.540992 0.294057 0.539980 0.396516 0.539980 0.437500 0.540486 0.466189 0.543016 0.494877 0.542510 0.524590 0.536437 0.540984 0.530364 0.537910
0 0.550101 0.537910 0.543522 0.519467 0.541498 0.466189 0.540992 0.424180 0.543522 0.377049 0.551113 0.284836 0.565283 0.294057 0.566296 0.341189 0.565789 0.376025 0.567814 0.413934 0.568320 0.439549 0.569332 0.479508 0.570344 0.522541 0.561741 0.534836
0 0.565283 0.547131 0.558198 0.539959 0.560223 0.519467 0.562753 0.484631 0.564271 0.447746 0.570344 0.418033 0.576417 0.356557 0.582996 0.310451 0.591599 0.347336 0.591599 0.401639 0.593623 0.444672 0.593623 0.481557 0.593117 0.507172 0.595648 0.532787 0.589575 0.543033 0.578947 0.551230 0.573887 0.548156
0 0.600709 0.552254 0.591093 0.550205 0.590587 0.531762 0.590587 0.515369 0.593117 0.481557 0.598178 0.294057 0.619433 0.304303 0.621457 0.409836 0.619433 0.459016 0.621964 0.504098 0.625000 0.542008 0.620951 0.558402 0.608300 0.558402
0 0.632085 0.546107 0.623482 0.530738 0.614879 0.517418 0.611336 0.494877 0.613360 0.473361 0.614372 0.459016 0.621457 0.406762 0.627024 0.336066 0.644737 0.325820 0.654352 0.360656 0.657895 0.407787 0.659919 0.439549 0.661943 0.469262 0.664980 0.495902 0.661437 0.526639 0.655364 0.531762 0.647267 0.531762 0.639676 0.537910
0 0.669028 0.509221 0.659413 0.474385 0.657389 0.445697 0.655364 0.413934 0.655364 0.382172 0.657895 0.324795 0.670040 0.319672 0.672065 0.347336 0.678138 0.382172 0.690789 0.406762 0.698381 0.434426 0.704960 0.463115 0.705466 0.478484 0.697874 0.485656 0.685223 0.498975 0.680668 0.507172
0 0.687247 0.401639 0.681680 0.391393 0.679150 0.371926 0.679150 0.346311 0.679656 0.317623 0.683198 0.292008 0.708502 0.280738 0.714575 0.310451 0.715081 0.332992 0.717611 0.345287 0.723684 0.367828 0.720142 0.386270 0.715081 0.387295 0.709514 0.388320 0.705466 0.387295 0.695344 0.397541
0 0.485324 0.586066 0.501012 0.586066 0.508603 0.606557 0.508603 0.645492 0.507591 0.676230 0.502024 0.806352 0.488360 0.803279 0.490385 0.701844 0.487854 0.673156 0.486842 0.640369 0.485830 0.622951
0 0.508603 0.660861 0.508603 0.623975 0.508097 0.602459 0.518725 0.592213 0.527328 0.591189 0.533907 0.603484 0.533907 0.629098 0.530364 0.663934 0.527328 0.725410 0.520243 0.792008 0.517713 0.804303 0.510121 0.793033 0.509615 0.753074 0.511134 0.693648
0 0.529858 0.730533 0.532389 0.670082 0.532389 0.642418 0.532389 0.618852 0.532389 0.598361 0.535931 0.586066 0.540486 0.580943 0.553644 0.581967 0.560223 0.599385 0.558704 0.659836 0.556680 0.704918 0.555162 0.752049 0.544028 0.824795 0.530364 0.824795 0.527328 0.773566
0 0.573887 0.771516 0.568826 0.739754 0.565789 0.706967 0.561741 0.678279 0.556174 0.638320 0.554150 0.617828 0.561741 0.593238 0.569332 0.573770 0.584514 0.594262 0.589575 0.621926 0.586538 0.663934 0.585526 0.700820 0.591599 0.761270 0.593623 0.788934 0.579453 0.803279
0 0.641700 0.753074 0.634109 0.726434 0.629049 0.694672 0.621457 0.663934 0.618927 0.629098 0.614879 0.599385 0.614879 0.578893 0.616903 0.566598 0.628543 0.557377 0.634615 0.580943 0.639676 0.586066 0.650304 0.565574 0.655364 0.560451 0.664980 0.572746 0.665486 0.593238 0.665486 0.630123 0.667004 0.673156 0.673077 0.705943 0.685729 0.775615 0.659919 0.792008
0 0.670040 0.650615 0.667004 0.629098 0.663968 0.598361 0.659413 0.572746 0.662955 0.545082 0.669028 0.530738 0.675607 0.534836 0.685729 0.543033 0.695850 0.546107 0.704960 0.548156 0.712551 0.568648 0.713563 0.586066 0.713563 0.607582 0.709514 0.649590 0.709514 0.689549 0.710526 0.753074 0.696862 0.770492 0.682692 0.746926 0.677632 0.712090 0.675101 0.693648 0.672571 0.665984
0 0.747470 0.678279 0.730769 0.670082 0.719636 0.658811 0.710526 0.648566 0.708502 0.628074 0.710526 0.599385 0.715587 0.576844 0.725202 0.552254 0.735830 0.550205 0.752530 0.558402 0.763158 0.589139 0.766194 0.607582 0.762652 0.649590 0.755061 0.676230
0 0.459008 0.592213 0.472166 0.584016 0.482794 0.589139 0.486842 0.607582 0.487348 0.649590 0.485324 0.679303 0.484818 0.744877 0.481781 0.807377 0.472672 0.806352 0.465587 0.761270 0.465587 0.724385 0.465081 0.689549 0.462551 0.655738 0.457996 0.614754
0 0.432692 0.664959 0.429656 0.634221 0.430162 0.597336 0.444838 0.584016 0.457490 0.598361 0.462045 0.618852 0.457996 0.657787 0.457996 0.699795 0.461538 0.756148 0.461538 0.776639 0.464069 0.817623 0.441802 0.823770 0.441802 0.786885 0.435223 0.721311
0 0.408401 0.792008 0.403340 0.745902 0.403846 0.703893 0.401316 0.671107 0.398279 0.649590 0.393219 0.608607 0.391700 0.580943 0.393725 0.566598 0.403340 0.561475 0.414980 0.578893 0.422571 0.586066 0.429656 0.602459 0.430162 0.638320 0.429150 0.688525 0.429656 0.731557 0.429656 0.768443 0.429150 0.802254 0.417510 0.814549 0.409413 0.811475
0 0.365385 0.761270 0.363360 0.742828 0.362854 0.694672 0.361842 0.654713 0.358300 0.622951 0.356781 0.589139 0.363866 0.563525 0.377024 0.556352 0.391194 0.572746 0.394231 0.597336 0.390688 0.629098 0.385628 0.673156 0.380567 0.717213 0.375506 0.755123 0.370951 0.768443
0 0.305668 0.744877 0.321356 0.727459 0.336032 0.684426 0.341093 0.665984 0.353745 0.642418 0.360830 0.623975 0.364372 0.598361 0.361336 0.580943 0.355263 0.572746 0.343623 0.562500 0.338563 0.553279 0.321356 0.551230 0.313765 0.557377 0.306174 0.572746 0.303138 0.612705 0.299595 0.644467 0.288462 0.671107 0.279352 0.689549 0.262652 0.720287 0.276822 0.766393 0.297571 0.762295
0 0.242915 0.703893 0.252530 0.664959 0.259109 0.632172 0.262146 0.607582 0.262652 0.577869 0.262652 0.552254 0.271761 0.542008 0.284413 0.537910 0.297571 0.540984 0.303644 0.548156 0.313259 0.548156 0.318320 0.567623 0.313259 0.592213 0.306174 0.609631 0.301113 0.617828 0.290486 0.645492 0.284413 0.669057 0.275810 0.691598 0.265182 0.714139 0.256579 0.729508 0.242915 0.719262
0 0.217611 0.678279 0.235324 0.650615 0.244939 0.643443 0.254049 0.634221 0.260628 0.617828 0.259109 0.598361 0.256579 0.587090 0.251518 0.571721 0.247470 0.557377 0.243927 0.548156 0.237854 0.542008 0.228745 0.539959 0.216093 0.536885 0.206984 0.545082 0.196356 0.577869 0.192308 0.594262 0.183198 0.637295 0.203441 0.660861
