0 0.492462 0.502280 0.490309 0.542553 0.511486 0.554711 0.525485 0.552432 0.530869 0.537994 0.526202 0.444529 0.528356 0.297112 0.534817 0.250000 0.529074 0.218845 0.518665 0.212006 0.504666 0.237082 0.497846 0.297112
0 0.466978 0.466565 0.466619 0.512918 0.478464 0.552432 0.490309 0.540274 0.496052 0.484043 0.495334 0.378419 0.495334 0.302432 0.494975 0.259119 0.491385 0.224924 0.479182 0.238602 0.470926 0.278116
0 0.440416 0.468085 0.444006 0.522796 0.450826 0.546353 0.463388 0.542553 0.471644 0.516717 0.478105 0.462766 0.470567 0.376900 0.473798 0.254559 0.473439 0.208207 0.456569 0.194529 0.446159 0.218845
0 0.416009 0.490881 0.416009 0.528875 0.423187 0.548632 0.445083 0.532675 0.452979 0.532675 0.457286 0.508359 0.453697 0.440729 0.455492 0.378419 0.450108 0.329027 0.443288 0.276596 0.432879 0.268997 0.413855 0.300912 0.414932 0.396657
0 0.387653 0.480243 0.388370 0.531915 0.400574 0.546353 0.414214 0.534195 0.426418 0.532675 0.433597 0.524316 0.432879 0.474924 0.430007 0.400456 0.427136 0.346505 0.423187 0.286474 0.415650 0.274316 0.396985 0.288754 0.388370 0.366261
0 0.348169 0.458967 0.348169 0.508359 0.362168 0.534954 0.375449 0.540274 0.390524 0.540274 0.396267 0.518997 0.398780 0.492401 0.398780 0.443009 0.398780 0.402736 0.402728 0.360942 0.398780 0.316109 0.390524 0.291033 0.370782 0.286474 0.354630 0.310030 0.349605 0.356383 0.347093 0.434650
0 0.305456 0.442249 0.298636 0.468845 0.299713 0.496960 0.315506 0.525076 0.337760 0.531915 0.350682 0.515957 0.355707 0.462006 0.357143 0.414134 0.357143 0.344225 0.350682 0.298632 0.347093 0.272796 0.334889 0.259119 0.316583 0.262918 0.310840 0.306231 0.310840 0.384498
0 0.526202 0.487082 0.529074 0.538754 0.535894 0.553951 0.549174 0.550912 0.559584 0.542553 0.560660 0.532675 0.557430 0.455927 0.556353 0.382219 0.556712 0.344225 0.559584 0.300152 0.559225 0.258359 0.553841 0.227964 0.541278 0.220365 0.533740 0.252280 0.526202 0.442249 0.525485 0.468845
0 0.555635 0.478723 0.560302 0.546353 0.575736 0.544073 0.578248 0.509119 0.575736 0.395137 0.575736 0.332827 0.579325 0.272036 0.580043 0.248480 0.578248 0.212766 0.568198 0.202128 0.560302 0.220365 0.554917 0.288754 0.553123 0.408055
0 0.571070 0.484043 0.571070 0.518997 0.585068 0.547112 0.597272 0.547112 0.600144 0.518997 0.597990 0.446049 0.593683 0.398936 0.593683 0.340426 0.599426 0.313070 0.600861 0.262918 0.604810 0.221125 0.594401 0.196809 0.583991 0.215046 0.576454 0.256079 0.574300 0.320669
0 0.592606 0.468845 0.592247 0.514438 0.605528 0.544833 0.621680 0.537994 0.622039 0.496960 0.617014 0.443009 0.613424 0.380699 0.613424 0.348024 0.613424 0.308511 0.614142 0.264438 0.610194 0.224164 0.604810 0.218085 0.593683 0.224164 0.590811 0.265957
0 0.614142 0.452128 0.623475 0.522036 0.637832 0.520517 0.647523 0.503040 0.650036 0.466565 0.624910 0.313070 0.616296 0.297112 0.600861 0.341945 0.604810 0.394377
0 0.656497 0.430091 0.656856 0.458207 0.666906 0.472644 0.682340 0.474164 0.693826 0.458207 0.699210 0.432371 0.698492 0.373100 0.699210 0.318389 0.699928 0.281155 0.695262 0.226444 0.689878 0.196809 0.669777 0.198328 0.657933 0.240122 0.656497 0.306231
0 0.395190 0.566109 0.393037 0.613982 0.383704 0.683891 0.380833 0.743921 0.392319 0.782675 0.405240 0.778875 0.417085 0.708207 0.431802 0.610182 0.436468 0.575988 0.430725 0.554711 0.410983 0.548632
0 0.427495 0.553951 0.416726 0.608663 0.416726 0.738602 0.419598 0.794073 0.428930 0.800912 0.439340 0.774316 0.450826 0.677052 0.456569 0.620061 0.455851 0.578267 0.447236 0.556991
0 0.448672 0.578267 0.437904 0.640578 0.441134 0.762158 0.447236 0.822948 0.452979 0.838146 0.469849 0.824468 0.475233 0.766717 0.474515 0.655015 0.467696 0.578267 0.461953 0.556991 0.452979 0.558511
0 0.477028 0.550912 0.468055 0.546353 0.463388 0.550152 0.462312 0.584347 0.469490 0.651976 0.472362 0.740122 0.480258 0.784954 0.493539 0.786474 0.496052 0.740122 0.491385 0.623100 0.489591 0.572188 0.486001 0.556231
0 0.497128 0.558511 0.486719 0.556231 0.486719 0.598784 0.492462 0.708207 0.494257 0.764438 0.502513 0.800152 0.510409 0.794833 0.512922 0.740881 0.510409 0.674012 0.510409 0.610942 0.509332 0.574468
0 0.510409 0.572948 0.511127 0.664134 0.516152 0.759878 0.522613 0.797872 0.533740 0.788754 0.531228 0.668693 0.530869 0.579027 0.529433 0.560790
0 0.532304 0.560790 0.531228 0.654255 0.530151 0.744681 0.533740 0.796353 0.545585 0.802432 0.549174 0.758359 0.552764 0.648936 0.550969 0.596505 0.551687 0.568389 0.544149 0.554711
0 0.556712 0.552432 0.549892 0.564590 0.547380 0.598024 0.551687 0.667933 0.554559 0.758359 0.554917 0.800912 0.562096 0.820669 0.575736 0.812310 0.578607 0.714286 0.575377 0.626900 0.571070 0.574468
0 0.577531 0.556231 0.571070 0.568389 0.569634 0.598024 0.575736 0.664894 0.577531 0.770517 0.580402 0.791033 0.592606 0.792553 0.600144 0.750760 0.598349 0.658815 0.594401 0.572948 0.584709 0.552432
0 0.634243 0.515957 0.626705 0.532675 0.634961 0.582067 0.675520 0.698328 0.697416 0.702128 0.711773 0.667933 0.712491 0.632219 0.690596 0.574468 0.678392 0.534195 0.670854 0.503040 0.664393 0.484043 0.653984 0.487082 0.644652 0.518237
0 0.673008 0.471125 0.668342 0.488602 0.673008 0.525076 0.693467 0.572188 0.706748 0.616261 0.730438 0.622340 0.738693 0.574468 0.728643 0.518237 0.704953 0.448328 0.693826 0.448328 0.686289 0.460486
