0 0.460372 0.407295 0.460372 0.460486 0.467953 0.483283 0.491041 0.479483 0.491730 0.429331 0.490007 0.358663 0.493108 0.260638 0.498277 0.176292 0.496554 0.136018 0.491041 0.123100 0.483460 0.139818 0.476912 0.188450 0.472088 0.241641
0 0.438318 0.395137 0.437629 0.430851 0.440731 0.465046 0.454859 0.474164 0.460717 0.436930 0.467264 0.315350 0.472777 0.219605 0.473811 0.156535 0.467264 0.127660 0.453825 0.161854 0.448312 0.241641 0.442453 0.383739
0 0.409028 0.393617 0.413853 0.443769 0.429359 0.472644 0.433494 0.472644 0.443487 0.427812 0.440731 0.374620 0.436940 0.256079 0.436595 0.183131 0.439352 0.126900 0.433494 0.110942 0.409717 0.151976 0.406961 0.246960
0 0.391454 0.374620 0.385252 0.425532 0.397312 0.454407 0.410407 0.447568 0.425913 0.422492 0.425224 0.357143 0.424535 0.277356 0.422812 0.206687 0.422812 0.161854 0.419366 0.126900 0.400414 0.145137 0.398001 0.190729
0 0.366299 0.355623 0.360441 0.398936 0.370090 0.422492 0.382495 0.431611 0.392488 0.420213 0.396623 0.393617 0.396278 0.341945 0.401447 0.265957 0.398001 0.221125 0.397312 0.180091 0.397312 0.158055 0.399035 0.125380 0.387319 0.118541 0.379049 0.158055
0 0.301516 0.327508 0.298070 0.369301 0.318746 0.389818 0.342522 0.383739 0.350793 0.353343 0.346313 0.303951 0.339766 0.210486 0.335631 0.161854 0.330806 0.120061 0.318401 0.114742 0.303584 0.145137 0.299104 0.199088 0.299104 0.244681
0 0.490696 0.414894 0.490696 0.455927 0.498277 0.484043 0.514473 0.483283 0.522054 0.463526 0.518952 0.398176 0.518952 0.357143 0.518952 0.262918 0.518952 0.201368 0.517919 0.170973 0.510338 0.152736 0.498966 0.181611 0.495865 0.240881 0.494142 0.404255
0 0.518608 0.398936 0.524466 0.463526 0.538594 0.474164 0.544108 0.450608 0.539283 0.365502 0.541695 0.281155 0.540317 0.228723 0.540317 0.174012 0.532736 0.161094 0.522743 0.192249 0.519642 0.256079
0 0.540317 0.387538 0.541695 0.431611 0.547553 0.469605 0.557547 0.474924 0.566506 0.451368 0.571330 0.375380 0.571330 0.281155 0.569607 0.210486 0.568573 0.167173 0.556513 0.150456 0.549276 0.199848 0.544797 0.270517
0 0.559614 0.380699 0.558925 0.418693 0.561337 0.439970 0.578567 0.454407 0.588560 0.456687 0.595107 0.422492 0.592695 0.308511 0.587526 0.219605 0.586837 0.180091 0.585114 0.137538 0.576844 0.127660 0.560648 0.184650 0.563060 0.294073
0 0.584425 0.363982 0.586147 0.416413 0.595796 0.443769 0.607167 0.450608 0.618884 0.443769 0.621985 0.401976 0.614059 0.291793 0.613025 0.218085 0.611647 0.179331 0.613025 0.143617 0.599931 0.132219 0.590283 0.185410 0.585803 0.239362
0 0.610613 0.365502 0.606478 0.414894 0.619573 0.436170 0.646106 0.422492 0.655065 0.422492 0.661613 0.403495 0.661613 0.366261 0.657478 0.311550 0.659201 0.259119 0.659201 0.218085 0.659201 0.188450 0.650930 0.156535 0.607512 0.170973 0.609235 0.219605
0 0.653343 0.324468 0.658167 0.376900 0.665403 0.393617 0.684356 0.392857 0.707443 0.371581 0.702619 0.335106 0.694349 0.295593 0.695382 0.212006 0.695038 0.176292 0.693660 0.146657 0.686768 0.127660 0.669538 0.132219 0.660924 0.172492 0.656788 0.252280
0 0.496554 0.489362 0.496554 0.531915 0.497243 0.612462 0.495865 0.686170 0.504824 0.724164 0.516196 0.696809 0.516196 0.581307 0.515507 0.493921
0 0.523777 0.471125 0.517229 0.479483 0.514817 0.503040 0.514817 0.556231 0.514817 0.641337 0.515507 0.709726 0.518952 0.737082 0.531702 0.740881 0.536182 0.709726 0.537560 0.615502 0.535148 0.548632 0.538249 0.497720 0.539283 0.477964
0 0.547553 0.467325 0.541006 0.468845 0.535837 0.479483 0.533425 0.532675 0.536182 0.606383 0.536182 0.695289 0.537560 0.729483 0.544797 0.749240 0.556513 0.740881 0.566161 0.659574 0.562371 0.577508 0.559614 0.519757 0.557891 0.478723
0 0.557891 0.472644 0.554101 0.479483 0.553067 0.512918 0.562715 0.617781 0.566161 0.687690 0.571675 0.707447 0.586492 0.700608 0.592695 0.604103 0.588215 0.490881 0.580289 0.459726 0.575121 0.453647
0 0.582012 0.458967 0.577188 0.471125 0.575810 0.488602 0.588904 0.549392 0.599242 0.658815 0.606478 0.703647 0.615438 0.725684 0.626809 0.716565 0.622329 0.654255 0.614748 0.559271 0.609924 0.505319 0.611647 0.465805 0.603722 0.453647 0.592350 0.450608
0 0.636458 0.426292 0.629221 0.459726 0.664369 0.512158 0.704686 0.582827 0.722605 0.612462 0.738801 0.604103 0.747416 0.564590 0.726740 0.512918 0.703653 0.458967 0.692970 0.412614 0.681254 0.395137 0.672984 0.392097 0.660234 0.401216 0.651964 0.420973
0 0.483460 0.487842 0.477602 0.488602 0.476912 0.514438 0.478291 0.597264 0.482426 0.699848 0.487939 0.713526 0.494831 0.696049 0.497243 0.617781 0.497243 0.514438 0.496554 0.490122 0.490007 0.487082 0.487939 0.487082
0 0.466919 0.484043 0.453825 0.487842 0.455548 0.525836 0.460717 0.661854 0.463473 0.727964 0.472433 0.743921 0.480014 0.719605 0.476912 0.620821 0.477602 0.537994 0.478635 0.501520 0.473122 0.484043
0 0.442453 0.477204 0.436595 0.494681 0.436251 0.547112 0.437629 0.670973 0.443143 0.732523 0.451757 0.743921 0.459683 0.724924 0.460372 0.636018 0.459338 0.550152 0.457960 0.512918 0.451757 0.482523 0.447967 0.475684
0 0.422123 0.465046 0.412130 0.482523 0.403859 0.555471 0.401447 0.669453 0.413508 0.744681 0.429704 0.737082 0.432805 0.634498 0.436595 0.544833 0.441420 0.512918 0.441764 0.487082 0.435906 0.474164 0.430048 0.475684 0.425913 0.467325
0 0.400758 0.447568 0.392833 0.446049 0.389042 0.474164 0.374914 0.591185 0.368711 0.670213 0.375948 0.712766 0.386630 0.708967 0.397657 0.616261 0.409717 0.538754 0.421433 0.500000 0.426602 0.482523 0.426947 0.469605 0.421089 0.455927 0.415575 0.451368 0.412819 0.451368
0 0.358029 0.415653 0.350448 0.415653 0.346313 0.425532 0.344590 0.471884 0.327705 0.567629 0.317023 0.621581 0.321502 0.664894 0.343901 0.675532 0.361130 0.602584 0.378360 0.521277 0.389042 0.490881 0.400069 0.465046 0.403515 0.447568 0.401103 0.436930 0.393522 0.429331 0.386285 0.427052 0.379394 0.430851 0.372157 0.414134 0.366988 0.414134 0.364576 0.416413
0 0.311854 0.384498 0.303584 0.395137 0.299104 0.445289 0.277739 0.568389 0.274983 0.597264 0.280496 0.615502 0.304618 0.614742 0.326327 0.552432 0.344590 0.478723 0.356651 0.422492 0.355272 0.398176 0.345968 0.395897 0.338043 0.399696
