0 0.493845 0.339666 0.500528 0.558511 0.470278 0.560030 0.465002 0.540274 0.465353 0.493921 0.465353 0.350304
0 0.465002 0.335106 0.465353 0.411094 0.463947 0.496960 0.467464 0.560030 0.441083 0.548632 0.440380 0.525076 0.442490 0.498480 0.442139 0.465805 0.445656 0.401976 0.450229 0.352584
0 0.440380 0.316869 0.448470 0.386018 0.446359 0.414894 0.443546 0.445289 0.443897 0.471884 0.444601 0.490122 0.444249 0.508359 0.438621 0.536474 0.435807 0.547872 0.427365 0.555471 0.420331 0.543313 0.412592 0.525076 0.412592 0.506839 0.417517 0.484802 0.420682 0.452128 0.428421 0.389058 0.432993 0.338146
0 0.507914 0.325228 0.498769 0.490122 0.500528 0.554711 0.526908 0.563830 0.534647 0.541033 0.534647 0.515957 0.533943 0.484043 0.535702 0.329787
0 0.533943 0.318389 0.535350 0.485562 0.530074 0.511398 0.529722 0.518237 0.531129 0.536474 0.537109 0.549392 0.548364 0.553191 0.554696 0.545593 0.561379 0.524316 0.558917 0.495441 0.557158 0.467325 0.554344 0.319909
0 0.558917 0.315350 0.556103 0.414134 0.556103 0.476444 0.555751 0.505319 0.556454 0.522796 0.558917 0.535714 0.563841 0.552432 0.567710 0.558511 0.575097 0.557751 0.582483 0.541793 0.588111 0.526596 0.586352 0.485562 0.577559 0.317629
0 0.589870 0.321429 0.583890 0.465046 0.579318 0.503799 0.580373 0.525836 0.581076 0.545593 0.589166 0.555471 0.595849 0.555471 0.604643 0.550912 0.607105 0.537234 0.609919 0.494681 0.611678 0.325228
0 0.614843 0.328267 0.607809 0.500000 0.608512 0.542553 0.629968 0.560030 0.640872 0.537234 0.640169 0.487082 0.639114 0.330547
0 0.645797 0.322188 0.642631 0.454407 0.639114 0.490122 0.639114 0.519757 0.641576 0.535714 0.649666 0.545593 0.666198 0.544833 0.681323 0.529635 0.681674 0.490122 0.681323 0.441489 0.682026 0.321429
0 0.682378 0.320669 0.681323 0.452888 0.683433 0.503040 0.687654 0.518237 0.696447 0.526596 0.706296 0.522796 0.717200 0.507599 0.720366 0.479483 0.718959 0.451368 0.696799 0.312310
0 0.502990 0.587386 0.508618 0.816109 0.530777 0.812310 0.528315 0.651216 0.526556 0.576748
0 0.526908 0.578267 0.531129 0.826748 0.552234 0.819149 0.549771 0.622340 0.549771 0.582827
0 0.558565 0.571429 0.549068 0.598024 0.549420 0.645897 0.562786 0.836626 0.585649 0.826748 0.578262 0.661854 0.575448 0.623100 0.574042 0.579027
0 0.580725 0.580547 0.573690 0.608663 0.578262 0.652736 0.585297 0.805471 0.608160 0.803191 0.601829 0.637538 0.606050 0.613222 0.605346 0.604103 0.600070 0.592705 0.591629 0.580547 0.585297 0.576748
0 0.610974 0.571429 0.601126 0.577508 0.598312 0.589666 0.597960 0.609422 0.603940 0.626140 0.606050 0.627660 0.610271 0.663374 0.630672 0.815350 0.647907 0.803951 0.633837 0.628419 0.633134 0.604863 0.633134 0.594225 0.631024 0.582827 0.626451 0.574468 0.620823 0.567629
0 0.654590 0.560790 0.633837 0.559271 0.628561 0.570669 0.626099 0.586626 0.633837 0.615502 0.639817 0.645897 0.644038 0.725684 0.672529 0.791793 0.704889 0.759119 0.677805 0.611702 0.675695 0.589666 0.675695 0.579787 0.673233 0.562310 0.665142 0.558511
0 0.702779 0.544833 0.684488 0.546353 0.674639 0.552432 0.670419 0.563830 0.673233 0.579027 0.676046 0.595745 0.678509 0.617021 0.685192 0.658815 0.701724 0.737082 0.725994 0.779635 0.758706 0.733283 0.728456 0.604863 0.718959 0.537994 0.711572 0.535714
0 0.505100 0.586626 0.508266 0.598024 0.507562 0.608663 0.504749 0.625380 0.513894 0.823708 0.492789 0.825228 0.481885 0.656535 0.484348 0.580547
0 0.473795 0.578267 0.457615 0.585866 0.459726 0.625380 0.467112 0.817629 0.489272 0.816109 0.481885 0.647416 0.484348 0.578267
0 0.455505 0.579787 0.443897 0.568389 0.437214 0.589666 0.440380 0.601064 0.440028 0.609422 0.436862 0.618541 0.435807 0.639058 0.438269 0.810790 0.464298 0.809271 0.459022 0.624620
0 0.426310 0.570669 0.415406 0.573708 0.412241 0.581307 0.409075 0.592705 0.408371 0.609422 0.409778 0.621581 0.403447 0.749240 0.396060 0.801672 0.423848 0.813830 0.434752 0.628419 0.438973 0.604863 0.439676 0.598784 0.435807 0.582827
0 0.393950 0.585106 0.384101 0.623100 0.381991 0.647416 0.373197 0.765957 0.398171 0.767477 0.409427 0.642097 0.407316 0.588146
0 0.378825 0.566869 0.365811 0.553951 0.353148 0.551672 0.345410 0.557751 0.344706 0.572948 0.342244 0.593465 0.334506 0.619301 0.306015 0.747720 0.355610 0.792553 0.381639 0.639818 0.397116 0.575988 0.390433 0.566109
0 0.333451 0.540274 0.314105 0.530395 0.301442 0.528875 0.294407 0.544833 0.287724 0.572948 0.260288 0.705167 0.300739 0.750000 0.336616 0.613982 0.343299 0.590426 0.346113 0.554711
0 0.393950 0.364742 0.395005 0.427812 0.390784 0.484043 0.382694 0.546353 0.396412 0.561550 0.412241 0.559271 0.422793 0.534195 0.422441 0.500000 0.422089 0.478723 0.421386 0.439210 0.426310 0.395897 0.426662 0.358663
0 0.377066 0.358663 0.367218 0.425532 0.366514 0.448328 0.366514 0.466565 0.367218 0.482523 0.367921 0.500760 0.367569 0.531915 0.383398 0.537994 0.389026 0.512918 0.392895 0.485562 0.394302 0.426292 0.394654 0.363222 0.393247 0.338146 0.378825 0.338146
0 0.320436 0.338906 0.322898 0.413374 0.321843 0.460486 0.321843 0.507599 0.321140 0.525836 0.333451 0.536474 0.349982 0.541793 0.365459 0.540274 0.371087 0.515957 0.365811 0.446809 0.364404 0.320669 0.349631 0.313830 0.338375 0.324468
0 0.291242 0.317629 0.268378 0.485562 0.285614 0.519757 0.301090 0.523556 0.321491 0.525076 0.321843 0.459726 0.325712 0.396657 0.323954 0.317629 0.289131 0.310790
