0 0.497969 0.403495 0.494922 0.442249 0.492214 0.492401 0.490183 0.529635 0.488152 0.581307 0.487136 0.607903 0.497969 0.613982 0.509479 0.607903 0.518280 0.592705 0.515234 0.542553 0.511510 0.507599 0.511510 0.455167 0.515234 0.381459 0.498984 0.373100
0 0.477657 0.373100 0.476642 0.401216 0.472918 0.457447 0.470887 0.490122 0.469871 0.525076 0.468856 0.560030 0.467840 0.579027 0.466148 0.601064 0.479689 0.605623 0.485443 0.588146 0.488152 0.542553 0.486459 0.503040 0.485443 0.472644 0.486459 0.420973 0.491198 0.357903
0 0.454299 0.366261 0.453284 0.401216 0.451591 0.438450 0.448544 0.474924 0.447529 0.500760 0.444821 0.522796 0.442789 0.540274 0.441774 0.568389 0.443805 0.585866 0.449560 0.592705 0.466148 0.568389 0.471903 0.540274 0.471903 0.494681 0.469871 0.462006 0.468856 0.403495 0.470887 0.357903
0 0.414692 0.360182 0.409953 0.383739 0.407921 0.423252 0.407921 0.444529 0.407921 0.470365 0.405890 0.490122 0.404198 0.507599 0.404198 0.525076 0.408937 0.550912 0.428233 0.546353 0.432295 0.527356 0.432295 0.514438 0.432295 0.362462
0 0.394381 0.333587 0.388626 0.366261 0.384902 0.394377 0.377116 0.431611 0.374069 0.446809 0.371361 0.487842 0.374069 0.500760 0.392688 0.520517 0.403182 0.512158 0.408937 0.464286 0.408937 0.416413 0.411984 0.368541 0.413676 0.338146
0 0.367299 0.310030 0.363575 0.322948 0.355789 0.360182 0.344956 0.381459 0.337508 0.401216 0.333446 0.427052 0.338186 0.455167 0.352742 0.484043 0.365606 0.479483 0.378131 0.442249 0.379147 0.390578 0.380840 0.368541 0.387610 0.329787
0 0.349018 0.284195 0.341232 0.314590 0.328707 0.338146 0.313135 0.347264 0.302640 0.360182 0.301625 0.377660 0.307380 0.405775 0.321936 0.433891 0.333446 0.442249 0.343263 0.392857 0.345972 0.370821 0.360528 0.310030
0 0.518280 0.366261 0.517265 0.381459 0.515234 0.427052 0.515234 0.464286 0.515234 0.499240 0.515234 0.533435 0.515234 0.566109 0.516249 0.596505 0.520311 0.626900 0.529790 0.629179 0.539607 0.616261 0.544347 0.601064 0.544347 0.555471 0.540623 0.533435 0.538592 0.512158 0.538592 0.479483 0.538592 0.411854 0.538592 0.355623
0 0.547393 0.362462 0.544347 0.408055 0.540623 0.479483 0.538592 0.529635 0.538592 0.572948 0.541300 0.596505 0.550102 0.609422 0.562627 0.601064 0.563643 0.553191 0.561611 0.520517 0.558903 0.479483 0.557888 0.431611 0.557888 0.344985
0 0.556872 0.347264 0.555856 0.392857 0.557888 0.455167 0.557888 0.496960 0.558903 0.535714 0.561611 0.581307 0.571429 0.601064 0.581246 0.590426 0.587001 0.560030 0.584970 0.533435 0.577183 0.481763 0.574475 0.457447 0.573460 0.338146
0 0.603250 0.357903 0.599526 0.398936 0.595464 0.429331 0.594787 0.457447 0.594787 0.492401 0.592756 0.533435 0.594787 0.548632 0.605281 0.563830 0.615775 0.568389 0.620853 0.550912 0.620853 0.529635 0.618822 0.485562 0.612051 0.433891 0.615098 0.344985
0 0.627624 0.333587 0.627624 0.355623 0.624577 0.392857 0.620853 0.414134 0.618822 0.436170 0.618822 0.481763 0.618822 0.512158 0.623561 0.537994 0.633378 0.542553 0.646919 0.540274 0.652674 0.529635 0.653690 0.494681 0.650643 0.462006 0.647935 0.424772 0.646919 0.368541 0.644888 0.325228
0 0.642857 0.307751 0.645904 0.342705 0.651659 0.408055 0.655721 0.446809 0.659445 0.484043 0.665200 0.499240 0.676032 0.494681 0.685511 0.477204 0.691266 0.462006 0.687542 0.438450 0.680772 0.414134 0.672986 0.377660 0.666215 0.342705 0.658429 0.299392
0 0.665200 0.312310 0.669939 0.363982 0.687542 0.420973 0.696344 0.442249 0.703114 0.453647 0.710900 0.433891 0.716655 0.414134 0.723426 0.394377 0.715640 0.353343 0.691266 0.318389 0.676032 0.303191
0 0.517265 0.768237 0.517265 0.740122 0.515234 0.707447 0.512525 0.674772 0.511510 0.653495 0.520988 0.646657 0.527759 0.655015 0.532837 0.696809 0.531821 0.715805 0.530806 0.737842 0.530806 0.755319 0.530806 0.787994 0.523020 0.804711
0 0.548070 0.796353 0.546378 0.778875 0.544347 0.742401 0.546378 0.715805 0.550102 0.683891 0.550102 0.668693 0.542316 0.655015 0.529790 0.655015 0.531821 0.689970 0.535545 0.727204 0.537576 0.742401 0.537576 0.772796
0 0.569397 0.796353 0.569397 0.778875 0.565674 0.743921 0.571429 0.679331 0.571429 0.655015 0.571429 0.642097 0.565674 0.642097 0.556872 0.644377 0.553148 0.661854 0.553148 0.687690 0.554164 0.718085 0.554841 0.757599 0.554841 0.796353
0 0.590724 0.772796 0.590724 0.727204 0.590724 0.698328 0.592756 0.659574 0.593771 0.633739 0.588016 0.609422 0.574475 0.616261 0.567705 0.633739 0.567705 0.674772 0.570413 0.689970 0.574475 0.746201 0.579215 0.768237 0.581246 0.789514
0 0.618822 0.748480 0.613067 0.720365 0.611036 0.674772 0.611036 0.636018 0.611036 0.613982 0.608328 0.598784 0.594787 0.598784 0.584970 0.607903 0.588016 0.651216 0.594787 0.685410 0.599526 0.718085 0.606297 0.778875
0 0.707854 0.668693 0.703114 0.642097 0.688558 0.588146 0.684496 0.566109 0.669262 0.544833 0.639133 0.546353 0.627624 0.588146 0.639133 0.624620 0.656398 0.646657 0.668246 0.664134 0.676710 0.683891 0.692282 0.696809
0 0.746445 0.616261 0.736967 0.583587 0.729181 0.553191 0.720379 0.520517 0.715640 0.499240 0.701083 0.477204 0.685511 0.492401 0.676032 0.515957 0.676032 0.548632 0.689573 0.581307 0.704807 0.603343 0.713609 0.620821 0.727150 0.631459
0 0.505755 0.794073 0.504739 0.774316 0.508463 0.702888 0.511510 0.674772 0.512525 0.659574 0.496953 0.653495 0.489167 0.670213 0.489167 0.694529 0.491198 0.713526 0.493230 0.742401 0.492214 0.783435 0.492214 0.809271
0 0.478673 0.816109 0.481381 0.803191 0.486459 0.761398 0.493907 0.724924 0.495938 0.677052 0.484428 0.646657 0.470887 0.646657 0.467840 0.661854 0.466825 0.683891 0.468856 0.700608 0.469871 0.800912
0 0.448544 0.809271 0.457346 0.783435 0.462085 0.742401 0.462085 0.720365 0.465132 0.689970 0.467840 0.659574 0.462085 0.633739 0.445836 0.618541 0.444821 0.639818 0.444821 0.677052 0.443805 0.722644 0.439066 0.750760 0.435003 0.783435
0 0.426202 0.787994 0.430264 0.765957 0.438050 0.702888 0.439743 0.683891 0.443805 0.655015 0.449560 0.616261 0.439066 0.603343 0.425525 0.607903 0.419431 0.624620 0.419431 0.653495 0.419431 0.687690 0.417739 0.735562
0 0.413676 0.570669 0.406906 0.594225 0.397427 0.636018 0.394381 0.677052 0.390657 0.705167 0.380840 0.761398 0.399458 0.743921 0.408937 0.707447 0.416723 0.677052 0.428233 0.631459 0.433988 0.601064 0.428233 0.581307
0 0.379824 0.546353 0.367299 0.557751 0.364590 0.570669 0.362559 0.590426 0.357820 0.609422 0.348003 0.633739 0.340217 0.677052 0.342248 0.698328 0.352742 0.718085 0.375085 0.718085 0.384902 0.677052 0.390657 0.636018 0.396412 0.607903 0.406906 0.583587 0.400135 0.553191
0 0.353758 0.500760 0.340217 0.494681 0.331415 0.512158 0.327691 0.542553 0.320921 0.575228 0.311104 0.603343 0.290792 0.646657 0.299594 0.677052 0.324645 0.677052 0.337508 0.653495 0.351049 0.624620 0.358835 0.605623 0.368314 0.561550
0 0.290115 0.459726 0.279282 0.500760 0.276574 0.529635 0.272512 0.548632 0.269804 0.579027 0.276574 0.598784 0.284022 0.598784 0.301625 0.581307 0.335477 0.507599 0.335477 0.477204 0.321936 0.472644 0.307380 0.464286 0.299594 0.446809
