0 0.502051 0.564590 0.520506 0.563070 0.524949 0.640578 0.531442 0.788754 0.514696 0.788754 0.505468 0.661094
0 0.522215 0.558511 0.538961 0.554711 0.542379 0.587386 0.548872 0.806991 0.537936 0.806991 0.526658 0.661094
0 0.540670 0.548632 0.561859 0.544073 0.567327 0.585106 0.572112 0.805471 0.552632 0.806991 0.541695 0.595745
0 0.566644 0.558511 0.584074 0.544073 0.586808 0.552432 0.591593 0.636778 0.593301 0.784954 0.576555 0.782675 0.569378 0.659574
0 0.585783 0.534195 0.609023 0.528116 0.615516 0.607903 0.627478 0.786474 0.607997 0.792553 0.591593 0.655015
0 0.661654 0.494681 0.681135 0.435410 0.690362 0.435410 0.746753 0.517477 0.751196 0.566869 0.732741 0.639058 0.691388 0.589666 0.673616 0.544073
0 0.481545 0.570669 0.501025 0.564590 0.504785 0.577508 0.512987 0.805471 0.492481 0.800912 0.491798 0.706687 0.486329 0.626140
0 0.462064 0.564590 0.483254 0.564590 0.490772 0.659574 0.489064 0.803191 0.470608 0.792553 0.470608 0.700608 0.470608 0.636778
0 0.446343 0.560790 0.464115 0.560790 0.471292 0.645137 0.469583 0.794833 0.449077 0.791033 0.447368 0.712766 0.446343 0.651216
0 0.426179 0.569149 0.442925 0.569149 0.445660 0.589666 0.447368 0.622340 0.449077 0.797112 0.432673 0.788754 0.431647 0.708967 0.425154 0.681611 0.425154 0.648936
0 0.404990 0.560790 0.422420 0.560790 0.426179 0.572948 0.428913 0.595745 0.427888 0.794833 0.410458 0.794833 0.405673 0.750000 0.405673 0.689970 0.404990 0.636778 0.401230 0.599544
0 0.330144 0.474164 0.343814 0.474164 0.354067 0.487082 0.359535 0.505319 0.368763 0.537994 0.358852 0.563070 0.342105 0.599544 0.278195 0.665653 0.278195 0.636778 0.258031 0.640578 0.253247 0.583587 0.257006 0.537994 0.293233 0.509119 0.319891 0.503040
0 0.505468 0.322188 0.522215 0.316109 0.525974 0.386018 0.524949 0.558511 0.514696 0.570669 0.503759 0.564590 0.500000 0.537994
0 0.525974 0.306231 0.538961 0.306231 0.546138 0.554711 0.526658 0.556991 0.525974 0.490881
0 0.546138 0.300152 0.563910 0.300152 0.568353 0.472644 0.567327 0.550152 0.549897 0.550152 0.545455 0.528116 0.545455 0.478723
0 0.560150 0.300152 0.583049 0.300152 0.588859 0.466565 0.586808 0.517477 0.574846 0.519757 0.562884 0.517477 0.560150 0.482523 0.560150 0.455927
0 0.583049 0.285714 0.612782 0.283435 0.618250 0.394377 0.623718 0.447568 0.623718 0.484802 0.617225 0.503040 0.593301 0.519757 0.587833 0.496960 0.586808 0.443769
0 0.613807 0.283435 0.637731 0.271277 0.651401 0.420973 0.660629 0.468085 0.651401 0.490881 0.630212 0.496960 0.622010 0.482523 0.622010 0.439970 0.617225 0.373860
0 0.640465 0.259119 0.677375 0.238602 0.684894 0.398176 0.684894 0.423252 0.664388 0.443769 0.651401 0.433131 0.644908 0.392097
0 0.469583 0.314590 0.489064 0.316109 0.500000 0.536474 0.500000 0.558511 0.475051 0.563070 0.472317 0.513678
0 0.452153 0.314590 0.467874 0.314590 0.473342 0.552432 0.467874 0.560790 0.452153 0.560790 0.454887 0.522036
0 0.428913 0.312310 0.451128 0.312310 0.455571 0.531915 0.449077 0.570669 0.436432 0.564590 0.435407 0.534195 0.429938 0.464286
0 0.402256 0.303951 0.429938 0.308511 0.432673 0.534195 0.425154 0.563070 0.412167 0.550152 0.394737 0.548632 0.402256 0.507599
0 0.368763 0.291793 0.402939 0.294073 0.406699 0.513678 0.395762 0.540274 0.376282 0.540274 0.360560 0.509119 0.362269 0.462006 0.365345 0.377660
