0 0.480655 0.399696 0.472987 0.484043 0.472987 0.543313 0.468107 0.585866 0.477867 0.600304 0.505054 0.600304 0.509934 0.585866 0.505751 0.524316 0.502963 0.480243 0.500174 0.414894 0.500174 0.395897
0 0.455559 0.410334 0.452771 0.469605 0.449634 0.520517 0.440223 0.558511 0.441966 0.594225 0.465319 0.594225 0.471941 0.545593 0.471941 0.505319 0.470896 0.448328 0.476821 0.408055
0 0.424538 0.404255 0.424538 0.454407 0.418613 0.505319 0.416870 0.547872 0.421750 0.577508 0.433252 0.579027 0.444057 0.520517 0.449634 0.475684 0.451725 0.431611 0.452771 0.399696
0 0.396654 0.404255 0.401185 0.469605 0.399442 0.503040 0.394563 0.537234 0.390728 0.562310 0.405368 0.562310 0.414082 0.556231 0.419658 0.524316 0.421750 0.469605 0.424538 0.435410 0.424538 0.399696
0 0.374346 0.395897 0.371209 0.477964 0.368421 0.524316 0.366330 0.551672 0.379923 0.558511 0.386894 0.547872 0.392471 0.511398 0.396654 0.471884 0.397351 0.425532 0.394563 0.397416
0 0.346114 0.401976 0.340188 0.469605 0.334611 0.526596 0.336354 0.558511 0.361799 0.560030 0.369467 0.511398 0.370512 0.442249 0.366330 0.395897
0 0.312304 0.366261 0.304636 0.437690 0.293831 0.509878 0.305333 0.526596 0.325898 0.534954 0.335657 0.486322 0.339491 0.414894 0.342280 0.359422
0 0.283374 0.317629 0.261067 0.446049 0.260021 0.486322 0.284071 0.507599 0.301499 0.482523 0.306379 0.404255 0.308470 0.325988
0 0.511677 0.414894 0.506797 0.501520 0.511677 0.587386 0.533984 0.600304 0.542698 0.596505 0.538864 0.526596 0.538864 0.423252
0 0.547578 0.420973 0.543743 0.480243 0.543743 0.549392 0.548623 0.589666 0.562914 0.591945 0.568839 0.575228 0.569885 0.530395 0.562217 0.490881 0.562914 0.439970
0 0.571628 0.437690 0.569885 0.471884 0.568839 0.499240 0.574765 0.577508 0.573719 0.591945 0.597769 0.570669 0.593935 0.480243 0.591147 0.427052
0 0.598815 0.431611 0.596026 0.511398 0.598815 0.562310 0.605786 0.591945 0.624956 0.581307 0.617288 0.530395 0.618334 0.469605 0.612409 0.423252
0 0.618334 0.423252 0.618334 0.518237 0.627745 0.570669 0.638550 0.575228 0.645173 0.551672 0.640641 0.496960 0.637504 0.425532 0.636459 0.395897 0.616243 0.397416
0 0.644475 0.401976 0.639596 0.471884 0.643430 0.520517 0.650052 0.558511 0.659812 0.560030 0.684211 0.526596 0.668526 0.475684 0.668526 0.418693 0.662600 0.368541
0 0.668526 0.368541 0.668526 0.482523 0.681074 0.520517 0.704427 0.509878 0.706169 0.477964 0.694667 0.435410 0.688045 0.366261 0.685953 0.342705
0 0.699547 0.328267 0.706169 0.448328 0.714883 0.503040 0.730568 0.486322 0.745904 0.477964 0.740328 0.427052 0.729522 0.355623 0.727780 0.304711 0.720809 0.279635
0 0.507842 0.777356 0.502963 0.663374 0.504008 0.617021 0.527361 0.615502 0.527361 0.663374 0.524224 0.712006 0.521436 0.775836
0 0.531196 0.617021 0.527361 0.699848 0.527361 0.765198 0.532938 0.790274 0.547578 0.786474 0.547578 0.729483 0.545486 0.678571 0.547578 0.615502
0 0.548623 0.627660 0.548623 0.699848 0.554200 0.771277 0.561171 0.796353 0.573719 0.786474 0.570931 0.716565 0.572673 0.663374 0.572673 0.615502
0 0.589055 0.632219 0.597769 0.710486 0.612409 0.775836 0.628791 0.773556 0.620077 0.703647 0.620077 0.638298 0.620077 0.608663
0 0.647264 0.600304 0.660857 0.653495 0.678285 0.691489 0.698153 0.757599 0.718369 0.730243 0.701638 0.659574 0.688045 0.602584 0.688045 0.562310 0.679331 0.549392
0 0.686999 0.560030 0.701638 0.625380 0.719763 0.661854 0.736494 0.680851 0.745904 0.638298 0.734402 0.600304 0.727780 0.564590 0.719066 0.526596 0.707215 0.520517 0.692924 0.528875
0 0.482747 0.756839 0.480655 0.653495 0.480655 0.613222 0.502963 0.621581 0.495295 0.663374 0.496340 0.743921 0.493203 0.767477
0 0.459394 0.613222 0.457651 0.731003 0.465319 0.775836 0.476821 0.767477 0.475776 0.691489 0.481701 0.638298 0.475078 0.619301
0 0.434298 0.615502 0.427327 0.684650 0.425584 0.737842 0.431509 0.786474 0.445800 0.781915 0.450680 0.735562 0.453468 0.667933 0.454514 0.621581 0.454514 0.604863
0 0.410945 0.596505 0.402231 0.648936 0.402231 0.697568 0.404322 0.754559 0.405368 0.781915 0.414779 0.784195 0.423493 0.768997 0.422795 0.697568 0.425584 0.646657 0.432206 0.604863
0 0.394563 0.585866 0.384803 0.629939 0.379226 0.680851 0.379226 0.741641 0.380969 0.786474 0.395608 0.777356 0.400488 0.693009 0.406065 0.606383 0.408156 0.585866
0 0.330777 0.568389 0.309516 0.644377 0.285465 0.724164 0.306727 0.765957 0.343325 0.684650 0.363541 0.617021 0.368421 0.587386
0 0.286162 0.530395 0.279191 0.549392 0.277449 0.575228 0.271523 0.613222 0.239805 0.651976 0.252353 0.698328 0.270826 0.715805 0.296619 0.653495 0.317184 0.608663 0.330777 0.560030
