0 0.506401 0.311550 0.505690 0.555471 0.486131 0.550912 0.483286 0.533435 0.483286 0.389818 0.487198 0.311550
0 0.488620 0.304711 0.483286 0.547112 0.457681 0.528116 0.456259 0.501520 0.457681 0.479483 0.459104 0.405775 0.464438 0.305471
0 0.446657 0.237842 0.462660 0.320669 0.459459 0.439210 0.459459 0.460486 0.461238 0.477204 0.457326 0.495441 0.454125 0.512918 0.451991 0.520517 0.442034 0.529635 0.434566 0.523556 0.429587 0.511398 0.427809 0.497720 0.427454 0.480243 0.427454 0.466565 0.433855 0.419453 0.435989 0.344225 0.429232 0.252280
0 0.299787 0.205167 0.256401 0.357143 0.279161 0.416413 0.295875 0.409574 0.310455 0.361702 0.325036 0.231763
0 0.325747 0.246201 0.308321 0.367021 0.289829 0.422492 0.296586 0.455927 0.312233 0.474164 0.330014 0.473404 0.335349 0.455927 0.346728 0.377660 0.347440 0.342705 0.356686 0.301672 0.363442 0.256839
0 0.349929 0.323708 0.345306 0.391337 0.330725 0.472644 0.340327 0.509878 0.358108 0.507599 0.373400 0.518237 0.380868 0.500000 0.386558 0.473404 0.387269 0.454407 0.386558 0.436930 0.384780 0.422492 0.385135 0.397416 0.387980 0.379939 0.388336 0.354863 0.386913 0.314590 0.358108 0.300152
0 0.388691 0.294073 0.386202 0.423252 0.377312 0.480243 0.382646 0.506839 0.397937 0.513678 0.409673 0.491641 0.412518 0.455927 0.409317 0.291033
0 0.509246 0.309271 0.507112 0.557751 0.525960 0.558511 0.529161 0.541793 0.530228 0.513678 0.534139 0.309271
0 0.532006 0.320669 0.527738 0.501520 0.528094 0.514438 0.532717 0.541033 0.533784 0.551672 0.544808 0.546353 0.549787 0.527356 0.550142 0.508359 0.552276 0.477204 0.552276 0.454407 0.550853 0.426292 0.548364 0.397416 0.546942 0.382979 0.544452 0.344225 0.544452 0.314590
0 0.556543 0.313830 0.548009 0.422492 0.544452 0.467325 0.545875 0.495441 0.550853 0.528116 0.558321 0.548632 0.570413 0.543313 0.574324 0.506079 0.574680 0.420213 0.573969 0.306231 0.556899 0.302432
0 0.510313 0.585106 0.508179 0.775836 0.514580 0.778116 0.524893 0.661854 0.524538 0.576748
0 0.525249 0.576748 0.524893 0.680091 0.512447 0.781915 0.529516 0.788754 0.542674 0.686170 0.544097 0.639818 0.546942 0.619301 0.546942 0.598784 0.546586 0.588906 0.545164 0.581307
0 0.552276 0.583587 0.544452 0.591185 0.542319 0.608663 0.542319 0.618541 0.544452 0.639058 0.544808 0.660334 0.542319 0.691489 0.537340 0.806231 0.562945 0.812310 0.570768 0.661854 0.570413 0.630699 0.570057 0.602584 0.565789 0.588146 0.556543 0.579027
0 0.577525 0.578267 0.565789 0.604863 0.569346 0.644377 0.570413 0.810790 0.595661 0.803951 0.595661 0.642857 0.596373 0.608663 0.595306 0.601064 0.588549 0.585106
0 0.607041 0.573708 0.598862 0.569149 0.587482 0.588906 0.586415 0.615502 0.592105 0.636778 0.621622 0.827508 0.648649 0.790274 0.619132 0.627660 0.621266 0.592705 0.619844 0.583587
0 0.647937 0.547112 0.612020 0.560790 0.612376 0.583587 0.618777 0.613982 0.622333 0.627660 0.644737 0.762918 0.689545 0.720365 0.670341 0.594225 0.670341 0.564590 0.667852 0.553951 0.653983 0.540274
0 0.695590 0.512918 0.665363 0.550152 0.667852 0.579027 0.672831 0.597264 0.716572 0.762158 0.753556 0.708207 0.720128 0.551672 0.706970 0.502280
0 0.750711 0.484043 0.717994 0.504559 0.716927 0.541033 0.725462 0.575988 0.756046 0.695289 0.792319 0.651976 0.767781 0.505319
0 0.511024 0.583587 0.509246 0.797112 0.497866 0.795593 0.496088 0.640578 0.496444 0.601824 0.502845 0.584347
0 0.490398 0.575228 0.475462 0.581307 0.476174 0.629939 0.476529 0.797872 0.498578 0.796353 0.496444 0.637538 0.499644 0.579027
0 0.461593 0.575988 0.453770 0.575988 0.451280 0.591185 0.447724 0.626900 0.444879 0.659574 0.454481 0.825988 0.478663 0.819909 0.476885 0.627660 0.476885 0.575228
0 0.438834 0.573708 0.451636 0.601824 0.451636 0.631459 0.449858 0.811550 0.412873 0.812310 0.420697 0.634498 0.421053 0.603343 0.426031 0.582067 0.430299 0.572188
0 0.394026 0.577508 0.410028 0.558511 0.426031 0.571429 0.428876 0.599544 0.422475 0.632219 0.406117 0.829027 0.372333 0.806231
0 0.359886 0.529635 0.337838 0.519757 0.325391 0.547872 0.312233 0.587386 0.269203 0.677052 0.302987 0.740881 0.379801 0.609422 0.387269 0.560790
0 0.287340 0.464286 0.226885 0.566869 0.258179 0.652736 0.322546 0.563070 0.333570 0.522796 0.312233 0.487842 0.296230 0.467325
0 0.720128 0.196049 0.685989 0.339666 0.697368 0.375380 0.716572 0.387538 0.729018 0.374620 0.733997 0.360182 0.743954 0.188450 0.721906 0.174772
0 0.646159 0.313830 0.675676 0.486322 0.679232 0.495441 0.687411 0.496201 0.703770 0.487082 0.716572 0.474924 0.724395 0.454407 0.724751 0.427052 0.712304 0.398176 0.693101 0.361702 0.677098 0.292553
