0 0.503897 0.528875 0.503897 0.570669 0.503897 0.583587 0.496442 0.591945 0.482548 0.591945 0.473738 0.577508 0.475432 0.541793 0.474754 0.522036 0.475432 0.468845 0.476449 0.389818 0.475432 0.353343 0.475432 0.332067 0.480515 0.311550 0.486615 0.306231 0.496442 0.335106 0.496442 0.374620 0.497120 0.421733 0.497458 0.468845
0 0.455439 0.479483 0.450356 0.523556 0.451372 0.557751 0.460861 0.579027 0.471027 0.582067 0.474415 0.568389 0.475432 0.542553 0.474754 0.507599 0.474754 0.489362 0.475771 0.468845 0.476449 0.429331 0.477465 0.379939 0.475771 0.354863 0.474754 0.328267 0.468316 0.298632 0.460861 0.294073 0.450356 0.304711 0.453744 0.334347 0.459505 0.386778
0 0.429346 0.509119 0.429346 0.532675 0.432057 0.568389 0.437140 0.576748 0.446628 0.575228 0.455100 0.569909 0.457472 0.541033 0.455778 0.500760 0.453067 0.462766 0.447306 0.338906 0.443917 0.313070 0.437818 0.300912 0.432057 0.295593 0.427652 0.347264
0 0.440868 0.493921 0.440868 0.538754 0.438157 0.557751 0.428668 0.564590 0.419180 0.572188 0.412741 0.564590 0.409692 0.531915 0.410708 0.490122 0.410369 0.357143 0.414436 0.343465 0.424263 0.351064 0.433751 0.346505 0.441545 0.370821
0 0.361911 0.475684 0.360217 0.500000 0.358523 0.529635 0.363606 0.547872 0.373772 0.554711 0.394104 0.555471 0.401898 0.540274 0.405964 0.517477 0.407320 0.490881 0.404947 0.460486 0.403253 0.429331 0.404270 0.405015 0.404270 0.381459 0.401559 0.346505 0.393765 0.320669 0.380210 0.322948 0.369705 0.334347
0 0.317858 0.469605 0.316842 0.501520 0.324636 0.530395 0.334463 0.537234 0.350729 0.544833 0.364622 0.517477 0.366317 0.484802 0.363606 0.446049 0.363606 0.426292 0.363606 0.386018 0.359539 0.324468 0.351406 0.313070 0.334463 0.306231 0.325991 0.316109 0.322603 0.338906 0.321247 0.381459 0.324297 0.426292
0 0.503897 0.528116 0.503219 0.572188 0.505930 0.585866 0.515419 0.592705 0.525585 0.585866 0.532362 0.572188 0.532362 0.537994 0.528634 0.487082 0.527279 0.431611 0.525246 0.403495 0.522535 0.370061 0.520840 0.332827 0.517452 0.320669 0.505591 0.332827 0.503219 0.372340 0.503897 0.406535 0.504914 0.448328
0 0.532023 0.529635 0.532023 0.567629 0.535751 0.581307 0.551339 0.575988 0.554049 0.547872 0.551677 0.525076 0.548289 0.487082 0.546594 0.434650 0.546256 0.403495 0.543883 0.369301 0.542189 0.336626 0.534734 0.322948 0.527957 0.326748 0.525246 0.372340
0 0.548628 0.517477 0.546933 0.522796 0.546933 0.539514 0.549644 0.558511 0.553033 0.572188 0.563538 0.575988 0.572009 0.572948 0.573704 0.559271 0.573026 0.524316 0.572009 0.484802 0.569637 0.453647 0.563538 0.362462 0.563538 0.339666 0.560827 0.324468 0.552694 0.323708 0.548289 0.359422 0.548966 0.405775
0 0.561843 0.499240 0.560827 0.514438 0.561843 0.529635 0.562860 0.550912 0.567265 0.558511 0.580481 0.563070 0.585225 0.563830 0.590986 0.556991 0.593019 0.541793 0.593019 0.518997 0.590986 0.500000 0.588614 0.474924 0.580142 0.376140 0.572009 0.306991 0.561843 0.310030 0.563199 0.374620 0.563538 0.420973
0 0.581498 0.507599 0.581498 0.530395 0.585564 0.553191 0.592003 0.562310 0.602169 0.564590 0.611318 0.555471 0.612674 0.528875 0.610302 0.503799 0.603524 0.458967 0.601830 0.392097 0.600474 0.364742 0.597763 0.335106 0.590986 0.316109 0.580820 0.312310 0.578787 0.344225 0.582853 0.439970
0 0.598102 0.483283 0.595730 0.493921 0.598102 0.520517 0.604880 0.545593 0.610979 0.553191 0.624195 0.553191 0.633683 0.550152 0.642494 0.544833 0.645883 0.524316 0.645205 0.511398 0.644527 0.493921 0.639444 0.470365 0.639444 0.356383 0.635039 0.337386 0.629617 0.324468 0.618096 0.325228 0.608946 0.341185 0.605557 0.393617
0 0.640122 0.473404 0.641139 0.500000 0.644527 0.526596 0.654354 0.537234 0.665876 0.532675 0.679770 0.519757 0.685530 0.496960 0.682819 0.471884 0.675364 0.427812 0.674009 0.401216 0.674009 0.348784 0.674348 0.325228 0.674348 0.308511 0.668587 0.290274 0.658421 0.288754 0.639444 0.295593 0.633683 0.315350 0.635378 0.353343
0 0.508980 0.607903 0.507286 0.651216 0.508302 0.680091 0.508641 0.715805 0.507286 0.749240 0.507625 0.784195 0.513385 0.797872 0.520502 0.791793 0.520502 0.773556 0.520502 0.750000 0.522874 0.688450 0.525246 0.666413 0.527957 0.632219 0.527957 0.616261 0.520502 0.602584
0 0.525585 0.600304 0.526940 0.630699 0.528634 0.661094 0.526940 0.693769 0.525585 0.720365 0.523551 0.748480 0.522535 0.765957 0.522874 0.784195 0.529312 0.796353 0.535751 0.782675 0.538123 0.756839 0.539139 0.722644 0.547611 0.628419 0.547611 0.602584 0.541172 0.597264 0.530329 0.597264
0 0.543206 0.601824 0.539817 0.621581 0.542867 0.658055 0.544900 0.729483 0.547611 0.772796 0.547950 0.791033 0.548966 0.809271 0.549983 0.834347 0.551677 0.852584 0.560827 0.856383 0.565232 0.832067 0.565910 0.800152 0.567943 0.756839 0.568282 0.705167 0.567943 0.672492 0.566249 0.651216 0.564554 0.632219 0.564893 0.612462 0.564216 0.593465 0.552694 0.592705
0 0.565232 0.611702 0.562860 0.630699 0.565232 0.645897 0.567943 0.670973 0.567943 0.704407 0.567943 0.734802 0.569976 0.763678 0.571332 0.794073 0.575059 0.813830 0.577770 0.828267 0.582853 0.833587 0.589970 0.829027 0.592003 0.811550 0.591325 0.788754 0.587936 0.718085 0.587936 0.700608 0.587936 0.672492 0.588275 0.647416 0.586920 0.608663 0.583870 0.594985 0.578787 0.588906 0.569976 0.594225
0 0.578787 0.593465 0.576076 0.610182 0.579465 0.630699 0.583531 0.655775 0.586242 0.680851 0.591325 0.720365 0.595391 0.739362 0.598441 0.759878 0.601830 0.776596 0.604880 0.792553 0.607591 0.803191 0.611657 0.819149 0.618773 0.833587 0.627923 0.829787 0.629617 0.813830 0.628600 0.791793 0.622840 0.772796 0.619451 0.750760 0.616740 0.729483 0.613690 0.708967 0.613351 0.691489 0.613351 0.674772 0.612335 0.649696 0.608268 0.594985 0.603524 0.579787 0.592342 0.577508 0.586581 0.582067 0.583531 0.586626
0 0.601491 0.564590 0.597086 0.577508 0.596747 0.591185 0.599797 0.610182 0.603524 0.630699 0.604880 0.644377 0.609285 0.669453 0.612335 0.695289 0.615723 0.716565 0.616740 0.731763 0.621145 0.744681 0.634022 0.784195 0.647238 0.803191 0.669942 0.795593 0.671637 0.782675 0.673331 0.753040 0.666893 0.721884 0.661810 0.689210 0.654693 0.651976 0.650627 0.635258 0.649610 0.616261 0.650966 0.594985 0.651305 0.578267 0.645544 0.556231 0.638089 0.556231 0.619112 0.558511 0.613690 0.562310
0 0.644527 0.554711 0.641139 0.574468 0.643172 0.594225 0.650966 0.625380 0.659099 0.648176 0.687225 0.723404 0.693324 0.740881 0.698746 0.756079 0.705185 0.765957 0.713995 0.771277 0.721789 0.761398 0.724161 0.745441 0.724500 0.724164 0.719417 0.701368 0.711623 0.665653 0.706879 0.634498 0.702135 0.606383 0.698746 0.589666 0.698068 0.570669 0.687902 0.525836 0.678414 0.522036 0.671298 0.529635 0.663504 0.535714 0.648933 0.547872
0 0.506608 0.606383 0.507625 0.639058 0.506608 0.669453 0.505252 0.703647 0.505930 0.740881 0.505930 0.756079 0.506608 0.777356 0.506947 0.792553 0.501525 0.803191 0.495086 0.803951 0.490342 0.758359 0.486615 0.683891 0.486615 0.655775 0.488309 0.604103
0 0.466621 0.605623 0.466960 0.621581 0.468316 0.650456 0.470010 0.683891 0.472043 0.729483 0.474415 0.757599 0.475771 0.778875 0.476449 0.800912 0.480515 0.812310 0.488309 0.807751 0.490003 0.781155 0.488309 0.717325 0.486954 0.673252 0.485937 0.645137 0.486954 0.615502 0.487292 0.602584
0 0.450017 0.598024 0.443578 0.608663 0.443578 0.629939 0.443240 0.652736 0.442562 0.680851 0.442562 0.700608 0.442562 0.724924 0.442223 0.753799 0.445951 0.828267 0.456455 0.843465 0.464249 0.834347 0.470010 0.811550 0.470010 0.777356 0.469332 0.730243 0.468655 0.658815 0.472382 0.624620 0.471705 0.610182 0.465944 0.600304 0.455439 0.593465
0 0.425957 0.593465 0.422569 0.610182 0.423246 0.636778 0.423585 0.674772 0.424263 0.731763 0.424602 0.770517 0.426974 0.787234 0.431718 0.797112 0.441206 0.791033 0.444256 0.759119 0.445273 0.729483 0.445951 0.692249 0.447306 0.666413 0.448661 0.648176 0.449678 0.626140 0.447984 0.607143 0.443240 0.598024 0.435784 0.588906
0 0.405625 0.579787 0.401559 0.607143 0.400542 0.639818 0.395120 0.727204 0.393087 0.760638 0.387665 0.813830 0.391393 0.829027 0.401220 0.836626 0.408336 0.807751 0.414097 0.767477 0.427313 0.678571 0.430363 0.652736 0.435446 0.624620 0.436462 0.598784 0.436462 0.585106 0.428668 0.591185 0.419519 0.575228
0 0.372077 0.566869 0.364961 0.580547 0.361911 0.598784 0.362250 0.625380 0.362928 0.642857 0.358861 0.664894 0.345984 0.744681 0.342257 0.750000 0.337174 0.762918 0.336496 0.791793 0.344629 0.810030 0.356489 0.814590 0.368689 0.804711 0.379871 0.784954 0.387665 0.764438 0.394443 0.745441 0.402575 0.714286 0.410030 0.666413 0.413419 0.640578 0.417824 0.616261 0.418841 0.594225 0.417147 0.582067 0.413080 0.572188 0.403253 0.579787 0.393087 0.566869 0.383938 0.570669 0.380210 0.565350
0 0.324297 0.554711 0.317181 0.575988 0.316164 0.594225 0.312775 0.623860 0.304642 0.674012 0.297865 0.708207 0.292443 0.734043 0.288377 0.759119 0.287699 0.780395 0.299898 0.791793 0.311420 0.785714 0.319553 0.765198 0.327008 0.743921 0.352762 0.674772 0.365639 0.632979 0.371061 0.617021 0.374110 0.599544 0.374110 0.583587 0.369366 0.569909 0.363267 0.562310 0.357167 0.553951 0.347340 0.555471 0.337174 0.540274 0.327347 0.543313
0 0.278211 0.502280 0.269400 0.518997 0.265334 0.546353 0.264317 0.571429 0.261267 0.591945 0.250424 0.622340 0.242630 0.651976 0.238224 0.673252 0.238902 0.692249 0.249068 0.703647 0.262962 0.707447 0.274822 0.693769 0.295493 0.639058 0.300576 0.623860 0.302948 0.620061 0.310064 0.605623 0.314131 0.589666 0.322603 0.556991 0.322264 0.541033 0.316842 0.524316 0.304304 0.514438 0.297187 0.512158 0.294476 0.514438 0.289732 0.503799 0.282955 0.501520
