0 0.493959 0.427052 0.487207 0.488602 0.483653 0.511398 0.483653 0.575228 0.486496 0.589666 0.501777 0.598024 0.513149 0.599544 0.519190 0.587386 0.519900 0.558511 0.518124 0.523556 0.517058 0.496960 0.518124 0.453647 0.518124 0.423252 0.518124 0.411094
0 0.474769 0.418693 0.461620 0.476444 0.455579 0.515198 0.454869 0.554711 0.455579 0.587386 0.464463 0.607903 0.483653 0.595745 0.489339 0.570669 0.490405 0.540274 0.489339 0.501520 0.491116 0.441489 0.491116 0.400456
0 0.437456 0.423252 0.433547 0.455927 0.431770 0.484802 0.428927 0.519757 0.429638 0.560790 0.431770 0.581307 0.438522 0.593465 0.445274 0.598024 0.455579 0.599544 0.462331 0.577508 0.466240 0.542553 0.466240 0.515198 0.466240 0.493161 0.465174 0.439210 0.463397 0.417173
0 0.407605 0.429331 0.401919 0.470365 0.401919 0.494681 0.401919 0.519757 0.404762 0.563070 0.405828 0.581307 0.411514 0.599544 0.426084 0.598024 0.434613 0.585106 0.435679 0.531915 0.443141 0.474164 0.437456 0.433131
0 0.380597 0.425532 0.379886 0.488602 0.382729 0.540274 0.375977 0.577508 0.385572 0.601824 0.400853 0.607903 0.414357 0.604103 0.416134 0.537994 0.411514 0.490881 0.407605 0.447568 0.400853 0.406535
0 0.330846 0.420973 0.334755 0.466565 0.337598 0.494681 0.337598 0.522036 0.334755 0.577508 0.342217 0.583587 0.371002 0.595745 0.377754 0.589666 0.382729 0.548632 0.369225 0.509119 0.369225 0.452128 0.359630 0.412614 0.348259 0.398176
0 0.533404 0.417173 0.520967 0.455927 0.522033 0.494681 0.520967 0.534195 0.523810 0.593465 0.537313 0.599544 0.552594 0.581307 0.552594 0.560790 0.551883 0.513678 0.550817 0.472644 0.550817 0.441489 0.549751 0.417173
0 0.565032 0.417173 0.561478 0.458207 0.555437 0.519757 0.555437 0.570669 0.559346 0.587386 0.577825 0.577508 0.579602 0.548632 0.576759 0.507599 0.584222 0.446049 0.585288 0.412614 0.583511 0.388298 0.562189 0.390578
0 0.590974 0.402736 0.582445 0.494681 0.577825 0.525836 0.578536 0.560790 0.592040 0.585106 0.601635 0.570669 0.602701 0.546353 0.605544 0.501520 0.606610 0.474164 0.613362 0.435410 0.605544 0.394377
0 0.609453 0.414894 0.608387 0.449848 0.608387 0.482523 0.608387 0.511398 0.601635 0.542553 0.604478 0.572948 0.613362 0.581307 0.625800 0.581307 0.632552 0.546353 0.630419 0.517477 0.630419 0.468085 0.632552 0.429331 0.632552 0.411094
0 0.642146 0.418693 0.634328 0.449848 0.632552 0.488602 0.629353 0.529635 0.624733 0.558511 0.625800 0.591185 0.634328 0.593465 0.652452 0.593465 0.658493 0.552432 0.657427 0.525836 0.655295 0.487082 0.655295 0.462006 0.659204 0.435410 0.660270 0.412614
0 0.665956 0.425532 0.658493 0.468085 0.652452 0.513678 0.651741 0.570669 0.656361 0.601824 0.667022 0.601824 0.680526 0.601824 0.691898 0.579027 0.690832 0.558511 0.684435 0.515198 0.686212 0.472644 0.687278 0.458207 0.687989 0.427052
0 0.697584 0.429331 0.690832 0.452128 0.682303 0.509119 0.682303 0.556231 0.689055 0.593465 0.704335 0.595745 0.722814 0.591185 0.722814 0.535714 0.718905 0.499240 0.722814 0.439210
0 0.722814 0.429331 0.718905 0.468085 0.718905 0.515198 0.725657 0.577508 0.738095 0.575228 0.754442 0.569149 0.761194 0.531915 0.757285 0.496960 0.752310 0.470365 0.740938 0.443769
0 0.536247 0.788754 0.524876 0.708207 0.519900 0.665653 0.519190 0.630699 0.533404 0.620061 0.544065 0.624620 0.542999 0.661094 0.542289 0.689970 0.542289 0.735562 0.547974 0.774316
0 0.549751 0.628419 0.561478 0.620061 0.568941 0.642857 0.570007 0.743161 0.573916 0.774316 0.560412 0.797112 0.556503 0.759878 0.556503 0.721125 0.551883 0.681611
0 0.568941 0.622340 0.577825 0.611702 0.586354 0.611702 0.592040 0.630699 0.593817 0.657295 0.593817 0.677812 0.593817 0.706687 0.593817 0.733283 0.593817 0.776596 0.585288 0.794833 0.576759 0.768237 0.574627 0.712766 0.573916 0.661094
0 0.615139 0.624620 0.600569 0.626140 0.593817 0.645137 0.600569 0.704407 0.602701 0.747720 0.604478 0.784195 0.611230 0.803191 0.621891 0.765957 0.619758 0.737082 0.617982 0.698328 0.619048 0.659574
0 0.625800 0.634498 0.639303 0.639058 0.648898 0.655015 0.649609 0.687690 0.649609 0.721125 0.652452 0.753799 0.649609 0.788754 0.636105 0.780395 0.635394 0.745441 0.624733 0.692249
0 0.691898 0.642857 0.707178 0.622340 0.716773 0.624620 0.723525 0.687690 0.742004 0.735562 0.722814 0.765957 0.703625 0.753799 0.691898 0.710486 0.684435 0.671733
0 0.720682 0.624620 0.737029 0.601824 0.751599 0.601824 0.765103 0.611702 0.770789 0.696049 0.776475 0.741641 0.767946 0.757599 0.749467 0.745441 0.742715 0.718845 0.733120 0.675532
0 0.497868 0.632219 0.516347 0.639058 0.522033 0.651216 0.522033 0.689970 0.526652 0.739362 0.528785 0.782675 0.520967 0.813070 0.512438 0.768237 0.510306 0.727204 0.501777 0.686170
0 0.474769 0.632219 0.487207 0.639058 0.495025 0.645137 0.500711 0.675532 0.505686 0.737082 0.512438 0.780395 0.513149 0.806991 0.502843 0.809271 0.488273 0.774316 0.484364 0.747720 0.478678 0.702128 0.474058 0.657295
0 0.454869 0.628419 0.450959 0.667173 0.455579 0.747720 0.466240 0.800912 0.475835 0.811550 0.489339 0.794833 0.482587 0.731003 0.482587 0.667173 0.476901 0.630699
0 0.426084 0.640578 0.439232 0.639058 0.445984 0.646657 0.450959 0.669453 0.453802 0.708207 0.454869 0.741641 0.460554 0.776596 0.461620 0.809271 0.449893 0.811550 0.438522 0.791033 0.433547 0.763678 0.430704 0.721125 0.426795 0.683891
0 0.410448 0.640578 0.399076 0.640578 0.399076 0.665653 0.399076 0.689970 0.402985 0.745441 0.400853 0.776596 0.426795 0.782675 0.433547 0.715046 0.435679 0.669453 0.427861 0.642857
0 0.366382 0.622340 0.361407 0.677812 0.355721 0.715046 0.351102 0.762158 0.356787 0.798632 0.360697 0.811550 0.375977 0.797112 0.385572 0.770517 0.402985 0.708207 0.402985 0.686170 0.402985 0.639058
0 0.328003 0.613982 0.319474 0.651216 0.309524 0.706687 0.295309 0.753799 0.318408 0.763678 0.332623 0.747720 0.347193 0.704407 0.357854 0.671733 0.360697 0.645137 0.350036 0.624620 0.337598 0.620061
0 0.308813 0.566869 0.290334 0.581307 0.282871 0.610182 0.271144 0.659574 0.259773 0.706687 0.280028 0.716565 0.297086 0.700608 0.312722 0.669453 0.330846 0.642857 0.331912 0.607903 0.315565 0.589666
