0 0.453546 0.571429 0.467021 0.578267 0.476596 0.576748 0.486525 0.574468 0.489716 0.553951 0.487943 0.500760 0.485816 0.450608 0.480142 0.377660 0.471277 0.260638 0.458156 0.286474 0.459220 0.379939 0.458865 0.438450 0.456738 0.468085 0.453191 0.498480 0.450000 0.549392
0 0.427660 0.550912 0.432624 0.566109 0.442199 0.569909 0.450000 0.568389 0.453546 0.541793 0.455674 0.492401 0.455674 0.442249 0.458865 0.274316 0.442199 0.282675 0.435461 0.328267 0.432270 0.388298 0.430851 0.435410 0.427660 0.488602 0.425887 0.524316
0 0.400000 0.544073 0.402482 0.557751 0.413121 0.567629 0.423759 0.556231 0.428369 0.525076 0.430142 0.471125 0.433333 0.277356 0.415603 0.282675 0.409929 0.321429 0.408865 0.377660 0.404255 0.429331 0.400355 0.491641 0.400000 0.525076
0 0.377660 0.519757 0.384043 0.544073 0.395390 0.550912 0.405674 0.530395 0.412411 0.503799 0.409929 0.455927 0.409929 0.400456 0.406028 0.275836 0.389007 0.293313 0.383333 0.398936 0.380851 0.446809 0.380851 0.495441
0 0.358865 0.524316 0.368085 0.540274 0.385461 0.537234 0.385816 0.511398 0.385461 0.452128 0.375177 0.275836 0.360638 0.308511 0.363830 0.373100 0.363830 0.441489 0.361702 0.479483 0.361348 0.510638
0 0.320213 0.528116 0.326950 0.528116 0.347163 0.543313 0.360638 0.545593 0.364539 0.515957 0.364539 0.479483 0.359929 0.434650 0.359220 0.365502 0.343617 0.275836 0.328369 0.297112 0.320213 0.328267 0.318085 0.366261 0.318085 0.424772 0.325177 0.450608 0.317021 0.491641
0 0.279433 0.495441 0.290426 0.511398 0.306028 0.517477 0.317376 0.515957 0.321277 0.502280 0.320567 0.424772 0.314184 0.279635 0.300355 0.282675 0.299291 0.348784 0.296454 0.367781 0.290426 0.417933 0.287589 0.430091 0.282624 0.454407 0.278369 0.473404
0 0.491135 0.578267 0.505674 0.583587 0.524113 0.578267 0.525177 0.559271 0.521986 0.502280 0.520213 0.455927 0.517021 0.291793 0.497518 0.300152 0.497518 0.360942 0.496099 0.420973 0.493617 0.468085 0.489716 0.502280 0.489007 0.538754
0 0.555674 0.567629 0.550709 0.538754 0.547518 0.500760 0.550709 0.469605 0.551773 0.384498 0.559574 0.303951 0.576596 0.312310 0.577660 0.344985 0.576596 0.429331 0.577660 0.457447 0.581560 0.474924 0.584752 0.534954 0.580851 0.568389 0.575887 0.568389
0 0.580142 0.553951 0.587943 0.559271 0.601773 0.562310 0.607447 0.548632 0.608156 0.522796 0.606738 0.474924 0.599291 0.306991 0.579078 0.309271 0.579787 0.338146 0.580851 0.374620 0.577660 0.442249 0.576596 0.487082 0.575177 0.525076
0 0.603191 0.548632 0.609574 0.550912 0.627305 0.559271 0.636525 0.548632 0.636170 0.506079 0.634043 0.445289 0.625177 0.289514 0.605674 0.301672 0.601773 0.355623 0.602482 0.407295 0.602482 0.498480 0.603901 0.526596
0 0.644326 0.545593 0.630851 0.530395 0.630851 0.502280 0.629787 0.471125 0.629078 0.431611 0.629078 0.312310 0.659574 0.297112 0.674823 0.305471 0.676596 0.363982 0.674823 0.410334 0.670922 0.449088 0.673404 0.471125 0.677305 0.484802 0.677305 0.531915 0.662057 0.536474
0 0.704965 0.486322 0.696809 0.468085 0.695035 0.436930 0.695035 0.401976 0.695035 0.358663 0.704965 0.267477 0.732270 0.313830 0.729078 0.359422 0.724823 0.393617 0.726596 0.410334 0.737943 0.435410 0.741135 0.465805 0.735461 0.481763 0.717021 0.499240
0 0.496809 0.604103 0.510638 0.604103 0.518794 0.606383 0.521986 0.639058 0.522695 0.692249 0.518794 0.794073 0.501064 0.783435 0.501064 0.705927 0.499291 0.643617
0 0.520213 0.604103 0.526950 0.595745 0.541844 0.594225 0.547518 0.598784 0.546099 0.647416 0.546809 0.702888 0.551773 0.803191 0.534752 0.799392 0.528369 0.718085 0.523404 0.658055
0 0.546099 0.635258 0.541844 0.604103 0.547872 0.590426 0.558156 0.588906 0.574468 0.600304 0.576596 0.716565 0.577305 0.776596 0.577305 0.807751 0.562411 0.804711 0.559574 0.743921 0.554255 0.695289 0.550709 0.655775 0.547872 0.616261
0 0.576596 0.652736 0.569504 0.623100 0.569504 0.606383 0.577305 0.585106 0.582979 0.581307 0.592199 0.583587 0.596809 0.609422 0.597518 0.648936 0.599291 0.699088 0.609574 0.772036 0.598582 0.811550 0.584043 0.783435 0.583333 0.727204 0.580851 0.689210
0 0.605674 0.677052 0.602482 0.645137 0.595390 0.623100 0.592199 0.605623 0.592908 0.578267 0.606738 0.572948 0.617021 0.575228 0.625177 0.604103 0.625177 0.645897 0.630496 0.685410 0.635461 0.727204 0.640426 0.807751 0.621631 0.804711 0.613830 0.747720
0 0.634043 0.664894 0.627305 0.643617 0.615248 0.594225 0.615248 0.579787 0.619504 0.562310 0.635461 0.562310 0.650709 0.556231 0.659929 0.555471 0.668440 0.583587 0.671986 0.631459 0.680851 0.671733 0.698582 0.775076 0.673404 0.783435 0.653901 0.771277 0.636525 0.709726 0.630496 0.685410 0.629078 0.635258
0 0.679078 0.638298 0.675177 0.617781 0.667021 0.585106 0.662057 0.560790 0.671631 0.544073 0.689716 0.538754 0.703191 0.538754 0.710638 0.566109 0.716312 0.598784 0.725177 0.636778 0.751773 0.715046 0.712766 0.750760 0.707092 0.721125 0.694326 0.686930 0.684752 0.648936 0.673404 0.621581
0 0.715957 0.574468 0.711348 0.569909 0.703901 0.557751 0.704255 0.543313 0.708865 0.524316 0.715957 0.518237 0.725177 0.519757 0.737943 0.498480 0.740426 0.490122 0.746809 0.533435 0.750709 0.562310 0.758865 0.593465 0.770213 0.628419 0.770213 0.658055 0.750709 0.667933 0.742553 0.655775 0.732270 0.633739
0 0.471277 0.595745 0.479787 0.600304 0.494681 0.610942 0.495390 0.667933 0.495390 0.742401 0.487943 0.815350 0.478369 0.794073 0.476596 0.727204 0.476596 0.696049 0.473759 0.635258
0 0.449291 0.657295 0.446809 0.633739 0.445390 0.607903 0.446809 0.595745 0.454965 0.587386 0.468794 0.591945 0.470213 0.612462 0.470213 0.647416 0.470213 0.674772 0.464894 0.724924 0.455674 0.796353 0.446099 0.773556 0.448582 0.711246 0.451064 0.673252
0 0.429433 0.781915 0.424468 0.719605 0.421277 0.664134 0.421986 0.626900 0.421986 0.604103 0.423759 0.583587 0.441489 0.585106 0.449291 0.598784 0.452482 0.635258 0.450000 0.674772 0.450000 0.731763 0.442908 0.828267 0.433333 0.816869
0 0.396809 0.790274 0.396809 0.737082 0.400000 0.673252 0.397163 0.626900 0.394681 0.594225 0.397872 0.582067 0.411348 0.581307 0.424468 0.597264 0.426596 0.619301 0.421277 0.669453 0.421277 0.702888 0.405674 0.857903 0.400355 0.833587
0 0.384752 0.792553 0.381560 0.740122 0.379078 0.683131 0.375177 0.664134 0.375177 0.626900 0.375177 0.595745 0.376596 0.576748 0.382624 0.563070 0.401773 0.567629 0.406028 0.587386 0.408156 0.606383 0.401773 0.638298 0.401773 0.709726 0.391489 0.830547 0.384752 0.829027
0 0.297872 0.733283 0.313121 0.712766 0.327660 0.680091 0.334043 0.657295 0.338298 0.636778 0.351064 0.609422 0.354255 0.579787 0.347163 0.557751 0.329078 0.555471 0.318794 0.547112 0.303546 0.538754 0.302482 0.563070 0.296099 0.605623 0.287234 0.623100 0.277660 0.642097 0.260993 0.685410 0.263121 0.733283
0 0.221277 0.674772 0.228369 0.650456 0.242199 0.606383 0.254255 0.564590 0.258511 0.545593 0.260993 0.519757 0.272695 0.496960 0.283333 0.495441 0.283333 0.518237 0.296099 0.524316 0.306028 0.530395 0.309929 0.547112 0.301064 0.585106 0.291489 0.609422 0.277660 0.648936 0.259929 0.702128 0.240426 0.715046
