0 0.281455 0.556231 0.269091 0.565350 0.265091 0.598024 0.268727 0.642857 0.266909 0.712766 0.270545 0.753799 0.286182 0.765957 0.301818 0.762918 0.312727 0.708967 0.319636 0.634498 0.324727 0.604863 0.325818 0.582827 0.320727 0.562310 0.309455 0.552432 0.298909 0.552432 0.287636 0.541793
0 0.334545 0.542553 0.326909 0.554711 0.324000 0.580547 0.322545 0.614742 0.313091 0.688450 0.307636 0.729483 0.304727 0.750000 0.306545 0.780395 0.322182 0.793313 0.345455 0.756839 0.361818 0.681611 0.378182 0.626140 0.385455 0.597264 0.384000 0.575988 0.381091 0.566109 0.370545 0.570669 0.360727 0.560030 0.356364 0.557751 0.343636 0.548632
0 0.410545 0.570669 0.397455 0.562310 0.382909 0.557751 0.376000 0.572948 0.372727 0.592705 0.372727 0.642857 0.360364 0.715046 0.353455 0.781915 0.361091 0.824468 0.377091 0.838906 0.406909 0.798632 0.424000 0.726444 0.430909 0.648176 0.440727 0.601824 0.439273 0.582827 0.429091 0.575988 0.418182 0.573708
0 0.448364 0.561550 0.438545 0.570669 0.435636 0.588906 0.434909 0.669453 0.433455 0.757599 0.437091 0.803951 0.445091 0.829787 0.456727 0.801672 0.462545 0.685410 0.464000 0.616261 0.461818 0.579027 0.454545 0.560030
0 0.469091 0.561550 0.462545 0.568389 0.458182 0.589666 0.458909 0.651976 0.464000 0.754559 0.472727 0.841945 0.484727 0.852584 0.493091 0.780395 0.487636 0.685410 0.481818 0.582827 0.473455 0.560790
0 0.489455 0.566869 0.481818 0.568389 0.479636 0.574468 0.481455 0.617781 0.488727 0.750000 0.493091 0.824468 0.499636 0.844985 0.505818 0.841185 0.508364 0.797872 0.504727 0.704407 0.501455 0.629939 0.501455 0.579027 0.500364 0.568389
0 0.508000 0.569149 0.499636 0.569909 0.500727 0.618541 0.505818 0.743921 0.512364 0.821429 0.521818 0.825988 0.526909 0.797112 0.519636 0.704407 0.516000 0.618541 0.517455 0.578267
0 0.521091 0.572948 0.513455 0.576748 0.513818 0.623100 0.520727 0.737842 0.525818 0.791033 0.530182 0.816869 0.534909 0.813830 0.536000 0.768237 0.531636 0.641337 0.531636 0.582827 0.531636 0.574468
0 0.544727 0.568389 0.536727 0.570669 0.530909 0.573708 0.533091 0.601824 0.534182 0.693009 0.536727 0.761398 0.539273 0.798632 0.545818 0.825228 0.557091 0.819909 0.555636 0.748480 0.553455 0.653495 0.552000 0.585106 0.552364 0.569909
0 0.558182 0.562310 0.552000 0.577508 0.551636 0.597264 0.555636 0.689970 0.556000 0.782675 0.560364 0.833587 0.569091 0.851064 0.580000 0.836626 0.581818 0.721884 0.579273 0.607903 0.578909 0.580547 0.572727 0.564590 0.565091 0.554711
0 0.583273 0.569909 0.576727 0.588146 0.576364 0.610942 0.582909 0.653495 0.587636 0.770517 0.590545 0.822188 0.601091 0.844985 0.609818 0.817629 0.607636 0.697568 0.610545 0.621581 0.612000 0.593465 0.609455 0.576748 0.599636 0.561550
0 0.725818 0.549392 0.719636 0.574468 0.719273 0.620061 0.724727 0.679331 0.733818 0.743921 0.742545 0.760638 0.771636 0.778875 0.771273 0.718845 0.764364 0.674772 0.764364 0.629939 0.766182 0.595745 0.761455 0.561550 0.748727 0.552432
0 0.680364 0.553951 0.666545 0.562310 0.660364 0.578267 0.669091 0.617781 0.686909 0.682371 0.710182 0.774316 0.722545 0.794073 0.732364 0.790274 0.738545 0.743921 0.721455 0.645897 0.717455 0.589666 0.718909 0.560790 0.710182 0.549392 0.702182 0.543313 0.693455 0.548632
0 0.642909 0.566109 0.632727 0.563830 0.629818 0.572188 0.620000 0.572188 0.615636 0.573708 0.616364 0.620821 0.630545 0.703647 0.647636 0.785714 0.670909 0.832827 0.693091 0.835866 0.698182 0.808511 0.700727 0.743161 0.686909 0.670973 0.675273 0.635258 0.672000 0.598784 0.669818 0.577508 0.660000 0.558511 0.649455 0.559271
0 0.651273 0.496201 0.649455 0.536474 0.648000 0.552432 0.657091 0.559271 0.676364 0.560790 0.677091 0.556231 0.689455 0.552432 0.696727 0.540274 0.692727 0.496201 0.689818 0.447568 0.690909 0.382979 0.694182 0.352584 0.685818 0.308511 0.680364 0.301672 0.668000 0.354103 0.663636 0.395897 0.655273 0.442249
0 0.608364 0.496960 0.605091 0.531915 0.609455 0.556231 0.609818 0.566109 0.621455 0.569909 0.631273 0.561550 0.641091 0.562310 0.647636 0.563070 0.649455 0.545593 0.650545 0.506079 0.649091 0.440729 0.647636 0.367021 0.644000 0.316109 0.640000 0.287994 0.631273 0.283435 0.619636 0.355623
0 0.572364 0.525076 0.574909 0.559271 0.581091 0.572188 0.594909 0.585866 0.603273 0.586626 0.610182 0.567629 0.605818 0.518237 0.602909 0.408055 0.600727 0.341185 0.596000 0.295593 0.594909 0.285714 0.587273 0.278875 0.577818 0.301672 0.571273 0.451368
0 0.552727 0.532675 0.551273 0.558511 0.560727 0.584347 0.566545 0.590426 0.574909 0.591945 0.585091 0.574468 0.584364 0.544073 0.580727 0.505319 0.578545 0.434650 0.575636 0.348784 0.573818 0.315350 0.574182 0.300152 0.569455 0.272036 0.559636 0.281155 0.553818 0.319909 0.551636 0.449088
0 0.531636 0.525076 0.531636 0.568389 0.540727 0.576748 0.549818 0.572948 0.552727 0.529635 0.551273 0.408055 0.551273 0.316109 0.545818 0.303191 0.539636 0.303951 0.537091 0.322948 0.533091 0.435410
0 0.509091 0.512158 0.509091 0.554711 0.510545 0.572948 0.517818 0.574468 0.527273 0.574468 0.529455 0.546353 0.532364 0.430091 0.536000 0.332827 0.533818 0.303191 0.528727 0.295593 0.521818 0.315350 0.511273 0.456687
0 0.486182 0.518997 0.484000 0.567629 0.491636 0.576748 0.509091 0.569909 0.512000 0.525836 0.511636 0.450608 0.511636 0.388298 0.513818 0.340426 0.514909 0.304711 0.512000 0.288754 0.504000 0.295593 0.497091 0.383739 0.490909 0.463526
0 0.466182 0.520517 0.463636 0.555471 0.471636 0.572948 0.482182 0.569909 0.488364 0.550912 0.492364 0.457447 0.497455 0.401976 0.500364 0.365502 0.502909 0.315350 0.502909 0.287994 0.497818 0.278116 0.490182 0.283435 0.483273 0.360942 0.478545 0.426292
0 0.450545 0.460486 0.442182 0.520517 0.444000 0.550152 0.453455 0.569149 0.459273 0.582827 0.470182 0.579787 0.475636 0.556991 0.478182 0.522796 0.476364 0.427812 0.476364 0.353343 0.477455 0.301672 0.477455 0.270517 0.471636 0.242401 0.461091 0.253799 0.457091 0.312310
0 0.419273 0.518237 0.419636 0.547872 0.422545 0.571429 0.428727 0.579787 0.442182 0.575988 0.452364 0.560790 0.454545 0.532675 0.452364 0.481763 0.447636 0.386778 0.447636 0.338146 0.449091 0.301672 0.447273 0.275836 0.438545 0.266717 0.427636 0.289514 0.423273 0.378419 0.421455 0.434650
0 0.386909 0.507599 0.383273 0.537234 0.385091 0.561550 0.396364 0.564590 0.413091 0.572948 0.423273 0.570669 0.425455 0.530395 0.420364 0.486322 0.425818 0.416413 0.422909 0.382219 0.419273 0.343465 0.414909 0.327508 0.411273 0.321429 0.396727 0.324468 0.384000 0.345745 0.374909 0.392857 0.375636 0.420213 0.382909 0.469605 0.386545 0.494681
0 0.345091 0.507599 0.342545 0.528875 0.342182 0.547112 0.354909 0.560030 0.373455 0.571429 0.385455 0.570669 0.393091 0.531915 0.389455 0.481003 0.382909 0.420973 0.382182 0.365502 0.379273 0.335106 0.377091 0.294833 0.373455 0.277356 0.365455 0.275836 0.353818 0.316869 0.353091 0.351824 0.353091 0.404255 0.350909 0.455927
