0 0.509967 0.246201 0.516491 0.496201 0.484958 0.493161 0.488583 0.379939 0.482421 0.244681
0 0.478434 0.237082 0.487858 0.376900 0.484958 0.494681 0.467923 0.493161 0.463936 0.458967 0.464299 0.421733 0.466111 0.370821 0.466473 0.239362
0 0.457050 0.224164 0.467198 0.294833 0.466473 0.382979 0.469011 0.411854 0.468648 0.437690 0.467561 0.461246 0.460674 0.488602 0.455962 0.498480 0.444726 0.485562 0.440739 0.465046 0.437477 0.439210 0.439290 0.401976 0.441464 0.349544 0.439652 0.225684
0 0.436028 0.221884 0.442189 0.354103 0.445089 0.381459 0.449076 0.404255 0.449076 0.419453 0.449076 0.441489 0.447626 0.455927 0.442189 0.468085 0.438202 0.478723 0.423704 0.481763 0.418992 0.474924 0.413918 0.465046 0.411381 0.443769 0.411381 0.420973 0.413193 0.382979 0.415368 0.314590 0.419355 0.227964
0 0.415005 0.224164 0.413918 0.376900 0.413193 0.395137 0.411018 0.422492 0.411018 0.451368 0.412106 0.470365 0.405944 0.484043 0.398333 0.484802 0.387822 0.472644 0.382747 0.458207 0.378760 0.427052 0.385647 0.364742 0.395433 0.220365 0.414281 0.216565
0 0.339978 0.182371 0.351939 0.243921 0.357738 0.297872 0.357013 0.348784 0.356651 0.406535 0.350489 0.424012 0.338166 0.428571 0.319319 0.425532 0.310257 0.419453 0.302283 0.398936 0.301921 0.386018 0.300834 0.373860 0.308808 0.341185 0.314607 0.172492 0.341066 0.167173
0 0.292135 0.158055 0.279812 0.157295 0.273650 0.164894 0.268576 0.201368 0.265676 0.234043 0.251903 0.351824 0.263501 0.363982 0.282711 0.380699 0.295034 0.392857 0.305908 0.355623 0.307720 0.319149 0.312794 0.162614
0 0.512867 0.250760 0.516854 0.500760 0.545487 0.498480 0.543675 0.382219 0.540776 0.243921
0 0.541863 0.243161 0.545125 0.499240 0.561435 0.501520 0.566510 0.476444 0.560348 0.427812 0.562885 0.393617 0.561073 0.240881
0 0.565422 0.207447 0.561435 0.274316 0.564335 0.395137 0.560348 0.429331 0.571584 0.501520 0.580645 0.501520 0.587532 0.492401 0.591519 0.459726 0.591519 0.439970 0.589344 0.408055 0.588257 0.377660 0.586807 0.208207
0 0.586807 0.208207 0.587532 0.379939 0.581370 0.403495 0.580645 0.416413 0.580283 0.437690 0.583182 0.458207 0.587169 0.471125 0.591156 0.480243 0.599493 0.488602 0.606379 0.492401 0.611816 0.480243 0.616890 0.466565 0.617615 0.448328 0.616528 0.427812 0.613991 0.408055 0.612903 0.379939 0.600942 0.207447
0 0.695542 0.161854 0.695542 0.322188 0.708590 0.391337 0.720913 0.398176 0.738311 0.391337 0.746285 0.366261 0.750997 0.346505 0.729250 0.155015
0 0.513229 0.534195 0.501993 0.539514 0.501631 0.577508 0.504531 0.585106 0.501993 0.711246 0.517579 0.713526 0.522291 0.590426 0.522291 0.562310 0.523378 0.545593 0.522653 0.529635
0 0.532802 0.525076 0.523016 0.524316 0.521566 0.579027 0.519391 0.714286 0.536064 0.715046 0.540413 0.569149 0.544038 0.522796
0 0.554549 0.540274 0.548750 0.540274 0.545487 0.553951 0.541501 0.568389 0.540051 0.587386 0.540051 0.601824 0.558173 0.813830 0.589344 0.792553 0.571584 0.638298 0.566147 0.593465 0.566872 0.568389 0.563972 0.548632
0 0.569409 0.515957 0.563248 0.522796 0.560348 0.533435 0.559261 0.543313 0.555999 0.551672 0.555999 0.564590 0.558898 0.572948 0.561798 0.583587 0.563972 0.591185 0.565422 0.605623 0.596593 0.749240 0.609641 0.732523 0.598043 0.635258 0.589706 0.598784 0.587894 0.580547 0.587894 0.566869 0.587169 0.545593 0.584995 0.532675 0.581733 0.522796 0.574484 0.519757
0 0.595143 0.509878 0.588982 0.510638 0.582820 0.514438 0.578470 0.518997 0.577021 0.526596 0.579920 0.545593 0.581008 0.555471 0.583907 0.567629 0.587169 0.579787 0.589344 0.589666 0.590794 0.598024 0.611091 0.743161 0.633200 0.725684 0.615078 0.509878
0 0.677057 0.440729 0.670895 0.452128 0.660747 0.458207 0.652410 0.462766 0.646611 0.483283 0.651685 0.506839 0.689380 0.639818 0.721276 0.681611 0.739398 0.674772 0.750272 0.642857 0.744473 0.603343 0.704241 0.487842 0.692280 0.440729
0 0.714752 0.413374 0.707140 0.421733 0.699891 0.436930 0.696992 0.449848 0.696267 0.462006 0.701704 0.478723 0.707865 0.497720 0.760420 0.602584 0.790141 0.605623 0.803552 0.581307 0.804639 0.540274 0.788329 0.493921 0.768394 0.459726 0.755709 0.423252 0.750634 0.406535 0.739036 0.395897 0.723813 0.401216
0 0.500906 0.518997 0.490758 0.517477 0.486771 0.545593 0.487858 0.563070 0.487858 0.576748 0.482784 0.712766 0.497282 0.713526 0.505980 0.559271 0.509242 0.518237
0 0.484958 0.525076 0.469373 0.517477 0.467561 0.550152 0.467923 0.586626 0.462486 0.711246 0.481334 0.712766 0.487495 0.550912 0.489308 0.536474
0 0.462486 0.522036 0.466473 0.559271 0.468286 0.587386 0.451613 0.705927 0.424429 0.766717 0.405582 0.741641 0.434940 0.636778 0.442552 0.575228 0.442189 0.553191 0.444726 0.537994 0.449438 0.522796 0.457775 0.514438
0 0.439290 0.498480 0.451613 0.536474 0.447626 0.553951 0.441827 0.575988 0.437477 0.593465 0.433853 0.613222 0.410656 0.729483 0.394346 0.721884 0.413193 0.564590 0.416093 0.537234 0.420442 0.517477 0.425516 0.504559
0 0.418630 0.500760 0.411018 0.497720 0.400145 0.496960 0.391446 0.500000 0.385285 0.517477 0.381660 0.537234 0.381660 0.564590 0.367524 0.714286 0.395796 0.724924 0.413556 0.556991 0.423342 0.506079
0 0.252265 0.363222 0.193186 0.503799 0.217470 0.577508 0.277637 0.506839 0.303371 0.452888 0.297572 0.408055 0.275825 0.367021
0 0.629576 0.212766 0.630301 0.343465 0.634288 0.421733 0.630301 0.442249 0.628126 0.449848 0.622689 0.449848 0.619065 0.445289 0.615803 0.430091 0.615440 0.400456 0.611453 0.350304 0.610004 0.288754 0.614353 0.202888 0.629213 0.199088
