0 0.459536 0.582067 0.478536 0.581307 0.487333 0.572948 0.489092 0.529635 0.477833 0.303951 0.462702 0.305471 0.459536 0.465805 0.457776 0.530395
0 0.437720 0.553951 0.445813 0.571429 0.452146 0.571429 0.457072 0.556231 0.460943 0.505319 0.461647 0.484802 0.463406 0.301672 0.447572 0.309271 0.440887 0.448328 0.440183 0.484802
0 0.408867 0.544073 0.416960 0.560790 0.422590 0.571429 0.432090 0.569909 0.440183 0.548632 0.440183 0.519757 0.439479 0.468085 0.433849 0.301672 0.414497 0.301672 0.416960 0.403495 0.416960 0.490122
0 0.391274 0.548632 0.393737 0.574468 0.402533 0.590426 0.412034 0.560790 0.420127 0.566109 0.428923 0.562310 0.430683 0.512918 0.429979 0.488602 0.421886 0.284954 0.390570 0.309271 0.393033 0.505319
0 0.368051 0.564590 0.375440 0.586626 0.383533 0.591945 0.389163 0.569909 0.400774 0.576748 0.408867 0.571429 0.409571 0.533435 0.405700 0.509119 0.394441 0.303951 0.362773 0.317629 0.370514 0.483283
0 0.336383 0.569909 0.339198 0.585106 0.345179 0.595745 0.359958 0.597264 0.372273 0.598784 0.380014 0.575228 0.381773 0.543313 0.383181 0.529635 0.377903 0.484802 0.350809 0.378419 0.327234 0.382979 0.331457 0.499240 0.337790 0.524316 0.338494 0.541793
0 0.296974 0.568389 0.302604 0.586626 0.309993 0.586626 0.327234 0.594225 0.339550 0.585106 0.342013 0.537234 0.336383 0.503799 0.320197 0.370821 0.298733 0.376140 0.304011 0.492401 0.300844 0.515957 0.296974 0.550912
0 0.488740 0.574468 0.513723 0.571429 0.517593 0.533435 0.513019 0.468085 0.506334 0.309271 0.480999 0.315350 0.488740 0.467325 0.486629 0.525076
0 0.515130 0.538754 0.517593 0.564590 0.526742 0.566109 0.538705 0.553951 0.538705 0.519757 0.538705 0.472644 0.523223 0.306991 0.509148 0.315350 0.514426 0.453647
0 0.538353 0.525076 0.543279 0.555471 0.553132 0.562310 0.565799 0.562310 0.574595 0.525076 0.569669 0.493921 0.565095 0.474924 0.567910 0.303951 0.544335 0.305471 0.541872 0.472644
0 0.557002 0.525076 0.562632 0.549392 0.576003 0.553951 0.581633 0.556231 0.586559 0.576748 0.600281 0.553951 0.602393 0.517477 0.599930 0.476444 0.601689 0.290274 0.577762 0.302432 0.566502 0.438450 0.560169 0.505319
0 0.591133 0.495441 0.585503 0.533435 0.587966 0.572948 0.592189 0.581307 0.603096 0.572948 0.613652 0.574468 0.626671 0.564590 0.631949 0.528116 0.624912 0.484802 0.617875 0.291793 0.594652 0.300152
0 0.620690 0.579787 0.611893 0.545593 0.617523 0.498480 0.625616 0.467325 0.638635 0.373100 0.670303 0.398936 0.661506 0.506079 0.660099 0.541793 0.660099 0.578267 0.649543 0.593465 0.634412 0.590426
0 0.672062 0.568389 0.658691 0.549392 0.657635 0.517477 0.659395 0.457447 0.667488 0.367781 0.682618 0.379939 0.695285 0.490122 0.698452 0.525076 0.696692 0.545593 0.679451 0.566109
0 0.710415 0.435410 0.692118 0.426292 0.685785 0.404255 0.684025 0.370821 0.690359 0.346505 0.714638 0.340426 0.722379 0.350304 0.720971 0.401976
0 0.491203 0.601064 0.515482 0.595745 0.513019 0.818389 0.500352 0.826748
0 0.513723 0.597264 0.538353 0.595745 0.538353 0.631459 0.530612 0.700608 0.528853 0.832067 0.515130 0.833587
0 0.534483 0.664134 0.535186 0.606383 0.547502 0.598784 0.559113 0.600304 0.568966 0.623100 0.568262 0.655775 0.559113 0.756079 0.558410 0.871581 0.536242 0.872340 0.534483 0.699088
0 0.567206 0.666413 0.564743 0.626900 0.569669 0.609422 0.587262 0.602584 0.597115 0.610942 0.599226 0.632219 0.599226 0.671733 0.594652 0.704407 0.585503 0.830547 0.568262 0.833587 0.564743 0.766717
0 0.600281 0.699088 0.596763 0.658055 0.596763 0.626900 0.603096 0.598784 0.613652 0.598784 0.629486 0.613222 0.634412 0.645897 0.630542 0.697568 0.628079 0.781915 0.631949 0.851064 0.616819 0.852584 0.605559 0.773556 0.608023 0.726444
0 0.672062 0.708207 0.660802 0.685410 0.650598 0.654255 0.651302 0.621581 0.658339 0.595745 0.673821 0.597264 0.685081 0.595745 0.698452 0.619301 0.702322 0.664134 0.724138 0.740881 0.705841 0.800912
0 0.719212 0.696049 0.713582 0.670213 0.710415 0.639058 0.710415 0.613222 0.726601 0.594225 0.739972 0.582067 0.751232 0.583587 0.761787 0.635258 0.758621 0.667933 0.749824 0.697568 0.737509 0.705927
0 0.468332 0.605623 0.494370 0.602584 0.496833 0.809271 0.489092 0.807751 0.472906 0.678571
0 0.447572 0.606383 0.458480 0.605623 0.468332 0.610942 0.476073 0.699088 0.491555 0.849544 0.472203 0.854863 0.457072 0.727204 0.447220 0.639058
0 0.423293 0.635258 0.425053 0.602584 0.434553 0.597264 0.448276 0.623100 0.453554 0.676292 0.466573 0.876900 0.440887 0.882219 0.427164 0.733283
0 0.400774 0.688450 0.400070 0.638298 0.404293 0.605623 0.413089 0.609422 0.425757 0.640578 0.430683 0.655775 0.431386 0.704407 0.430683 0.735562 0.448980 0.854863 0.424349 0.867021 0.410626 0.753040
0 0.372977 0.692249 0.370514 0.667933 0.375440 0.635258 0.380014 0.619301 0.394441 0.635258 0.404293 0.628419 0.405700 0.678571 0.405700 0.719605 0.408163 0.851064 0.375440 0.851064
0 0.290640 0.809271 0.328994 0.733283 0.349754 0.705927 0.357143 0.680091 0.355384 0.648936 0.349050 0.626900 0.340957 0.610942 0.329697 0.597264 0.315271 0.626900 0.298030 0.696049 0.264954 0.787234
