0 0.480416 0.626140 0.483882 0.682371 0.483882 0.761398 0.488042 0.813070 0.501906 0.834347 0.506759 0.808511 0.508839 0.756839 0.508839 0.697568 0.507452 0.629179 0.500520 0.613982 0.487348 0.610942
0 0.507452 0.621581 0.506066 0.677812 0.507452 0.717325 0.510919 0.764438 0.512998 0.799392 0.519237 0.831307 0.531023 0.834347 0.535182 0.788754 0.533795 0.715805 0.531716 0.658055 0.531023 0.617021 0.521317 0.607903 0.510919 0.606383
0 0.530329 0.612462 0.531023 0.662614 0.532409 0.706687 0.534489 0.753799 0.538648 0.796353 0.543501 0.826748 0.551820 0.840426 0.562912 0.835866 0.564298 0.800912 0.564298 0.744681 0.562218 0.689970 0.560832 0.620061 0.546967 0.595745
0 0.557366 0.618541 0.561525 0.648936 0.567071 0.702128 0.570537 0.752280 0.574003 0.793313 0.585095 0.811550 0.596880 0.808511 0.597574 0.773556 0.591334 0.723404 0.590641 0.676292 0.594107 0.635258 0.594801 0.603343 0.583709 0.580547 0.571924 0.582067 0.564991 0.600304
0 0.583016 0.600304 0.581629 0.623100 0.592721 0.644377 0.594801 0.691489 0.602426 0.752280 0.609359 0.785714 0.616291 0.806991 0.626690 0.808511 0.632929 0.782675 0.625303 0.720365 0.621837 0.671733 0.621144 0.621581 0.623224 0.597264 0.616291 0.574468 0.605199 0.566869 0.594107 0.571429
0 0.614211 0.582067 0.612825 0.612462 0.624610 0.629179 0.630849 0.673252 0.637088 0.709726 0.648873 0.752280 0.663432 0.782675 0.677990 0.791793 0.689081 0.779635 0.689081 0.743161 0.684922 0.697568 0.676603 0.651976 0.671750 0.615502 0.670364 0.582067 0.671057 0.553191 0.661352 0.544073 0.648180 0.541033 0.635009 0.559271 0.622530 0.557751
0 0.658579 0.560790 0.659965 0.589666 0.675217 0.615502 0.684922 0.673252 0.695321 0.714286 0.709879 0.737082 0.720971 0.750760 0.734835 0.747720 0.741768 0.715805 0.736915 0.665653 0.729983 0.624620 0.722357 0.589666 0.716118 0.563830 0.713345 0.536474 0.702253 0.516717 0.689081 0.515198 0.677990 0.528875 0.666205 0.548632
0 0.711265 0.536474 0.714731 0.580547 0.725823 0.623100 0.735529 0.664134 0.744541 0.691489 0.758406 0.708207 0.774350 0.703647 0.781282 0.680851 0.779896 0.648936 0.772270 0.610942 0.764645 0.569909 0.764645 0.528875 0.753553 0.489362 0.737608 0.501520 0.722357 0.507599
0 0.455459 0.621581 0.454073 0.686930 0.458925 0.808511 0.454073 0.826748 0.444367 0.826748 0.436742 0.753799 0.430503 0.700608 0.428423 0.655015 0.427036 0.612462 0.432582 0.601824 0.449913 0.609422
0 0.429116 0.613982 0.431889 0.656535 0.429116 0.703647 0.427730 0.741641 0.425650 0.779635 0.421490 0.805471 0.418024 0.843465 0.406239 0.854103 0.405546 0.806991 0.405546 0.755319 0.406239 0.703647 0.406239 0.656535 0.406239 0.607903 0.414558 0.595745 0.422184 0.592705
0 0.407626 0.609422 0.406239 0.653495 0.402773 0.688450 0.400693 0.735562 0.399307 0.768997 0.392374 0.805471 0.386135 0.816109 0.381282 0.796353 0.379203 0.747720 0.379203 0.700608 0.380589 0.658055 0.379896 0.617021 0.387522 0.585106 0.395147 0.585106
0 0.362565 0.575988 0.354246 0.595745 0.354246 0.623100 0.354939 0.658055 0.354939 0.705167 0.354939 0.732523 0.352166 0.762918 0.355633 0.790274 0.367418 0.800912 0.376430 0.770517 0.380589 0.734043 0.382669 0.691489 0.382669 0.647416 0.390988 0.617021 0.392374 0.583587 0.386828 0.570669 0.378856 0.577508 0.370537 0.566109
0 0.366378 0.572948 0.364991 0.604863 0.358406 0.631459 0.350780 0.659574 0.344887 0.699848 0.341768 0.731003 0.329289 0.760638 0.320277 0.773556 0.300867 0.778875 0.295667 0.756079 0.300867 0.707447 0.307452 0.660334 0.313345 0.619301 0.315425 0.592705 0.315425 0.563830 0.321317 0.544073 0.328596 0.547872 0.339688 0.543313 0.346967 0.556991 0.361179 0.554711
0 0.278683 0.521277 0.274870 0.536474 0.271750 0.557751 0.267244 0.585866 0.262045 0.612462 0.256153 0.642857 0.249913 0.675532 0.245061 0.700608 0.249220 0.721884 0.265511 0.734043 0.278683 0.724164 0.292201 0.702888 0.300173 0.675532 0.309185 0.642097 0.315425 0.610182 0.321317 0.588906 0.326516 0.564590 0.322704 0.537234 0.315425 0.530395 0.309532 0.534195 0.302253 0.526596 0.287695 0.510638
0 0.225650 0.498480 0.217678 0.509878 0.217678 0.534954 0.220797 0.559271 0.219757 0.583587 0.216291 0.604863 0.209012 0.626900 0.204506 0.650456 0.204506 0.674012 0.215598 0.690729 0.227730 0.693769 0.241941 0.682371 0.251993 0.664894 0.258579 0.631459 0.264471 0.601824 0.270364 0.575228 0.274523 0.554711 0.277296 0.523556 0.270364 0.508359 0.263085 0.496960 0.256153 0.494681 0.245061 0.490881
0 0.468977 0.530395 0.472097 0.574468 0.469324 0.600304 0.467244 0.610182 0.455806 0.612462 0.442981 0.607903 0.434662 0.585866 0.435702 0.550152 0.437782 0.517477 0.441594 0.487842 0.444021 0.420973 0.444021 0.405015 0.444021 0.371581 0.447834 0.346505 0.457886 0.338146 0.462392 0.357903 0.466205 0.392097 0.467244 0.430091 0.468977 0.470365
0 0.434315 0.525836 0.436742 0.545593 0.430849 0.588906 0.416291 0.588906 0.410399 0.577508 0.410399 0.546353 0.411438 0.508359 0.411438 0.469605 0.411438 0.440729 0.414211 0.400456 0.416291 0.371581 0.420451 0.351064 0.426343 0.351824 0.431542 0.376140 0.433622 0.412614 0.434315 0.455927
0 0.411438 0.506079 0.412478 0.536474 0.407279 0.570669 0.395147 0.591185 0.389601 0.566109 0.384749 0.538754 0.388562 0.503799 0.389601 0.469605 0.391681 0.436930 0.394801 0.401216 0.395147 0.365502 0.395147 0.340426 0.397227 0.319909 0.404853 0.317629 0.409359 0.349544 0.407279 0.384498 0.408319 0.411854 0.408319 0.439210 0.409359 0.471884
0 0.395841 0.507599 0.394107 0.536474 0.389601 0.564590 0.378510 0.557751 0.369497 0.569909 0.359099 0.541033 0.364298 0.507599 0.368111 0.478723 0.370537 0.440729 0.370537 0.414134 0.371231 0.376900 0.372270 0.355623 0.374697 0.332067 0.382322 0.311550 0.393068 0.320669 0.398614 0.458207
0 0.342808 0.481763 0.339688 0.509878 0.339688 0.524316 0.344887 0.545593 0.349740 0.554711 0.355286 0.541033 0.363951 0.550152 0.369151 0.541033 0.373310 0.512918 0.373310 0.484043 0.369151 0.446049 0.370537 0.417933 0.370537 0.394377 0.371577 0.373860 0.370191 0.351064 0.363258 0.325228 0.348700 0.322948 0.340728 0.358663 0.344887 0.405015 0.343847 0.458967
0 0.308492 0.465046 0.302946 0.499240 0.311958 0.528116 0.321317 0.521277 0.330676 0.541033 0.341768 0.531915 0.346620 0.516717 0.347660 0.481003 0.345927 0.441489 0.343154 0.408055 0.343154 0.384498 0.343154 0.358663 0.344194 0.335866 0.342808 0.313830 0.335875 0.310790 0.327556 0.311550 0.323744 0.354103 0.320277 0.395897 0.314038 0.416413
0 0.275910 0.418693 0.269671 0.447568 0.266551 0.470365 0.269671 0.499240 0.280763 0.496201 0.287695 0.509878 0.299133 0.506079 0.307106 0.484043 0.309532 0.456687 0.311265 0.429331 0.311265 0.389058 0.310225 0.342705 0.307106 0.324468 0.300173 0.317629 0.293241 0.320669 0.291161 0.342705 0.290121 0.364742 0.283882 0.398936
0 0.263432 0.265957 0.251993 0.273556 0.252340 0.291033 0.256499 0.310790 0.256499 0.322948 0.264125 0.332067 0.267244 0.351824 0.278683 0.364742 0.293934 0.355623 0.305026 0.325228 0.314385 0.310790 0.320277 0.297872 0.321664 0.279635 0.316118 0.256079 0.308146 0.243921 0.298787 0.239362 0.283536 0.241641 0.268631 0.255319
0 0.476256 0.557751 0.476256 0.584347 0.478683 0.597264 0.487695 0.601824 0.500173 0.601824 0.509185 0.590426 0.511958 0.559271 0.511265 0.523556 0.507106 0.503799 0.507106 0.465805 0.506066 0.434650 0.505026 0.398936 0.503986 0.364742 0.501213 0.342705 0.492894 0.329787 0.483882 0.333587 0.480763 0.367021 0.479376 0.427812 0.476256 0.478723
0 0.511265 0.518997 0.510919 0.556991 0.512305 0.579027 0.521317 0.588906 0.530676 0.586626 0.538302 0.579027 0.541421 0.563830 0.541421 0.536474 0.538302 0.498480 0.537608 0.448328 0.538302 0.427052 0.537608 0.400456 0.536568 0.373860 0.535529 0.362462 0.529289 0.341945 0.520971 0.338146 0.516464 0.374620 0.514385 0.425532
0 0.541768 0.519757 0.541768 0.561550 0.551127 0.582067 0.561179 0.592705 0.570191 0.577508 0.578510 0.544073 0.576430 0.522036 0.572270 0.492401 0.569151 0.450608 0.563258 0.387538 0.560139 0.354103 0.558752 0.333587 0.555979 0.309271 0.547660 0.291793 0.540381 0.296353 0.538302 0.347264 0.537608 0.396657 0.537608 0.433891
0 0.563258 0.494681 0.560832 0.530395 0.568111 0.556991 0.573310 0.568389 0.584402 0.560030 0.592721 0.568389 0.604853 0.561550 0.607972 0.528875 0.598960 0.474164 0.596534 0.438450 0.593761 0.400456 0.591334 0.376140 0.589255 0.354103 0.580589 0.346505 0.572270 0.349544 0.567418 0.389818 0.566378 0.436930
0 0.593761 0.472644 0.590641 0.510638 0.596880 0.544073 0.606586 0.557751 0.613865 0.547872 0.620451 0.555471 0.630503 0.544073 0.636742 0.531915 0.636742 0.508359 0.630156 0.472644 0.625303 0.425532 0.624263 0.402736 0.624263 0.378419 0.622184 0.362462 0.616291 0.349544 0.606586 0.347264 0.595494 0.360942 0.591681 0.386778 0.594801 0.433891
0 0.631196 0.462766 0.627383 0.492401 0.628423 0.515198 0.634315 0.537234 0.642288 0.539514 0.654073 0.528116 0.661005 0.532675 0.671057 0.519757 0.675217 0.503040 0.671404 0.468085 0.667244 0.452888 0.663085 0.424772 0.659619 0.398936 0.654073 0.372340 0.649913 0.349544 0.644714 0.326748 0.637782 0.322948 0.629463 0.326748 0.629116 0.357903 0.630156 0.398936
0 0.670364 0.450608 0.673137 0.484043 0.677296 0.503040 0.681109 0.506079 0.687695 0.514438 0.699827 0.501520 0.707106 0.500760 0.715771 0.488602 0.717158 0.458967 0.711612 0.431611 0.703986 0.410334 0.698440 0.382219 0.688388 0.351064 0.685615 0.335866 0.678336 0.326748 0.670017 0.322948 0.661698 0.335866 0.663778 0.371581 0.668284 0.414134
0 0.690815 0.367021 0.699827 0.384498 0.708146 0.394377 0.715771 0.398176 0.722357 0.391337 0.727903 0.371581 0.734489 0.341945 0.738648 0.324468 0.732062 0.302432 0.711958 0.280395 0.700867 0.266717 0.689775 0.250760 0.681456 0.242401 0.673137 0.243921 0.668284 0.246960 0.661698 0.275836 0.664125 0.300152 0.677990 0.331307 0.687695 0.349544
