0 0.495458 0.351064 0.498253 0.551672 0.472746 0.560790 0.465409 0.553191 0.467505 0.528116 0.463312 0.345745 0.492662 0.341185
0 0.463312 0.341945 0.468204 0.554711 0.454228 0.553951 0.444444 0.549392 0.441999 0.528116 0.445842 0.343465
0 0.444794 0.324468 0.442348 0.544073 0.432215 0.549392 0.422781 0.549392 0.416492 0.541033 0.413697 0.518997 0.416492 0.495441 0.424179 0.319149
0 0.417890 0.318389 0.420685 0.464286 0.420335 0.488602 0.419986 0.506839 0.417540 0.529635 0.412299 0.534195 0.406709 0.533435 0.399022 0.530395 0.395877 0.529635 0.392732 0.525836 0.390636 0.513678 0.391684 0.499240 0.393082 0.477964 0.404263 0.319909
0 0.393781 0.314590 0.397973 0.465046 0.397973 0.506839 0.392034 0.515198 0.381901 0.516717 0.369672 0.511398 0.367925 0.500760 0.367925 0.477964 0.370021 0.455927 0.371069 0.441489 0.374913 0.419453 0.383648 0.300912 0.394829 0.301672
0 0.373166 0.316869 0.374214 0.442249 0.373166 0.453647 0.368973 0.468845 0.368973 0.485562 0.369322 0.491641 0.366876 0.502280 0.362334 0.505319 0.356744 0.505319 0.346261 0.502280 0.337177 0.494681 0.334032 0.490122 0.334032 0.465805 0.337876 0.430851 0.343117 0.309271
0 0.340321 0.275836 0.338225 0.430091 0.331936 0.484802 0.322152 0.484802 0.313068 0.478723 0.307827 0.472644 0.304682 0.471884 0.298393 0.471125 0.296646 0.462766 0.295597 0.456687 0.295597 0.446049 0.296995 0.431611 0.319357 0.268237
0 0.296296 0.260638 0.259958 0.405775 0.259259 0.414894 0.262055 0.424012 0.267296 0.433131 0.273934 0.439970 0.279874 0.445289 0.284416 0.448328 0.288609 0.451368 0.293850 0.455167 0.299441 0.425532 0.321454 0.263678
0 0.497554 0.352584 0.497904 0.551672 0.525507 0.553191 0.528651 0.539514 0.529700 0.534954 0.530049 0.515957 0.528651 0.336626 0.497205 0.336626
0 0.529001 0.337386 0.527603 0.548632 0.537386 0.560030 0.543326 0.559271 0.549965 0.551672 0.551013 0.540274 0.546820 0.333587
0 0.546471 0.333587 0.551013 0.528116 0.556254 0.541793 0.561495 0.547872 0.567435 0.550152 0.570929 0.547872 0.574074 0.537994 0.576520 0.524316 0.576520 0.502280 0.575472 0.477204 0.567086 0.323708 0.547170 0.322188
0 0.668763 0.281155 0.692872 0.385258 0.698113 0.420973 0.708595 0.438450 0.721873 0.439210 0.730608 0.420973 0.741090 0.401976 0.735849 0.367021 0.695667 0.246201
0 0.671558 0.291793 0.697764 0.422492 0.705101 0.436170 0.705800 0.443009 0.705800 0.452128 0.705800 0.455927 0.703005 0.462766 0.699511 0.463526 0.696366 0.464286 0.691824 0.462006 0.688679 0.465046 0.683438 0.475684 0.680643 0.481763 0.675402 0.483283 0.670161 0.483283 0.664221 0.480243 0.661426 0.468085 0.658630 0.446049 0.638714 0.298632 0.668763 0.281915
0 0.636268 0.303951 0.663871 0.479483 0.658281 0.493161 0.651293 0.496201 0.642208 0.499240 0.639413 0.502280 0.633473 0.507599 0.629280 0.510638 0.624738 0.506079 0.625786 0.488602 0.622642 0.474164 0.618449 0.459726 0.616003 0.454407 0.611111 0.434650 0.608665 0.313830
0 0.496855 0.555471 0.498253 0.724924 0.523410 0.722644 0.516422 0.555471
0 0.515723 0.556231 0.523061 0.748480 0.541579 0.745441 0.539832 0.559271
0 0.549266 0.548632 0.541929 0.558511 0.539483 0.566869 0.540531 0.582827 0.547869 0.793313 0.572327 0.783435 0.566737 0.591945 0.566387 0.574468 0.561146 0.561550 0.560797 0.545593 0.555905 0.541793
0 0.570580 0.531915 0.563242 0.549392 0.560098 0.564590 0.566737 0.586626 0.589448 0.791033 0.612159 0.773556 0.589797 0.567629 0.588749 0.546353 0.584906 0.531155 0.579665 0.528116
0 0.596087 0.525076 0.591195 0.524316 0.586303 0.537234 0.588749 0.553951 0.590496 0.569909 0.612509 0.776596 0.636268 0.759878 0.615653 0.578267 0.616003 0.558511 0.616003 0.538754 0.614605 0.533435 0.608316 0.525076
0 0.623690 0.522036 0.616003 0.527356 0.612509 0.531915 0.611461 0.541793 0.614955 0.558511 0.619497 0.577508 0.621593 0.590426 0.640112 0.727204 0.663871 0.721884 0.689727 0.701368 0.689378 0.671733 0.675402 0.601824 0.664221 0.550152 0.661426 0.530395 0.661775 0.518997 0.658630 0.505319 0.653040 0.500760 0.645353 0.503040 0.635919 0.507599
0 0.674004 0.482523 0.659679 0.492401 0.653389 0.496960 0.649895 0.512158 0.651642 0.519757 0.657932 0.531915 0.662124 0.541033 0.705101 0.688450 0.722921 0.690729 0.740042 0.666413 0.740042 0.634498 0.730957 0.601824 0.711740 0.506079 0.706848 0.479483 0.699511 0.465046 0.695667 0.462766 0.688330 0.466565 0.681342 0.474924
0 0.728861 0.441489 0.719776 0.442249 0.713138 0.443769 0.709294 0.449848 0.705451 0.455167 0.702306 0.459726 0.704403 0.477964 0.709993 0.493161 0.716282 0.525836 0.735150 0.610942 0.751922 0.608663 0.766946 0.607143 0.770440 0.576748 0.768344 0.543313 0.759609 0.496960 0.752970 0.455927 0.748428 0.431611 0.742138 0.422492 0.734451 0.428571 0.731307 0.435410
0 0.496506 0.553191 0.498602 0.740881 0.474144 0.734043 0.475542 0.564590
0 0.474493 0.560790 0.473096 0.758359 0.446541 0.750000 0.452131 0.588906 0.451433 0.563830 0.454927 0.556231 0.461915 0.553951 0.470300 0.552432
0 0.449686 0.550912 0.452131 0.612462 0.439553 0.798632 0.411600 0.782675 0.423480 0.594985 0.421034 0.575988 0.421034 0.567629 0.425577 0.557751 0.430119 0.553191 0.437107 0.547872 0.441999 0.547872
0 0.423480 0.551672 0.427324 0.556231 0.426974 0.566109 0.425227 0.574468 0.421384 0.586626 0.412299 0.789514 0.385395 0.772796 0.396576 0.607143 0.398323 0.567629 0.398323 0.550152 0.403564 0.539514 0.409853 0.537234 0.417540 0.538754 0.420335 0.544833
0 0.385045 0.527356 0.382600 0.528116 0.375611 0.532675 0.374913 0.550912 0.376310 0.566869 0.361635 0.757599 0.380853 0.768237 0.400419 0.587386 0.406010 0.560790 0.406359 0.548632 0.403913 0.531915 0.400769 0.525076 0.393082 0.519757
0 0.359539 0.510638 0.349057 0.512918 0.343816 0.521277 0.338574 0.525076 0.333683 0.533435 0.330887 0.554711 0.329490 0.569909 0.310273 0.695289 0.353249 0.725684 0.374913 0.568389 0.378756 0.553951 0.381901 0.545593 0.380503 0.531915 0.378756 0.515957 0.372467 0.509878 0.364081 0.509878
0 0.322502 0.493161 0.310971 0.478723 0.305031 0.475684 0.300489 0.477204 0.297345 0.490122 0.262055 0.653495 0.291405 0.693769 0.306429 0.673252 0.322152 0.607903 0.333333 0.544073 0.339972 0.525076 0.341719 0.508359 0.342767 0.501520 0.338225 0.496960 0.332285 0.499240 0.329140 0.495441
0 0.267645 0.446809 0.261356 0.439970 0.256115 0.437690 0.250874 0.453647 0.245283 0.476444 0.225017 0.598024 0.239343 0.626140 0.254717 0.629939 0.274983 0.604863 0.298393 0.488602 0.302586 0.468845 0.295947 0.462766 0.292802 0.452888 0.287212 0.447568 0.282669 0.444529 0.278826 0.442249 0.271838 0.442249
