0 0.487805 0.407295 0.485434 0.541033 0.488482 0.566869 0.487127 0.591185 0.484756 0.614742 0.458333 0.608663 0.461382 0.579787 0.463753 0.549392 0.463076 0.398936 0.486789 0.393617
0 0.462737 0.401976 0.462737 0.554711 0.464092 0.575228 0.461382 0.596505 0.459011 0.610182 0.453930 0.612462 0.446138 0.607903 0.441734 0.601064 0.441396 0.596505 0.438686 0.575228 0.439024 0.550912 0.443767 0.531915 0.449187 0.395897 0.461721 0.393617
0 0.490515 0.391337 0.486450 0.550912 0.486789 0.564590 0.486789 0.574468 0.486789 0.582827 0.485434 0.598024 0.486789 0.609422 0.495257 0.615502 0.503049 0.618541 0.508130 0.613222 0.509824 0.591185 0.510163 0.550912 0.513889 0.388298
0 0.513550 0.387538 0.510840 0.569149 0.509824 0.607903 0.525745 0.612462 0.532520 0.604103 0.532520 0.579027 0.532859 0.544833 0.533537 0.388298
0 0.534553 0.382219 0.531504 0.553191 0.532520 0.580547 0.541328 0.617021 0.551829 0.606383 0.556572 0.584347 0.557927 0.563070 0.556572 0.375380 0.535908 0.370061
0 0.559282 0.376140 0.554539 0.508359 0.549797 0.525076 0.548442 0.532675 0.546748 0.550912 0.549119 0.578267 0.553862 0.588146 0.563008 0.597264 0.572493 0.595745 0.576220 0.585866 0.579607 0.565350 0.579268 0.541033 0.577913 0.455167 0.577575 0.373100
0 0.579607 0.369301 0.573509 0.487842 0.569444 0.528116 0.568428 0.543313 0.567412 0.572188 0.572493 0.597264 0.584350 0.604103 0.598916 0.585106 0.598238 0.548632 0.593835 0.495441 0.596883 0.384498 0.596883 0.364742
0 0.592818 0.367781 0.592141 0.480243 0.589431 0.502280 0.586043 0.507599 0.584350 0.518237 0.587398 0.546353 0.594173 0.571429 0.601626 0.582827 0.612127 0.579787 0.621951 0.573708 0.628726 0.550912 0.628726 0.532675 0.628726 0.512918 0.625339 0.493161 0.623645 0.472644 0.622967 0.420973 0.626355 0.362462
0 0.620935 0.398936 0.622290 0.475684 0.625339 0.525076 0.628388 0.542553 0.636518 0.560790 0.649729 0.557751 0.658875 0.539514 0.667683 0.515957 0.668360 0.499240 0.661924 0.476444 0.656504 0.468845 0.642615 0.447568 0.638550 0.410334 0.637873 0.366261 0.621951 0.368541
0 0.666328 0.291793 0.642954 0.392097 0.638211 0.409574 0.637534 0.422492 0.640244 0.439210 0.647019 0.455927 0.655827 0.462766 0.664634 0.473404 0.678523 0.477964 0.683604 0.447568 0.685976 0.412614 0.689024 0.374620 0.697493 0.332067 0.696816 0.308511 0.686314 0.296353 0.671409 0.290274 0.665989 0.286474
0 0.514566 0.626140 0.513550 0.652736 0.515583 0.674012 0.511856 0.851064 0.530827 0.848784 0.535908 0.674012 0.537263 0.659574 0.538279 0.644377 0.537602 0.633739 0.533875 0.626140 0.529133 0.620821 0.523035 0.619301 0.517954 0.619301
0 0.539295 0.620821 0.534553 0.636018 0.533198 0.653495 0.534553 0.668693 0.534892 0.690729 0.534892 0.865502 0.553523 0.868541 0.558943 0.687690 0.560298 0.653495 0.561314 0.629179 0.558604 0.618541 0.555556 0.610942 0.550136 0.608663 0.544715 0.612462 0.542683 0.615502 0.542005 0.616261
0 0.567412 0.623860 0.560298 0.636018 0.557927 0.648176 0.557588 0.658815 0.560637 0.689210 0.557249 0.841185 0.573509 0.843465 0.580285 0.689210 0.582995 0.677812 0.584011 0.671733 0.584688 0.659574 0.584688 0.646657 0.581640 0.632979 0.576558 0.626140 0.571477 0.623100
0 0.586382 0.642097 0.582656 0.645137 0.579268 0.649696 0.577913 0.655015 0.578252 0.663374 0.581301 0.674012 0.585705 0.682371 0.621951 0.827508 0.645325 0.805471 0.632453 0.708207 0.623306 0.670973 0.619919 0.658815 0.616531 0.647416 0.611111 0.637538 0.606369 0.629179 0.599593 0.620821 0.595190 0.620821 0.590447 0.623860 0.586721 0.629939
0 0.610772 0.600304 0.604336 0.610942 0.603320 0.617781 0.603320 0.623860 0.607724 0.632219 0.615176 0.645137 0.621274 0.661094 0.633469 0.713526 0.651423 0.753040 0.672425 0.762158 0.684621 0.732523 0.677168 0.693009 0.666667 0.659574 0.657859 0.632219 0.654472 0.621581 0.653117 0.612462 0.650745 0.599544 0.648713 0.589666 0.645664 0.580547 0.639905 0.572188 0.635501 0.573708 0.631436 0.581307 0.624322 0.583587 0.618902 0.582067 0.614499 0.591185
0 0.660908 0.553951 0.653455 0.574468 0.649729 0.592705 0.648374 0.601824 0.649051 0.610182 0.651084 0.618541 0.654472 0.626140 0.659553 0.636778 0.672764 0.666413 0.713415 0.715805 0.741870 0.657295 0.735434 0.602584 0.713753 0.569909 0.703252 0.545593 0.691734 0.522036 0.682249 0.519757 0.675136 0.528116 0.664634 0.542553
0 0.514905 0.632979 0.515921 0.649696 0.515583 0.674012 0.513550 0.836626 0.493564 0.827508 0.496274 0.680091 0.494580 0.655015 0.494241 0.642857 0.496274 0.629179 0.506775 0.628419
0 0.489160 0.629179 0.477642 0.636018 0.475271 0.640578 0.476287 0.651216 0.477981 0.674012 0.478320 0.715805 0.481369 0.820669 0.494580 0.823708 0.496274 0.680091 0.496951 0.658055 0.496951 0.646657 0.496274 0.637538 0.491531 0.631459
0 0.474255 0.624620 0.460705 0.623860 0.456640 0.632219 0.457317 0.648936 0.461721 0.686930 0.465786 0.840426 0.483401 0.842705 0.478320 0.694529 0.479675 0.677812 0.480014 0.667933 0.480352 0.658815 0.480014 0.645897 0.479675 0.627660
0 0.452236 0.623100 0.461721 0.677812 0.467480 0.882979 0.440379 0.885258 0.437669 0.768997 0.436653 0.684650 0.439024 0.651216 0.441734 0.625380 0.447832 0.613982
0 0.320799 0.338146 0.319106 0.496960 0.340447 0.531915 0.362466 0.534195 0.367547 0.514438 0.372290 0.500000 0.372629 0.485562 0.366192 0.341945 0.325542 0.335106
0 0.327575 0.544073 0.293699 0.722644 0.326220 0.777356 0.357046 0.674012 0.367886 0.637538 0.372967 0.623860 0.377710 0.607903 0.380081 0.591945 0.380420 0.577508 0.378388 0.569909 0.371612 0.566109 0.361111 0.561550 0.345190 0.553191 0.337398 0.547112
0 0.389566 0.585866 0.376016 0.584347 0.369580 0.592705 0.365854 0.604103 0.364499 0.621581 0.332317 0.771277 0.388889 0.807751 0.403794 0.718845 0.409214 0.670973 0.415989 0.652736 0.419377 0.637538 0.422087 0.612462 0.420732 0.599544 0.414295 0.594225 0.406504 0.591945 0.398035 0.586626
0 0.422764 0.626140 0.416667 0.610182 0.409553 0.612462 0.405149 0.623860 0.400745 0.642097 0.398374 0.656535 0.397019 0.695289 0.379404 0.819909 0.400068 0.838146 0.417683 0.721125 0.428862 0.688450 0.434282 0.675532 0.437331 0.661094 0.438347 0.648176 0.438008 0.632979 0.434621 0.619301 0.430894 0.616261 0.428184 0.616261
0 0.433943 0.626900 0.430217 0.622340 0.426491 0.625380 0.422087 0.632979 0.419038 0.642857 0.415989 0.655015 0.414634 0.666413 0.414634 0.685410 0.412263 0.876900 0.435976 0.879179 0.440041 0.693769 0.446138 0.665653 0.446816 0.648176 0.441396 0.635258 0.437669 0.626140
