0 0.473322 0.380699 0.471256 0.439970 0.489157 0.446809 0.505680 0.414894 0.506368 0.334347 0.506368 0.253040 0.508090 0.189210 0.512565 0.121581 0.506713 0.087386 0.493287 0.103343 0.485370 0.226444 0.474699 0.326748
0 0.455766 0.368541 0.458176 0.427052 0.464372 0.435410 0.476420 0.427052 0.481583 0.398176 0.485714 0.247720 0.489845 0.152736 0.492255 0.104103 0.488812 0.097264 0.478141 0.105623 0.473666 0.130699 0.464372 0.236322 0.456454 0.354103
0 0.437866 0.369301 0.440964 0.427052 0.453701 0.430091 0.466781 0.383739 0.465404 0.301672 0.467126 0.191489 0.472289 0.104103 0.468158 0.062310 0.461962 0.057751 0.449914 0.097264 0.441997 0.177052 0.434768 0.332067
0 0.506713 0.389818 0.505680 0.449088 0.533219 0.452128 0.538726 0.381459 0.538038 0.262918 0.541136 0.161854 0.541480 0.103343 0.533219 0.064590 0.519793 0.079787 0.509811 0.212006
0 0.533563 0.368541 0.531153 0.415653 0.542513 0.444529 0.556971 0.433891 0.561102 0.393617 0.560413 0.284954 0.560413 0.205927 0.565232 0.142857 0.564544 0.098784 0.553528 0.085866 0.540103 0.139818
0 0.553184 0.378419 0.562478 0.462006 0.577969 0.459726 0.581411 0.408055 0.584165 0.295593 0.583477 0.212006 0.583133 0.160334 0.585886 0.065350 0.582100 0.049392 0.572461 0.059271 0.563511 0.184650
0 0.566954 0.386018 0.565577 0.439210 0.576592 0.451368 0.587608 0.473404 0.598623 0.442249 0.593115 0.253799 0.591394 0.207447 0.589673 0.201368 0.580034 0.207447 0.574527 0.233283
0 0.583477 0.389818 0.597935 0.449848 0.609639 0.449848 0.620998 0.411854 0.617900 0.301672 0.616867 0.209726 0.613425 0.151216 0.601377 0.153495 0.592427 0.167173 0.585886 0.239362 0.576936 0.381459
0 0.663683 0.385258 0.663339 0.431611 0.688812 0.437690 0.703270 0.415653 0.703270 0.366261 0.708778 0.327508 0.721170 0.258359 0.720138 0.216565 0.715663 0.181611 0.690189 0.189970 0.680207 0.234043 0.675387 0.287234
0 0.672289 0.455927 0.670912 0.476444 0.680207 0.510638 0.693287 0.572188 0.717728 0.645137 0.739759 0.662614 0.759725 0.638298 0.754217 0.587386 0.741824 0.543313 0.731153 0.478723 0.724613 0.429331 0.711188 0.425532 0.695697 0.445289
0 0.629260 0.452128 0.627539 0.471884 0.636489 0.550152 0.653701 0.645137 0.666781 0.685410 0.684682 0.699088 0.695697 0.682371 0.695697 0.641337 0.686747 0.555471 0.679862 0.493921 0.674355 0.456687 0.659897 0.445289 0.646816 0.445289 0.631325 0.439970
0 0.490878 0.468845 0.481239 0.478723 0.485370 0.553191 0.490189 0.623860 0.496386 0.682371 0.504303 0.701368 0.507745 0.689970 0.506713 0.643617 0.504647 0.579027 0.503270 0.503040 0.503270 0.475684
0 0.466781 0.476444 0.460929 0.495441 0.467126 0.552432 0.472633 0.660334 0.485714 0.733283 0.495353 0.725684 0.494664 0.679331 0.487091 0.560030 0.481239 0.499240 0.473666 0.476444
0 0.453356 0.484043 0.447504 0.499240 0.440964 0.565350 0.443718 0.699088 0.443718 0.777356 0.459897 0.801672 0.465749 0.778116 0.468847 0.623860 0.466437 0.529635 0.462651 0.485562
0 0.434423 0.483283 0.427539 0.493921 0.422375 0.553191 0.424785 0.734043 0.435800 0.768237 0.445439 0.747720 0.451291 0.661854 0.451291 0.528116 0.450947 0.495441
0 0.422719 0.466565 0.411360 0.477204 0.401033 0.542553 0.395525 0.679331 0.409983 0.727204 0.418933 0.697568 0.436489 0.543313 0.443373 0.499240 0.438898 0.475684 0.430293 0.477204
0 0.346988 0.458967 0.340103 0.471884 0.330120 0.533435 0.298795 0.613222 0.282272 0.667173 0.300516 0.712006 0.328744 0.689210 0.361446 0.623860 0.377969 0.565350 0.397935 0.509878 0.400000 0.483283 0.383133 0.476444 0.371429 0.466565 0.360413 0.462006
0 0.310155 0.417173 0.294320 0.414894 0.286747 0.455927 0.272633 0.515198 0.255766 0.561550 0.242685 0.598784 0.250258 0.647416 0.272289 0.663374 0.295009 0.627660 0.325645 0.540274 0.342169 0.506079 0.349053 0.473404 0.348021 0.456687 0.334251 0.446809 0.321515 0.432371
0 0.515663 0.465805 0.503270 0.465805 0.503270 0.508359 0.505680 0.645137 0.508778 0.694529 0.517040 0.719605 0.525301 0.712006 0.521515 0.607143 0.524269 0.489362 0.521515 0.475684
0 0.528744 0.466565 0.521170 0.486322 0.522203 0.547872 0.521515 0.628419 0.522203 0.696809 0.533219 0.736322 0.541136 0.728723 0.541480 0.683131 0.542169 0.552432 0.545267 0.475684 0.540103 0.466565
0 0.555250 0.461246 0.543546 0.474164 0.543201 0.537234 0.539759 0.638298 0.538726 0.725684 0.548709 0.757599 0.557659 0.737842 0.567986 0.569909 0.570052 0.485562
0 0.577625 0.462006 0.563511 0.481763 0.560413 0.531155 0.562478 0.639818 0.564544 0.703647 0.573150 0.743161 0.584165 0.739362 0.583133 0.627660 0.588640 0.488602
0 0.598967 0.457447 0.582100 0.473404 0.580379 0.503040 0.596558 0.585866 0.613425 0.715805 0.644062 0.726444 0.664372 0.655015 0.646472 0.556991 0.636489 0.517477 0.628571 0.463526 0.609983 0.456687
0 0.301205 0.373100 0.296730 0.400456 0.307745 0.421733 0.333563 0.435410 0.345955 0.417173 0.340448 0.306991 0.345611 0.241641 0.344578 0.177812 0.334596 0.164894 0.320138 0.189210 0.310155 0.250760 0.303270 0.348784
0 0.334251 0.391337 0.334596 0.427812 0.345611 0.459726 0.367986 0.467325 0.377969 0.457447 0.381067 0.431611 0.381067 0.337386 0.380379 0.268237 0.377625 0.217325 0.362134 0.180091 0.347676 0.181611 0.339415 0.205927 0.337694 0.287994
0 0.371429 0.413374 0.375559 0.465805 0.393804 0.476444 0.417556 0.473404 0.424441 0.461246 0.421343 0.397416 0.417556 0.310030 0.412048 0.253799 0.404819 0.221884 0.386575 0.221884 0.381067 0.257599 0.375559 0.314590
0 0.406540 0.414894 0.405508 0.446809 0.425473 0.458967 0.438898 0.454407 0.441997 0.421733 0.438898 0.357903 0.432702 0.260638 0.424785 0.203647 0.404819 0.209726 0.405508 0.243921
0 0.427539 0.399696 0.430293 0.442249 0.443373 0.446809 0.455766 0.422492 0.456799 0.351064 0.450947 0.241641 0.444750 0.184650 0.436833 0.155015 0.427883 0.155775 0.425473 0.182371 0.426850 0.294833
