0 0.508123 0.427052 0.506740 0.465046 0.492914 0.478723 0.480470 0.475684 0.470100 0.465046 0.474940 0.424012 0.481161 0.378419 0.484618 0.334347 0.488075 0.300912 0.490149 0.249240 0.496371 0.227964 0.506740 0.232523 0.510888 0.296353
0 0.450052 0.387538 0.447287 0.424012 0.445904 0.457447 0.459039 0.472644 0.468026 0.468085 0.475631 0.420973 0.477705 0.390578 0.481853 0.352584 0.486001 0.300912 0.489457 0.265957 0.490149 0.240122 0.486692 0.220365 0.474940 0.221884
0 0.424473 0.396657 0.425856 0.440729 0.430003 0.474164 0.443139 0.483283 0.449361 0.458967 0.459039 0.430091 0.461804 0.393617 0.460422 0.335866 0.460422 0.290274 0.460422 0.255319 0.456274 0.229483 0.451434 0.200608 0.432769 0.202128 0.423090 0.317629
0 0.398894 0.370821 0.395437 0.416413 0.403733 0.466565 0.421708 0.477204 0.438991 0.466565 0.441756 0.427052 0.441756 0.393617 0.436917 0.340426 0.435534 0.302432 0.432077 0.261398 0.429312 0.232523 0.425164 0.215805 0.405807 0.218845 0.400277 0.247720
0 0.374698 0.410334 0.376080 0.463526 0.389907 0.481763 0.409955 0.475684 0.420325 0.458967 0.416177 0.424012 0.409955 0.360182 0.404424 0.305471 0.400968 0.264438 0.397511 0.231003 0.387833 0.212766 0.379537 0.211246 0.374698 0.250760
0 0.339440 0.399696 0.335292 0.443769 0.342897 0.472644 0.359488 0.475684 0.379537 0.475684 0.390598 0.457447 0.391289 0.427052 0.385759 0.363222 0.376080 0.259878 0.370550 0.237082 0.357414 0.218845 0.346353 0.231003
0 0.296578 0.393617 0.294504 0.436170 0.307639 0.462006 0.330453 0.478723 0.338057 0.463526 0.344279 0.439210 0.342205 0.402736 0.339440 0.358663 0.333909 0.299392 0.331144 0.265957 0.326996 0.243161 0.312478 0.240122 0.298652 0.262918
0 0.264086 0.384498 0.257864 0.417933 0.263394 0.449848 0.277221 0.478723 0.287591 0.489362 0.300726 0.471125 0.304874 0.446809 0.304874 0.404255 0.303491 0.361702 0.301417 0.325228 0.300726 0.293313 0.293813 0.249240 0.282060 0.241641 0.268925 0.268997
0 0.508123 0.427052 0.506049 0.462006 0.519876 0.481763 0.533011 0.486322 0.539924 0.472644 0.537850 0.405775 0.535776 0.357143 0.537850 0.294833 0.540615 0.250760 0.538541 0.217325 0.525406 0.212766 0.515036 0.285714
0 0.537850 0.404255 0.537850 0.458967 0.538541 0.480243 0.562738 0.481763 0.564812 0.448328 0.562046 0.398176 0.559972 0.346505 0.559281 0.313070 0.562046 0.268997 0.561355 0.229483 0.549602 0.208207 0.538541 0.247720
0 0.555824 0.434650 0.552368 0.474164 0.567577 0.503040 0.581403 0.496960 0.588317 0.469605 0.588317 0.436170 0.597304 0.305471 0.601452 0.221884 0.600069 0.191489 0.583477 0.186930 0.573108 0.259878
0 0.571725 0.437690 0.568268 0.474164 0.581403 0.510638 0.600069 0.512158 0.604908 0.498480 0.609056 0.448328 0.611822 0.401216 0.616661 0.293313 0.618735 0.288754 0.609056 0.223404 0.600069 0.226444
0 0.594539 0.452888 0.590736 0.492401 0.605254 0.518997 0.626339 0.517477 0.632216 0.504559 0.630487 0.454407 0.630833 0.401976 0.634981 0.365502 0.636709 0.325988 0.636709 0.294833 0.632216 0.269757 0.615624 0.259878 0.609748 0.275076 0.607328 0.357143
0 0.623920 0.446809 0.621500 0.487842 0.624611 0.500760 0.642586 0.512158 0.665399 0.514438 0.669547 0.482523 0.670584 0.446049 0.666782 0.379179 0.666091 0.294073 0.664362 0.266717 0.653992 0.262918 0.639820 0.261398 0.632907 0.395137
0 0.667473 0.451368 0.668856 0.515957 0.678880 0.524316 0.707224 0.514438 0.707916 0.474164 0.702039 0.395137 0.700657 0.347264 0.702039 0.291033 0.687176 0.281155 0.677843 0.337386 0.671275 0.411854
0 0.706533 0.454407 0.707916 0.496201 0.714829 0.512158 0.725199 0.518997 0.739025 0.497720 0.745593 0.469605 0.742482 0.431611 0.738680 0.401976 0.733495 0.367021 0.733495 0.344225 0.734186 0.307751 0.734186 0.279635 0.720014 0.269757 0.709644 0.276596 0.705842 0.338906
0 0.509851 0.506079 0.508123 0.537234 0.510543 0.598024 0.513308 0.649696 0.513308 0.696049 0.513308 0.735562 0.520913 0.759119 0.526097 0.753799 0.527826 0.702128 0.527826 0.624620 0.527826 0.578267 0.530591 0.510638
0 0.529208 0.512158 0.526789 0.576748 0.528517 0.674012 0.527826 0.720365 0.531628 0.753799 0.540615 0.735562 0.543381 0.674772 0.544418 0.588146 0.549602 0.558511 0.554096 0.522796 0.553059 0.507599 0.536122 0.507599
0 0.551676 0.522796 0.544072 0.563830 0.545800 0.632979 0.545109 0.696049 0.548566 0.737082 0.550985 0.765198 0.557898 0.788754 0.570342 0.758359 0.571379 0.632979 0.571379 0.585106 0.565849 0.537234 0.559281 0.512158
0 0.572762 0.545593 0.568960 0.569909 0.569651 0.608663 0.570342 0.659574 0.570688 0.720365 0.569651 0.750000 0.573453 0.773556 0.584169 0.784954 0.591773 0.759119 0.590736 0.717325 0.589354 0.670973 0.591428 0.631459 0.593847 0.607903 0.597649 0.572188 0.595230 0.532675 0.578984 0.527356
0 0.587625 0.545593 0.590045 0.578267 0.593156 0.631459 0.595921 0.690729 0.599723 0.722644 0.608019 0.768237 0.613204 0.798632 0.624611 0.800152 0.628413 0.768237 0.623920 0.702128 0.618044 0.658055 0.617007 0.610182 0.618735 0.570669 0.618735 0.547112 0.605254 0.538754
0 0.618044 0.532675 0.614241 0.542553 0.613550 0.573708 0.617698 0.607903 0.620809 0.648176 0.623228 0.683131 0.630487 0.718845 0.637401 0.746960 0.650190 0.775076 0.666782 0.772036 0.676460 0.750000 0.678189 0.717325 0.668165 0.664134 0.662980 0.613222 0.664362 0.594985 0.666782 0.550912 0.657795 0.535714 0.640512 0.534195
0 0.487038 0.499240 0.488075 0.534195 0.492223 0.578267 0.493260 0.648176 0.493951 0.712006 0.495334 0.740122 0.505358 0.756839 0.510543 0.735562 0.508123 0.639818 0.508814 0.583587 0.508814 0.555471 0.512617 0.510638 0.505012 0.499240
0 0.462150 0.492401 0.462150 0.538754 0.466989 0.552432 0.470792 0.585106 0.472866 0.631459 0.472866 0.697568 0.474248 0.730243 0.481853 0.768237 0.491531 0.760638 0.493260 0.725684 0.492568 0.674012 0.491531 0.606383 0.488075 0.555471 0.487729 0.507599 0.478050 0.493921
0 0.447978 0.503040 0.439682 0.550152 0.433806 0.591945 0.434497 0.623100 0.435188 0.676292 0.433806 0.712006 0.429312 0.776596 0.439682 0.798632 0.453508 0.786474 0.460076 0.740122 0.468372 0.687690 0.469063 0.616261 0.470792 0.583587 0.465952 0.548632 0.463878 0.512918 0.457656 0.494681
0 0.415831 0.525836 0.410646 0.555471 0.412720 0.607903 0.414103 0.661094 0.412720 0.707447 0.410301 0.727204 0.408227 0.750760 0.423090 0.773556 0.435880 0.724164 0.438991 0.679331 0.440373 0.621581 0.442793 0.586626 0.449361 0.540274 0.445213 0.520517 0.434497 0.497720 0.424819 0.499240
0 0.399240 0.515957 0.394746 0.550912 0.383339 0.634498 0.375043 0.690729 0.370550 0.725684 0.378845 0.759119 0.399240 0.758359 0.405116 0.699088 0.408918 0.659574 0.416523 0.614742 0.424127 0.575228 0.435880 0.542553 0.437608 0.522036 0.424127 0.497720 0.415140 0.496201
0 0.345316 0.572188 0.335292 0.616261 0.324231 0.680851 0.324231 0.717325 0.335983 0.731003 0.351193 0.724164 0.363982 0.694529 0.378154 0.655015 0.385759 0.626900 0.394055 0.590426 0.398548 0.553951 0.396129 0.538754 0.384376 0.541033 0.376080 0.542553 0.372969 0.568389 0.363291 0.569909 0.351193 0.556991
0 0.305911 0.486322 0.298652 0.527356 0.294158 0.558511 0.287245 0.601824 0.278258 0.639818 0.269962 0.674772 0.265468 0.705927 0.272382 0.724164 0.286554 0.728723 0.308330 0.655015 0.323885 0.641337 0.337020 0.610182 0.347390 0.579027 0.357069 0.550152 0.362945 0.522796 0.363291 0.496201 0.350501 0.499240 0.336675 0.479483 0.332181 0.482523 0.320429 0.474924
