0 0.496257 0.386778 0.490196 0.433891 0.481283 0.543313 0.482353 0.581307 0.493048 0.595745 0.509091 0.585866 0.513012 0.543313 0.515865 0.465046 0.518717 0.416413
0 0.458467 0.405775 0.459537 0.484043 0.455615 0.579027 0.454545 0.602584 0.472371 0.594225 0.481283 0.526596 0.489127 0.439970 0.489127 0.395897
0 0.438503 0.424772 0.435651 0.443769 0.428877 0.499240 0.424955 0.538754 0.426738 0.591945 0.448485 0.587386 0.456328 0.545593 0.459537 0.481763 0.464528 0.423252 0.448485 0.393617 0.432799 0.397416
0 0.417825 0.427052 0.412834 0.458967 0.402852 0.534954 0.403922 0.589666 0.425668 0.581307 0.437790 0.549392 0.438503 0.477964 0.442781 0.420973 0.431729 0.385258 0.426738 0.366261 0.418895 0.393617
0 0.402139 0.414894 0.395009 0.420973 0.390018 0.458967 0.376114 0.518237 0.374332 0.572948 0.386096 0.587386 0.408913 0.579027 0.409982 0.530395 0.411765 0.442249 0.413904 0.391337 0.407130 0.391337
0 0.372193 0.389058 0.367201 0.429331 0.354367 0.477964 0.345455 0.513678 0.342602 0.547872 0.351515 0.587386 0.377184 0.585866 0.384314 0.568389 0.386096 0.500760 0.393226 0.423252 0.398217 0.389058
0 0.332620 0.395897 0.325847 0.427052 0.316934 0.475684 0.308021 0.515957 0.303030 0.545593 0.322638 0.570669 0.344742 0.562310 0.348663 0.509878 0.357576 0.446049 0.360428 0.393617 0.349376 0.372340
0 0.316934 0.361702 0.286275 0.408055 0.265241 0.443769 0.278075 0.480243 0.301961 0.511398 0.318004 0.450608 0.338681 0.395897 0.346524 0.366261 0.338681 0.342705
0 0.522995 0.389058 0.518717 0.433891 0.516934 0.509878 0.518004 0.585866 0.531907 0.598024 0.539750 0.579027 0.537611 0.518237 0.536542 0.433891 0.540820 0.393617
0 0.540820 0.431611 0.538681 0.505319 0.538681 0.556231 0.542602 0.583587 0.550446 0.589666 0.561497 0.564590 0.563280 0.492401 0.567558 0.423252 0.564349 0.380699 0.547594 0.382979
0 0.558645 0.397416 0.560428 0.433891 0.559358 0.477964 0.564349 0.549392 0.575401 0.594225 0.583244 0.575228 0.594296 0.526596 0.594296 0.443769 0.592157 0.391337 0.579323 0.370061
0 0.603922 0.378419 0.601070 0.427052 0.590018 0.505319 0.595009 0.600304 0.621747 0.604863 0.632799 0.477964 0.635651 0.405775 0.637790 0.391337
0 0.636720 0.399696 0.636720 0.462766 0.625668 0.532675 0.624955 0.568389 0.642781 0.613222 0.656684 0.585866 0.661319 0.532675 0.651693 0.435410 0.652406 0.385258 0.639572 0.378419
0 0.657398 0.389058 0.655615 0.418693 0.654545 0.465046 0.657398 0.537234 0.665597 0.566869 0.679144 0.575228 0.696257 0.566869 0.696257 0.538754 0.688057 0.488602 0.673440 0.424772 0.669519 0.380699
0 0.686275 0.361702 0.675223 0.372340 0.670232 0.423252 0.682353 0.486322 0.698039 0.530395 0.709091 0.551672 0.721925 0.522036 0.727986 0.488602 0.708021 0.427052 0.696970 0.386778 0.696257 0.370061
0 0.510873 0.785714 0.511943 0.760638 0.511943 0.727204 0.513012 0.670213 0.516934 0.644377 0.526916 0.638298 0.539750 0.674012 0.535829 0.718845 0.525847 0.760638 0.521925 0.794833
0 0.533690 0.766717 0.539750 0.655015 0.540820 0.629939 0.549733 0.629939 0.554367 0.667933 0.551515 0.746201 0.549733 0.798632 0.539750 0.811550 0.527629 0.800912
0 0.549733 0.781915 0.546524 0.731003 0.546524 0.690729 0.554367 0.642857 0.562567 0.614742 0.577184 0.621581 0.583244 0.638298 0.582175 0.678571 0.578253 0.727204 0.576471 0.765198 0.573262 0.792553 0.564349 0.806991
0 0.579323 0.792553 0.582175 0.762918 0.579323 0.714286 0.577184 0.655015 0.583244 0.636018 0.597148 0.633739 0.603922 0.661854 0.598930 0.733283 0.597148 0.777356 0.600000 0.819909 0.585383 0.828267
0 0.609982 0.798632 0.609982 0.785714 0.603209 0.718845 0.598930 0.670213 0.604991 0.638298 0.618895 0.633739 0.628877 0.663374 0.625668 0.747720 0.634581 0.796353 0.634581 0.819909 0.616756 0.815350
0 0.696970 0.768997 0.684135 0.741641 0.669519 0.722644 0.639572 0.657295 0.651693 0.659574 0.663458 0.642857 0.677362 0.619301 0.695187 0.623860 0.704100 0.665653 0.710160 0.699848 0.719786 0.739362 0.716934 0.765198
0 0.722995 0.576748 0.695187 0.600304 0.693048 0.671733 0.706952 0.693009 0.735829 0.735562 0.761497 0.743921 0.749733 0.686930 0.741533 0.657295
0 0.499109 0.779635 0.496257 0.690729 0.491979 0.629939 0.506952 0.633739 0.513012 0.652736 0.513012 0.712006
0 0.487344 0.787994 0.486275 0.804711 0.476292 0.765198 0.469519 0.705927 0.468449 0.661854 0.472371 0.629939 0.490196 0.655015 0.493048 0.743921 0.500178 0.809271 0.491979 0.832827
0 0.456328 0.629939 0.446702 0.648936 0.443494 0.733283 0.446702 0.792553 0.452406 0.819909 0.467380 0.777356 0.469519 0.690729 0.468449 0.640578
0 0.433868 0.633739 0.427807 0.655015 0.414973 0.728723 0.408913 0.804711 0.414973 0.844985 0.427807 0.796353 0.432799 0.714286 0.442781 0.665653
0 0.407843 0.627660 0.400000 0.644377 0.391087 0.676292 0.382175 0.712006 0.375401 0.735562 0.374332 0.754559 0.379323 0.809271 0.391087 0.813830 0.400000 0.765198 0.411765 0.697568 0.423886 0.651216
0 0.372193 0.617021 0.360428 0.617021 0.351515 0.642857 0.342602 0.682371 0.334759 0.741641 0.334759 0.798632 0.355437 0.804711 0.367201 0.765198 0.372193 0.716565 0.384314 0.670213 0.387166 0.642857
0 0.324777 0.606383 0.318004 0.602584 0.311943 0.600304 0.304813 0.602584 0.300178 0.663374 0.286988 0.731003 0.280214 0.785714 0.308021 0.777356 0.318004 0.727204 0.334759 0.671733 0.340463 0.636018 0.338681 0.619301
0 0.296970 0.589666 0.282353 0.576748 0.261319 0.570669 0.254545 0.589666 0.253476 0.621581 0.253476 0.670213 0.251337 0.727204 0.250624 0.765198 0.271301 0.756839 0.276292 0.708207 0.284135 0.646657
