0 0.507625 0.366261 0.504720 0.418693 0.502542 0.437690 0.474582 0.445289 0.471314 0.401216 0.474582 0.335866 0.475309 0.228723 0.474582 0.157295 0.476035 0.097264 0.492012 0.101824 0.505447 0.144377
0 0.442629 0.382219 0.441176 0.423252 0.448802 0.456687 0.464052 0.451368 0.472041 0.424772 0.473130 0.342705 0.473856 0.243921 0.473856 0.163374 0.473856 0.106383 0.459332 0.093465 0.441903 0.120821 0.448802 0.215805
0 0.414670 0.411854 0.423747 0.458207 0.432825 0.462766 0.445897 0.435410 0.452433 0.405775 0.446623 0.337386 0.440450 0.211246 0.440450 0.142857 0.440450 0.104863 0.428468 0.074468 0.411765 0.100304 0.407771 0.138298
0 0.384532 0.392857 0.383805 0.427812 0.394336 0.471884 0.416122 0.487842 0.429920 0.461246 0.429194 0.407295 0.412491 0.272796 0.405592 0.183891 0.399782 0.126900 0.388163 0.087386 0.370733 0.094985
0 0.317720 0.458207 0.320261 0.486322 0.323893 0.528875 0.357298 0.538754 0.373275 0.511398 0.373275 0.464286 0.356572 0.376900 0.355120 0.345745 0.341322 0.306231 0.323893 0.297872 0.300654 0.309271 0.289760 0.353343 0.305011 0.392857
0 0.266521 0.515198 0.282498 0.546353 0.307190 0.550912 0.318809 0.535714 0.322440 0.502280 0.317720 0.451368 0.313362 0.420213 0.311184 0.392857 0.302832 0.354863 0.296659 0.328267 0.285403 0.300912 0.273420 0.285714 0.254539 0.303951 0.248366 0.334347 0.249818 0.379939 0.261075 0.435410 0.267974 0.451368 0.268700 0.480243
0 0.502542 0.408815 0.502542 0.442249 0.512346 0.448328 0.538126 0.448328 0.543210 0.395897 0.548656 0.354863 0.560639 0.302432 0.569717 0.272796 0.578068 0.247720 0.584241 0.224924 0.587872 0.188450 0.580247 0.139818 0.573711 0.135258 0.555556 0.155775 0.546478 0.236322 0.531227 0.278875 0.502542 0.378419
0 0.539579 0.398936 0.536674 0.451368 0.552288 0.458207 0.566086 0.432371 0.573711 0.367781 0.593319 0.285714 0.609296 0.247720 0.623457 0.199848 0.615105 0.171733 0.600944 0.145897 0.575890 0.202888
0 0.580973 0.340426 0.571169 0.376900 0.563907 0.429331 0.570443 0.468845 0.587146 0.471884 0.601670 0.433891 0.612200 0.363222 0.623457 0.322948 0.640886 0.293313 0.656137 0.271277 0.668119 0.233283 0.662672 0.185410 0.648511 0.182371 0.631808 0.217325 0.609296 0.262918
0 0.706609 0.451368 0.697531 0.487842 0.701525 0.538754 0.728032 0.543313 0.749818 0.478723 0.761075 0.399696 0.769426 0.367781 0.770879 0.315350 0.751997 0.294833 0.737110 0.299392 0.722585 0.347264
0 0.708424 0.534195 0.701525 0.569909 0.709877 0.652736 0.726216 0.731763 0.741467 0.775836 0.767974 0.771277 0.776325 0.721884 0.761801 0.641337 0.755265 0.585866 0.753450 0.534195 0.741467 0.535714 0.721133 0.541793
0 0.660494 0.525836 0.655410 0.549392 0.655410 0.589666 0.653958 0.657295 0.656863 0.718845 0.675744 0.759878 0.696805 0.763678 0.709150 0.737842 0.709150 0.661854 0.705882 0.585866 0.709877 0.543313 0.690995 0.528875 0.672113 0.512918
0 0.624183 0.511398 0.621278 0.527356 0.621278 0.578267 0.624909 0.670213 0.624909 0.705167 0.635802 0.760638 0.649964 0.774316 0.658315 0.746201 0.659768 0.641337 0.654684 0.566869 0.659768 0.519757 0.650690 0.506839 0.632534 0.496201
0 0.588598 0.525836 0.590414 0.594225 0.596224 0.682371 0.599492 0.743161 0.609296 0.774316 0.626362 0.763678 0.629630 0.709726 0.622731 0.595745 0.622731 0.540274 0.624909 0.516717 0.612927 0.484802 0.600218 0.486322 0.590414 0.511398
0 0.557734 0.493921 0.557008 0.556231 0.558460 0.633739 0.560639 0.696809 0.561365 0.743161 0.577342 0.766717 0.590051 0.743161 0.592593 0.614742 0.591866 0.532675 0.594045 0.502280 0.589325 0.480243 0.581336 0.473404 0.564633 0.474924
0 0.534132 0.478723 0.534132 0.544833 0.538853 0.633739 0.538126 0.703647 0.550109 0.737842 0.558460 0.724164 0.563181 0.667173 0.561365 0.560790 0.560639 0.499240 0.562092 0.475684 0.552288 0.458207 0.534858 0.461246
0 0.506173 0.502280 0.511619 0.572188 0.513798 0.630699 0.522150 0.698328 0.529049 0.750760 0.551561 0.756839 0.545752 0.677812 0.539579 0.550912 0.534132 0.494681 0.534858 0.471884 0.526870 0.461246 0.520697 0.455927 0.507625 0.452888 0.501816 0.467325
0 0.490559 0.462766 0.481118 0.464286 0.485113 0.522796 0.498548 0.629179 0.499637 0.677812 0.504720 0.746201 0.506173 0.768237 0.520697 0.762158 0.525781 0.720365 0.519245 0.601824 0.512346 0.513678 0.507625 0.464286 0.500363 0.454407
0 0.473856 0.459726 0.462237 0.468845 0.459332 0.489362 0.465505 0.537234 0.476035 0.641337 0.481118 0.684650 0.489470 0.749240 0.499274 0.749240 0.506899 0.734802 0.498548 0.620821 0.492738 0.544833 0.491285 0.496201 0.488744 0.470365
0 0.436819 0.511398 0.436819 0.568389 0.447349 0.660334 0.454975 0.727204 0.465505 0.777356 0.482208 0.791793 0.488744 0.766717 0.477487 0.646657 0.460784 0.481763 0.452433 0.470365 0.435004 0.486322
0 0.403413 0.522796 0.411765 0.582827 0.422295 0.690729 0.423747 0.739362 0.432099 0.781155 0.442629 0.785714 0.453159 0.768237 0.448076 0.652736 0.441903 0.565350 0.440450 0.521277 0.431373 0.493921 0.422295 0.486322
0 0.323893 0.541793 0.322440 0.559271 0.326797 0.603343 0.322440 0.649696 0.314089 0.712766 0.311184 0.749240 0.309005 0.782675 0.317720 0.812310 0.342048 0.820669 0.366376 0.801672 0.377633 0.740881 0.383805 0.655775 0.383805 0.613222 0.388163 0.566869 0.388889 0.540274 0.376180 0.532675 0.355846 0.528875 0.336964 0.538754
0 0.265069 0.553191 0.262527 0.582827 0.260349 0.638298 0.254176 0.677812 0.248366 0.749240 0.249092 0.778875 0.254176 0.810790 0.270153 0.826748 0.288308 0.819149 0.298112 0.784195 0.305737 0.725684 0.326071 0.644377 0.336238 0.576748 0.330065 0.557751 0.318809 0.549392 0.306463 0.543313 0.282498 0.544833 0.272331 0.544833
