0 0.456522 0.551672 0.480014 0.553191 0.484572 0.509119 0.475806 0.293313 0.457924 0.294833 0.455820 0.492401
0 0.438640 0.550152 0.452665 0.541793 0.454769 0.492401 0.456522 0.282675 0.439341 0.291033 0.433029 0.423252 0.434081 0.509119
0 0.404979 0.539514 0.420056 0.565350 0.436185 0.537994 0.436886 0.423252 0.430224 0.237842 0.411290 0.257599 0.409187 0.409574
0 0.388850 0.544833 0.397265 0.561550 0.409187 0.546353 0.415849 0.532675 0.422861 0.426292 0.416199 0.237842 0.399018 0.261398 0.394811 0.446809 0.388850 0.512918
0 0.366059 0.537994 0.380785 0.554711 0.390252 0.541793 0.395863 0.522796 0.394811 0.455167 0.394811 0.240881 0.370968 0.252280 0.371669 0.423252
0 0.334151 0.503040 0.339060 0.533435 0.344320 0.526596 0.372370 0.534954 0.375526 0.517477 0.374825 0.474164 0.373773 0.396657 0.365358 0.274316 0.335203 0.279635 0.336606 0.389818 0.339762 0.441489
0 0.294530 0.485562 0.316269 0.507599 0.335203 0.503040 0.337307 0.424772 0.337307 0.289514 0.308555 0.300152 0.306101 0.386018 0.302244 0.435410
0 0.494039 0.544833 0.517532 0.553191 0.524194 0.534954 0.519635 0.470365 0.521038 0.276596 0.503506 0.286474 0.497195 0.446809 0.492286 0.489362
0 0.525947 0.536474 0.539271 0.544833 0.545582 0.514438 0.545582 0.438450 0.543829 0.281155 0.524194 0.268237 0.528050 0.428571 0.522791 0.500760
0 0.549088 0.537994 0.567321 0.561550 0.577139 0.539514 0.578892 0.433131 0.566620 0.276596 0.551543 0.291793 0.545582 0.465046
0 0.570126 0.519757 0.574334 0.548632 0.593619 0.563830 0.604488 0.536474 0.600631 0.452128 0.605189 0.272796 0.584151 0.281155 0.572581 0.484043
0 0.601332 0.517477 0.621669 0.514438 0.627279 0.504559 0.622370 0.453647 0.622721 0.306991 0.603086 0.313830 0.597475 0.419453 0.597475 0.504559
0 0.622370 0.518237 0.622370 0.460486 0.621669 0.405015 0.626227 0.300152 0.656732 0.306991 0.652875 0.426292 0.668303 0.485562 0.661641 0.525836 0.647265 0.532675 0.632539 0.541033
0 0.675666 0.506079 0.664446 0.492401 0.664797 0.435410 0.666199 0.310030 0.705119 0.298632 0.696353 0.413374 0.709677 0.482523 0.701262 0.499240
0 0.504909 0.573708 0.521388 0.578267 0.520337 0.683131 0.519635 0.797872 0.501753 0.803191 0.499299 0.673252
0 0.524194 0.651216 0.521038 0.576748 0.542076 0.568389 0.540673 0.642857 0.535063 0.808511 0.524194 0.808511
0 0.542076 0.658055 0.543128 0.594225 0.549439 0.575228 0.566620 0.580547 0.568724 0.629179 0.568724 0.686930 0.566620 0.854103 0.549439 0.860942
0 0.573282 0.701368 0.568724 0.632979 0.561010 0.582067 0.576438 0.566869 0.592917 0.579027 0.596774 0.641337 0.601683 0.830547 0.582749 0.833587
0 0.612553 0.723404 0.601332 0.645897 0.586606 0.590426 0.596774 0.560030 0.616410 0.563830 0.622721 0.619301 0.634993 0.708967 0.641304 0.804711 0.624825 0.808511
0 0.664446 0.605623 0.708275 0.731763 0.734572 0.695289 0.717391 0.622340 0.699509 0.573708 0.689691 0.510638 0.672511 0.502280 0.664797 0.532675 0.671459 0.572188
0 0.717742 0.586626 0.694250 0.556991 0.685484 0.529635 0.696353 0.495441 0.710729 0.489362 0.719144 0.477204 0.737027 0.518237 0.771388 0.587386 0.755610 0.630699 0.724404 0.607143
0 0.461080 0.579027 0.482468 0.579027 0.486676 0.671733 0.495091 0.839666 0.479313 0.840426 0.467041 0.650456
0 0.446353 0.578267 0.454769 0.574468 0.461431 0.574468 0.466690 0.633739 0.477209 0.842705 0.460379 0.836626 0.450912 0.707447 0.449860 0.658815 0.443548 0.603343
0 0.422861 0.584347 0.433029 0.563070 0.444951 0.581307 0.450912 0.695289 0.452665 0.856383 0.436886 0.856383 0.429173 0.744681 0.422160 0.643617
0 0.399369 0.580547 0.413394 0.560790 0.424965 0.594225 0.420757 0.686930 0.417251 0.815350 0.396564 0.800152 0.398317 0.645137
0 0.374825 0.603343 0.378682 0.569149 0.391304 0.561550 0.403927 0.577508 0.408485 0.594985 0.400771 0.640578 0.381136 0.799392 0.366410 0.784195 0.371669 0.648176
0 0.308205 0.699848 0.338008 0.626140 0.354839 0.575228 0.354839 0.550152 0.339060 0.536474 0.327840 0.524316 0.312062 0.544073 0.304348 0.588906 0.278752 0.657295 0.271739 0.688450 0.296985 0.727204
0 0.245792 0.577508 0.268233 0.544073 0.279804 0.503799 0.292777 0.487842 0.303296 0.504559 0.315568 0.505319 0.320827 0.531915 0.316971 0.559271 0.296634 0.602584 0.256662 0.656535 0.234572 0.589666
