0 0.507322 0.400931 0.510112 0.623670 0.470711 0.615027 0.473849 0.568484 0.479777 0.378989 0.507671 0.375665 0.507322 0.406250
0 0.479428 0.392952 0.474198 0.568484 0.472106 0.604388 0.455370 0.601729 0.453626 0.574468 0.453278 0.535904 0.460948 0.390957
0 0.445258 0.378989 0.453278 0.546543 0.453975 0.565824 0.453975 0.589096 0.432706 0.598404 0.428522 0.582447 0.423291 0.565160 0.424338 0.547207 0.427476 0.528590 0.420851 0.384309
0 0.415969 0.378989 0.425384 0.517952 0.429568 0.535239 0.429916 0.545213 0.432706 0.555851 0.432706 0.573138 0.430614 0.586436 0.401325 0.599069 0.395397 0.580452 0.397141 0.551862 0.401674 0.533245 0.392259 0.378989
0 0.392259 0.378989 0.401674 0.531915 0.402720 0.555186 0.401325 0.567819 0.397838 0.571809 0.397490 0.586436 0.377964 0.588431 0.372036 0.572473 0.374128 0.556516 0.372036 0.541223 0.372036 0.521277 0.368550 0.380319
0 0.366806 0.380319 0.371688 0.519947 0.371688 0.537234 0.371688 0.543218 0.374128 0.559176 0.369944 0.582447 0.328103 0.581782 0.324268 0.557846 0.325662 0.539229 0.327057 0.509973 0.331241 0.384973
0 0.327406 0.371011 0.327406 0.448138 0.326011 0.478059 0.326709 0.503324 0.326011 0.541223 0.319735 0.579787 0.277545 0.555186 0.281729 0.529920 0.279637 0.520612 0.279986 0.511968 0.283473 0.505319 0.287308 0.484707 0.288006 0.462766 0.289052 0.428191 0.291144 0.363032
0 0.234658 0.511303 0.272315 0.555186 0.280683 0.535904 0.281729 0.527261 0.278940 0.519947 0.279986 0.511303 0.283473 0.505984 0.284519 0.501330 0.286262 0.482713 0.287657 0.466090 0.289749 0.429521 0.294282 0.368351 0.270223 0.353723
0 0.508368 0.384973 0.509066 0.623005 0.550558 0.619681 0.548117 0.563830 0.544979 0.537234 0.543933 0.378324
0 0.543236 0.403590 0.544282 0.539229 0.545328 0.549867 0.547071 0.571809 0.549861 0.601064 0.564156 0.603059 0.569386 0.587766 0.569038 0.559840 0.574965 0.390293
0 0.577755 0.351064 0.569038 0.561170 0.569038 0.606383 0.596932 0.609707 0.596583 0.590426 0.598675 0.588431 0.601116 0.577793 0.602859 0.570479 0.602859 0.563165 0.602510 0.552527 0.601464 0.541888 0.598675 0.527926 0.597629 0.518617 0.597629 0.507979 0.615063 0.343750
0 0.610879 0.384309 0.599721 0.521941 0.593794 0.543883 0.591004 0.556516 0.591004 0.571144 0.591702 0.583112 0.593445 0.588431 0.595886 0.593750 0.598326 0.604388 0.609135 0.605718 0.633891 0.605718 0.633891 0.585106 0.632148 0.544548 0.629010 0.513963 0.630056 0.482713 0.641213 0.378989
0 0.639470 0.396941 0.627266 0.547207 0.626220 0.554521 0.625523 0.563165 0.626569 0.571809 0.629358 0.579787 0.631102 0.586436 0.633891 0.595080 0.635635 0.607048 0.648884 0.605053 0.654463 0.603723 0.659344 0.579122 0.661437 0.566489 0.660391 0.551862 0.659344 0.541223 0.668410 0.388963
0 0.668759 0.394947 0.658996 0.545213 0.656206 0.559176 0.656206 0.569814 0.658298 0.576463 0.659693 0.590426 0.663180 0.605053 0.708508 0.595080 0.710600 0.573803 0.706764 0.547872 0.704324 0.507979 0.708159 0.464096 0.711297 0.394947
0 0.709554 0.392952 0.704672 0.529255 0.710251 0.588431 0.748605 0.569149 0.753487 0.555851 0.753835 0.541888 0.753835 0.533245 0.753835 0.524601 0.752092 0.515957 0.749651 0.508644 0.747211 0.503989 0.744421 0.498670 0.740586 0.489362 0.739888 0.472739 0.740934 0.452128 0.740586 0.426197 0.740934 0.386968
0 0.755579 0.563165 0.774059 0.559176 0.789400 0.537234 0.792538 0.517952 0.763947 0.382979 0.736402 0.397606 0.740934 0.430186 0.740934 0.452128 0.744421 0.495346 0.746513 0.525931 0.747559 0.535239 0.750000 0.537234 0.751743 0.545213
0 0.512204 0.625665 0.510809 0.657580 0.511158 0.686170 0.504184 0.845080 0.522664 0.848404 0.528940 0.720745 0.534868 0.670878 0.539400 0.623670
0 0.539400 0.623670 0.534519 0.670213 0.529289 0.719415 0.524756 0.781250 0.522664 0.865691 0.547420 0.869681 0.554742 0.742021 0.556834 0.692154 0.557880 0.672872 0.559623 0.648936 0.562413 0.623670
0 0.562413 0.619681 0.559623 0.648936 0.557531 0.671543 0.556137 0.695479 0.546374 0.870346 0.577755 0.871676 0.582985 0.701463 0.586471 0.682181 0.588215 0.666888 0.588563 0.653590 0.587517 0.641622 0.584728 0.626330
0 0.585425 0.621676 0.579149 0.648271 0.580893 0.663564 0.584031 0.674867 0.586471 0.683511 0.587517 0.692154 0.592748 0.851729 0.629358 0.841755 0.610530 0.666223 0.609135 0.619681
0 0.611925 0.615691 0.608089 0.632314 0.631799 0.852394 0.671548 0.831117 0.643305 0.611037
0 0.673640 0.625000 0.713738 0.587766 0.728033 0.602394 0.732915 0.626330 0.786960 0.754654 0.735704 0.813165 0.692120 0.696144 0.679568 0.681516
0 0.728382 0.590426 0.727336 0.607713 0.732915 0.626330 0.788354 0.750000 0.828103 0.682181 0.773361 0.553856
0 0.511855 0.624335 0.510112 0.659574 0.510460 0.692154 0.507322 0.808511 0.479079 0.807181 0.489540 0.684176 0.489888 0.658245 0.487448 0.640293 0.488145 0.634309 0.489540 0.621676
0 0.470014 0.618351 0.468619 0.660239 0.464086 0.684840 0.464086 0.698138 0.464086 0.712101 0.460948 0.727394 0.458159 0.742686 0.456067 0.752660 0.455718 0.765957 0.455370 0.789894 0.450837 0.852394 0.479079 0.856383 0.489540 0.685505 0.490934 0.659574 0.491980 0.646277 0.491980 0.632314 0.491980 0.622340
0 0.444909 0.609707 0.460251 0.608378 0.472455 0.615027 0.472455 0.625665 0.468968 0.646941 0.467225 0.668218 0.463738 0.685505 0.463738 0.699468 0.464086 0.713431 0.460251 0.728723 0.457462 0.746011 0.456067 0.752660 0.455718 0.766622 0.453975 0.789894 0.447001 0.874335 0.420502 0.852394 0.442120 0.660239 0.444909 0.646941 0.443863 0.640957
0 0.423291 0.601729 0.445955 0.611702 0.442120 0.640957 0.444909 0.644947 0.442817 0.658910 0.420502 0.831117 0.396444 0.816489 0.415272 0.672872 0.421199 0.625000
0 0.396095 0.601729 0.413877 0.601729 0.422943 0.605718 0.422943 0.625665 0.422594 0.639628 0.422245 0.650266 0.418410 0.657580 0.416318 0.666223 0.409693 0.712766 0.396444 0.833777 0.365063 0.811835 0.389819 0.668883 0.397838 0.650931 0.399233 0.631649 0.397838 0.625000 0.394351 0.621676 0.391911 0.615691 0.390865 0.611702
0 0.353905 0.587101 0.375174 0.596410 0.388424 0.606383 0.395049 0.618351 0.398884 0.627660 0.399233 0.642287 0.393305 0.660904 0.388424 0.672207 0.382148 0.692154 0.378312 0.720080 0.357741 0.813165 0.308926 0.761968 0.343794 0.644947 0.346583 0.630319 0.347280 0.616356 0.348326 0.603059
0 0.304045 0.579122 0.298466 0.605053 0.290446 0.629654 0.236750 0.754654 0.286960 0.805851 0.345188 0.648936 0.346932 0.627660 0.348326 0.617021 0.347978 0.605053 0.346234 0.599734 0.313110 0.574468
0 0.248605 0.541223 0.264644 0.545213 0.272664 0.555186 0.285216 0.561835 0.292887 0.567819 0.302301 0.577128 0.302301 0.590426 0.294282 0.610372 0.285565 0.638298 0.274756 0.669548 0.236053 0.742021 0.197699 0.678191
