0 0.496306 0.474164 0.496978 0.415653 0.495299 0.362462 0.495299 0.317629 0.495299 0.289514 0.492612 0.259878 0.486232 0.236322 0.474815 0.226444 0.469443 0.250760 0.470114 0.313070 0.470786 0.360182 0.471457 0.452888 0.470450 0.473404 0.485561 0.478723
0 0.447616 0.430091 0.447952 0.452128 0.455675 0.471125 0.463398 0.469605 0.471457 0.451368 0.471793 0.408815 0.471793 0.335866 0.471457 0.313830 0.471457 0.286474 0.468435 0.246201 0.466756 0.227964 0.461383 0.213526 0.453660 0.211246 0.448623 0.239362 0.449295 0.292553 0.448623 0.348024
0 0.420081 0.396657 0.422095 0.444529 0.424110 0.473404 0.435527 0.481763 0.441907 0.464286 0.447952 0.433891 0.448959 0.379939 0.448287 0.329787 0.448287 0.297872 0.448287 0.262918 0.442243 0.212766 0.433512 0.202888 0.425453 0.212766 0.421088 0.240881 0.419073 0.314590
0 0.497314 0.403495 0.497985 0.454407 0.497985 0.469605 0.511081 0.478723 0.516454 0.471125 0.521155 0.445289 0.521491 0.348024 0.520819 0.267477 0.516454 0.205167 0.507723 0.193009 0.498993 0.214286
0 0.521491 0.393617 0.523170 0.446049 0.527871 0.464286 0.537609 0.462006 0.544325 0.449088 0.545668 0.422492 0.542646 0.369301 0.539624 0.311550 0.538281 0.267477 0.538617 0.237082 0.538617 0.208967 0.529550 0.197568 0.518469 0.214286
0 0.544325 0.376140 0.544325 0.419453 0.551713 0.448328 0.558428 0.462006 0.566823 0.455927 0.571189 0.424012 0.572532 0.382979 0.572532 0.344225 0.569510 0.302432 0.569510 0.253799 0.568838 0.214286 0.562458 0.193009 0.551041 0.188450 0.545332 0.229483 0.546004 0.286474 0.545332 0.345745
0 0.561115 0.370821 0.559436 0.404255 0.561115 0.431611 0.565480 0.449088 0.574547 0.443769 0.581598 0.458967 0.591001 0.449088 0.593351 0.426292 0.592680 0.390578 0.589993 0.360942 0.590329 0.329027 0.594694 0.294073 0.597045 0.269757 0.596709 0.246201 0.591001 0.223404 0.582270 0.212766 0.573203 0.218085 0.565480 0.233283 0.562458 0.259119
0 0.602082 0.366261 0.597045 0.395137 0.599731 0.428571 0.608462 0.446049 0.618536 0.446809 0.626595 0.454407 0.633647 0.458967 0.637340 0.441489 0.639019 0.407295 0.640027 0.373860 0.643049 0.340426 0.645735 0.315350 0.647414 0.291793 0.649093 0.271277 0.651444 0.246960 0.650101 0.227964 0.648422 0.210486 0.640698 0.197568 0.632304 0.199848 0.623573 0.212766 0.615178 0.239362 0.612156 0.286474 0.609134 0.312310 0.604768 0.344985
0 0.639355 0.408055 0.639355 0.442249 0.649093 0.454407 0.660175 0.452128 0.672263 0.438450 0.675621 0.414894 0.673271 0.389818 0.674950 0.284954 0.673942 0.238602 0.672935 0.221125 0.669913 0.202128 0.663197 0.192249 0.653123 0.202888 0.650101 0.223404
0 0.669241 0.374620 0.669241 0.399696 0.672263 0.425532 0.680994 0.442249 0.690396 0.436930 0.703828 0.412614 0.707858 0.387538 0.699463 0.320669 0.697448 0.278875 0.697448 0.255319 0.696776 0.227964 0.688717 0.217325 0.679651 0.221884 0.674278 0.251520 0.672935 0.288754
0 0.384822 0.386018 0.380121 0.430851 0.380121 0.453647 0.386165 0.468085 0.398590 0.462766 0.405977 0.473404 0.413365 0.451368 0.416051 0.417933 0.416051 0.392857 0.413700 0.343465 0.410343 0.280395 0.402619 0.250760 0.397246 0.227964 0.391874 0.215046 0.378106 0.205927 0.368368 0.216565 0.371054 0.251520 0.377099 0.272036 0.380121 0.288754
0 0.322700 0.401216 0.323371 0.420213 0.331095 0.449848 0.340161 0.442249 0.348556 0.453647 0.356615 0.452128 0.365682 0.431611 0.365682 0.399696 0.357287 0.331307 0.351578 0.282675 0.342848 0.230243 0.334117 0.220365 0.324379 0.226444 0.322700 0.351064
0 0.291807 0.373100 0.289120 0.388298 0.290799 0.412614 0.298858 0.418693 0.302552 0.427812 0.308932 0.443009 0.319342 0.446049 0.335124 0.412614 0.333109 0.354863 0.333109 0.319909 0.331095 0.268237 0.327065 0.232523 0.322364 0.209726 0.313969 0.203647 0.302552 0.225684 0.302216 0.261398 0.299530 0.298632 0.296508 0.350304
0 0.502686 0.492401 0.503022 0.549392 0.503694 0.612462 0.503694 0.670973 0.507388 0.718085 0.516118 0.730243 0.523506 0.705167 0.523506 0.636018 0.521491 0.536474 0.520484 0.497720 0.520484 0.479483
0 0.520819 0.479483 0.520148 0.538754 0.521827 0.603343 0.523506 0.672492 0.527871 0.705927 0.538281 0.715046 0.546340 0.698328 0.541303 0.608663 0.540967 0.543313 0.539624 0.489362 0.537945 0.473404
0 0.543318 0.483283 0.539288 0.499240 0.539288 0.537234 0.545332 0.641337 0.553392 0.725684 0.557085 0.740122 0.566488 0.743921 0.570181 0.712766 0.567159 0.629939 0.563801 0.550152 0.565480 0.509119 0.563130 0.493921 0.552048 0.477964
0 0.562122 0.502280 0.559436 0.517477 0.565480 0.550152 0.567159 0.588146 0.570853 0.641337 0.572532 0.681611 0.574882 0.708207 0.580591 0.721884 0.592344 0.701368 0.588986 0.606383 0.588650 0.562310 0.592008 0.517477 0.587307 0.490881 0.573875 0.474164 0.565816 0.493161
0 0.588650 0.479483 0.581934 0.496960 0.580591 0.525076 0.588986 0.565350 0.589993 0.604103 0.594694 0.662614 0.600403 0.699088 0.606111 0.720365 0.615850 0.722644 0.618536 0.696049 0.611820 0.590426 0.610813 0.550912 0.614506 0.503799 0.609805 0.480243 0.595366 0.473404
0 0.604768 0.472644 0.602754 0.500000 0.608798 0.544073 0.614842 0.606383 0.617529 0.651216 0.621894 0.684650 0.631296 0.711246 0.646743 0.715046 0.659503 0.690729 0.660175 0.633739 0.651444 0.553951 0.652116 0.518997 0.654130 0.490881 0.647750 0.470365 0.640363 0.476444 0.632975 0.470365 0.626259 0.477204 0.617864 0.475684 0.613499 0.465805
0 0.665547 0.477964 0.660510 0.500000 0.664540 0.528116 0.677972 0.549392 0.681666 0.555471 0.697112 0.581307 0.715917 0.612462 0.729349 0.621581 0.741101 0.615502 0.750504 0.587386 0.743452 0.540274 0.725655 0.514438 0.709872 0.477204 0.702149 0.447568 0.687710 0.449088 0.678643 0.458967 0.673271 0.471125
0 0.490934 0.479483 0.485897 0.484802 0.485897 0.602584 0.486232 0.668693 0.488583 0.703647 0.494963 0.723404 0.502686 0.685410 0.502686 0.619301 0.502686 0.557751 0.504030 0.498480 0.504030 0.484802
0 0.465749 0.487082 0.464741 0.510638 0.467764 0.591945 0.468435 0.640578 0.468435 0.682371 0.469443 0.713526 0.477837 0.729483 0.483882 0.686170 0.486232 0.590426 0.486904 0.485562 0.475487 0.484043
0 0.442915 0.496201 0.437542 0.518997 0.437878 0.560030 0.440228 0.600304 0.439221 0.651976 0.444258 0.740122 0.453996 0.762158 0.462391 0.731003 0.463734 0.644377 0.467764 0.570669 0.465413 0.503040 0.458697 0.488602 0.446944 0.494681
0 0.418066 0.503799 0.414372 0.533435 0.413029 0.560790 0.417730 0.622340 0.427132 0.715046 0.430154 0.729483 0.443251 0.722644 0.444929 0.683891 0.440900 0.608663 0.440900 0.573708 0.443922 0.540274 0.447280 0.515957 0.442243 0.507599 0.436870 0.502280 0.430490 0.485562 0.427132 0.485562
0 0.398590 0.498480 0.392210 0.521277 0.390531 0.559271 0.390195 0.598024 0.398590 0.692249 0.400604 0.720365 0.413700 0.724164 0.420081 0.627660 0.420752 0.579027 0.423439 0.528116 0.423439 0.505319 0.418737 0.495441 0.411350 0.503040 0.401612 0.490881
0 0.329752 0.477964 0.322364 0.490122 0.314641 0.529635 0.311283 0.553951 0.303224 0.582827 0.290463 0.620061 0.285426 0.658815 0.295500 0.697568 0.311954 0.703647 0.330087 0.655775 0.355944 0.582827 0.366017 0.549392 0.373405 0.518237 0.373405 0.491641 0.368704 0.484802 0.360645 0.486322 0.341504 0.474164
0 0.281061 0.450608 0.272666 0.476444 0.271323 0.495441 0.259906 0.533435 0.243788 0.563070 0.235729 0.614742 0.258563 0.644377 0.274345 0.632979 0.292814 0.582067 0.305910 0.551672 0.322028 0.519757 0.329416 0.494681 0.325722 0.470365 0.308932 0.458967 0.299194 0.446049 0.288113 0.443009
