0 0.470648 0.389344 0.470648 0.404713 0.474696 0.451844 0.475709 0.481557 0.478239 0.524590 0.480263 0.550205 0.470648 0.568648 0.457996 0.564549 0.450405 0.545082 0.450405 0.507172 0.449393 0.462090 0.447368 0.410861 0.447368 0.381148 0.457996 0.359631
0 0.433704 0.370902 0.433704 0.387295 0.433704 0.436475 0.431680 0.468238 0.429656 0.509221 0.430668 0.546107 0.447368 0.556352 0.453947 0.520492 0.452429 0.469262 0.450405 0.414959 0.450405 0.383197 0.446356 0.363730
0 0.426113 0.365779 0.423077 0.396516 0.423077 0.428279 0.425101 0.471311 0.428644 0.520492 0.423077 0.560451 0.413462 0.548156 0.411437 0.479508 0.407389 0.442623 0.404352 0.375000 0.403340 0.357582 0.414980 0.353484
0 0.399798 0.365779 0.400810 0.391393 0.400810 0.422131 0.403340 0.471311 0.403340 0.498975 0.403340 0.515369 0.403340 0.538934 0.396761 0.548156 0.390688 0.519467 0.390688 0.487705 0.389170 0.442623 0.387146 0.402664 0.385121 0.366803 0.388158 0.345287
0 0.383097 0.355533 0.383097 0.381148 0.383097 0.422131 0.382085 0.455943 0.383097 0.507172 0.382085 0.530738 0.373482 0.530738 0.367409 0.517418 0.366397 0.483607 0.366397 0.438525 0.366397 0.392418 0.365385 0.347336 0.374494 0.343238
0 0.352733 0.366803 0.352733 0.402664 0.354757 0.449795 0.363866 0.498975 0.356781 0.520492 0.344130 0.522541 0.333502 0.513320 0.328441 0.491803 0.328441 0.457992 0.328441 0.420082 0.327429 0.387295 0.327429 0.345287 0.351215 0.338115
0 0.319838 0.351434 0.317814 0.372951 0.316802 0.418033 0.316802 0.447746 0.320850 0.473361 0.323887 0.493852 0.309211 0.507172 0.292510 0.496926 0.286943 0.473361 0.285931 0.443648 0.288462 0.424180 0.290486 0.394467 0.291498 0.365779 0.292510 0.338115 0.303138 0.327869
0 0.484312 0.368852 0.487348 0.402664 0.490385 0.445697 0.490385 0.475410 0.486336 0.509221 0.484312 0.534836 0.490891 0.558402 0.507591 0.558402 0.510628 0.546107 0.511640 0.522541 0.510628 0.481557 0.506579 0.430328 0.503543 0.391393 0.503543 0.349385
0 0.509615 0.351434 0.508603 0.370902 0.505567 0.406762 0.505567 0.442623 0.507591 0.479508 0.508603 0.513320 0.519231 0.543033 0.534919 0.545082 0.536943 0.522541 0.534919 0.481557 0.528846 0.440574 0.527328 0.398566 0.526316 0.361680 0.522267 0.334016 0.515688 0.327869
0 0.539980 0.345287 0.534919 0.365779 0.531883 0.412910 0.531883 0.455943 0.533907 0.494877 0.538968 0.513320 0.543522 0.526639 0.549595 0.546107 0.555162 0.534836 0.559211 0.519467 0.559211 0.503074 0.553644 0.477459 0.553644 0.434426 0.553644 0.398566 0.553644 0.366803
0 0.553644 0.331967 0.553644 0.379098 0.553644 0.428279 0.553644 0.464139 0.562247 0.511270 0.573887 0.520492 0.580466 0.509221 0.579453 0.466189 0.572874 0.420082 0.573887 0.361680 0.573887 0.319672 0.566802 0.298156 0.554150 0.308402
0 0.580466 0.314549 0.573887 0.370902 0.573887 0.404713 0.573887 0.436475 0.573887 0.460041 0.583502 0.513320 0.599190 0.503074 0.599190 0.473361 0.597166 0.430328 0.594130 0.391393 0.601215 0.323770 0.595142 0.306352
0 0.609818 0.319672 0.606781 0.353484 0.600202 0.389344 0.597166 0.426230 0.597166 0.457992 0.601215 0.483607 0.632085 0.496926 0.639170 0.466189 0.635121 0.436475 0.630061 0.381148 0.634109 0.347336 0.630061 0.317623 0.619433 0.302254
0 0.642206 0.312500 0.638158 0.327869 0.633097 0.392418 0.630061 0.440574 0.648785 0.479508 0.665486 0.473361 0.670040 0.442623 0.659413 0.385246 0.655364 0.347336 0.655364 0.321721
0 0.485324 0.725410 0.484312 0.699795 0.476721 0.637295 0.475709 0.607582 0.483300 0.590164 0.492915 0.590164 0.492915 0.617828 0.496964 0.656762 0.502024 0.686475 0.501012 0.705943 0.501012 0.733607
0 0.510628 0.743852 0.514676 0.710041 0.517206 0.671107 0.517206 0.639344 0.522267 0.601434 0.516194 0.577869 0.505567 0.579918 0.503036 0.613730 0.503036 0.664959 0.501012 0.712090
0 0.548583 0.750000 0.545547 0.698770 0.542510 0.658811 0.538968 0.613730 0.534919 0.592213 0.519231 0.586066 0.518219 0.605533 0.518219 0.648566 0.522267 0.688525 0.527328 0.716189 0.530870 0.751025 0.538968 0.765369
0 0.570850 0.733607 0.568826 0.694672 0.566296 0.664959 0.566296 0.627049 0.563259 0.592213 0.559211 0.575820 0.551619 0.571721 0.540992 0.577869 0.540992 0.617828 0.540992 0.635246 0.546559 0.673156 0.550607 0.707992 0.553644 0.729508 0.559211 0.751025
0 0.592105 0.712090 0.592105 0.688525 0.588563 0.641393 0.587551 0.605533 0.586538 0.584016 0.577935 0.562500 0.565283 0.558402 0.560223 0.570697 0.565283 0.613730 0.567814 0.654713 0.573887 0.688525 0.581478 0.714139 0.592105 0.733607
0 0.636134 0.678279 0.635121 0.662910 0.632085 0.625000 0.627530 0.588115 0.624494 0.566598 0.620445 0.552254 0.610830 0.545082 0.599190 0.545082 0.577935 0.550205 0.585526 0.594262 0.595142 0.629098 0.602227 0.660861 0.608806 0.684426 0.617409 0.703893
0 0.674089 0.619877 0.669028 0.603484 0.664474 0.571721 0.657389 0.543033 0.646761 0.507172 0.632085 0.515369 0.624494 0.534836 0.620445 0.556352 0.623482 0.594262 0.646761 0.652664 0.656377 0.669057 0.669028 0.652664
0 0.710020 0.596311 0.704453 0.570697 0.697368 0.536885 0.692814 0.509221 0.681680 0.483607 0.669028 0.485656 0.656377 0.507172 0.653846 0.526639 0.662449 0.556352 0.676113 0.590164 0.689777 0.613730 0.701417 0.625000 0.711032 0.615779
0 0.476721 0.739754 0.479251 0.710041 0.480263 0.650615 0.480263 0.613730 0.480263 0.592213 0.466599 0.588115 0.459008 0.597336 0.461032 0.622951 0.463057 0.660861 0.464069 0.698770 0.464069 0.743852
0 0.460020 0.757172 0.461032 0.737705 0.461032 0.694672 0.461032 0.641393 0.463057 0.609631 0.462045 0.579918 0.451417 0.573770 0.445344 0.586066 0.445344 0.627049 0.445344 0.662910 0.445344 0.694672 0.444332 0.739754 0.444332 0.759221
0 0.421053 0.769467 0.426113 0.743852 0.431680 0.712090 0.437753 0.678279 0.443320 0.647541 0.444332 0.596311 0.438765 0.577869 0.428644 0.575820 0.424089 0.596311 0.423077 0.617828 0.423077 0.639344 0.419028 0.686475 0.418016 0.712090
0 0.402328 0.757172 0.411437 0.718238 0.415992 0.688525 0.415992 0.662910 0.419028 0.615779 0.414474 0.579918 0.398785 0.581967 0.397773 0.613730 0.397773 0.647541 0.395749 0.690574 0.394737 0.722336
0 0.381073 0.735656 0.381073 0.714139 0.387146 0.680328 0.392713 0.643443 0.394737 0.611680 0.394737 0.577869 0.387146 0.573770 0.378036 0.575820 0.372470 0.603484 0.373482 0.639344 0.372470 0.678279 0.366397 0.727459
0 0.300607 0.682377 0.312247 0.671107 0.328441 0.637295 0.342105 0.601434 0.343117 0.575820 0.339069 0.548156 0.321862 0.540984 0.314777 0.543033 0.307186 0.571721 0.298583 0.609631 0.289474 0.643443 0.284919 0.673156
0 0.255567 0.633197 0.270243 0.625000 0.293522 0.596311 0.309211 0.573770 0.314777 0.540984 0.298583 0.528689 0.280870 0.520492 0.270243 0.526639 0.263158 0.546107 0.252530 0.575820 0.241903 0.601434 0.237348 0.633197
0 0.650304 0.304303 0.664980 0.269467 0.678644 0.268443 0.690789 0.307377 0.693826 0.346311 0.680162 0.366803 0.663968 0.363730 0.652328 0.342213
