0 0.470965 0.610182 0.485216 0.615502 0.504809 0.617021 0.505522 0.546353 0.493766 0.363222 0.467759 0.366261 0.475597 0.461246 0.476665 0.506839 0.470965 0.549392 0.468115 0.589666
0 0.451372 0.599544 0.461703 0.606383 0.470609 0.596505 0.470253 0.544833 0.469540 0.525836 0.469897 0.471884 0.466334 0.366261 0.453153 0.368541 0.451372 0.496201 0.446740 0.542553 0.446028 0.566869 0.447809 0.584347
0 0.419665 0.589666 0.428571 0.603343 0.439971 0.601824 0.447453 0.584347 0.449947 0.568389 0.450303 0.539514 0.441397 0.477204 0.438546 0.411854 0.426790 0.332067 0.411115 0.340426 0.419309 0.397416 0.420734 0.466565 0.418953 0.516717 0.416815 0.568389
0 0.391165 0.591185 0.400071 0.601824 0.410759 0.603343 0.416459 0.591185 0.424653 0.591185 0.431065 0.587386 0.432134 0.554711 0.427503 0.508359 0.418596 0.427052 0.408265 0.345745 0.396865 0.352584 0.396865 0.447568 0.395796 0.511398 0.395084 0.541033 0.390096 0.582827
0 0.376559 0.610182 0.384040 0.604863 0.394371 0.601824 0.398646 0.589666 0.397221 0.544833 0.395440 0.482523 0.394015 0.432371 0.395796 0.363222 0.386177 0.368541 0.377271 0.446049 0.372996 0.499240 0.369790 0.544833 0.368365 0.563830 0.365159 0.572188 0.366940 0.594225
0 0.335946 0.610182 0.340933 0.608663 0.346633 0.606383 0.354827 0.617021 0.368721 0.611702 0.372640 0.596505 0.372996 0.556231 0.368365 0.492401 0.365159 0.437690 0.360171 0.380699 0.321340 0.411854 0.326683 0.451368 0.325971 0.478723 0.330602 0.515198 0.323833 0.563830 0.321340 0.589666 0.328821 0.610182
0 0.282152 0.582827 0.293908 0.580547 0.303883 0.589666 0.310296 0.599544 0.317777 0.594225 0.322052 0.591185 0.326683 0.561550 0.322052 0.499240 0.325258 0.459726 0.324546 0.416413 0.303527 0.368541 0.287496 0.383739 0.287496 0.461246 0.292483 0.485562 0.282864 0.523556 0.275027 0.542553 0.273602 0.556231 0.276095 0.579027
0 0.509084 0.615502 0.518347 0.618541 0.530103 0.613222 0.541147 0.599544 0.539722 0.551672 0.533310 0.501520 0.535447 0.463526 0.535447 0.416413 0.538297 0.351064 0.525472 0.354863 0.517634 0.439210 0.518347 0.458207 0.507659 0.496201 0.504097 0.535714 0.505522 0.599544
0 0.540791 0.604863 0.556822 0.601824 0.561454 0.589666 0.562879 0.565350 0.564660 0.535714 0.562879 0.518237 0.557535 0.401216 0.551122 0.347264 0.539722 0.354863 0.539010 0.456687 0.541147 0.537234 0.539722 0.556231
0 0.562522 0.585866 0.571072 0.610182 0.581404 0.615502 0.589597 0.604863 0.595654 0.584347 0.594229 0.528875 0.596722 0.468845 0.598504 0.333587 0.581047 0.337386 0.573566 0.446049 0.572141 0.492401 0.561810 0.541033 0.560385 0.575228
0 0.589241 0.606383 0.600998 0.596505 0.609904 0.610182 0.617029 0.620821 0.627716 0.598024 0.629498 0.579027 0.627360 0.528875 0.622016 0.439210 0.615248 0.318389 0.596722 0.330547 0.598504 0.420213 0.590310 0.511398 0.585322 0.547872 0.581047 0.573708 0.581404 0.592705
0 0.625579 0.599544 0.635910 0.611702 0.645173 0.610182 0.650517 0.601824 0.654435 0.585866 0.656217 0.551672 0.651585 0.534195 0.643748 0.420213 0.625223 0.347264 0.610260 0.361702 0.624510 0.439210 0.627716 0.480243 0.628785 0.534195 0.624154 0.554711 0.622373 0.580547
0 0.680086 0.579027 0.689348 0.580547 0.706092 0.575228 0.721411 0.558511 0.724973 0.534195 0.717848 0.515198 0.715711 0.492401 0.720698 0.465046 0.725330 0.432371 0.724617 0.371581 0.699679 0.371581 0.689704 0.428571 0.684004 0.468845 0.684004 0.490881 0.677235 0.528875 0.672604 0.534195 0.672960 0.554711 0.674742 0.570669
0 0.499466 0.653495 0.524403 0.641337 0.526897 0.708207 0.529035 0.865502 0.509797 0.865502 0.506234 0.786474 0.506591 0.725684 0.498753 0.665653
0 0.524403 0.648176 0.530460 0.636018 0.544353 0.637538 0.552547 0.651216 0.552547 0.672492 0.548628 0.876140 0.535803 0.872340 0.533666 0.729483 0.526897 0.679331
0 0.554685 0.653495 0.561454 0.640578 0.574635 0.645897 0.578197 0.655775 0.580691 0.667933 0.582472 0.721884 0.583897 0.768237 0.583185 0.823708 0.573210 0.897416 0.558603 0.892857 0.552903 0.723404 0.550410 0.692249
0 0.578910 0.674772 0.595297 0.640578 0.600998 0.642097 0.604204 0.650456 0.609904 0.659574 0.612398 0.669453 0.615604 0.724924 0.612754 0.742401 0.599929 0.897416 0.582116 0.889058 0.583541 0.756079 0.583541 0.719605
0 0.615604 0.654255 0.627004 0.648936 0.630923 0.654255 0.633416 0.645897 0.645173 0.638298 0.652298 0.659574 0.654435 0.678571 0.659423 0.705927 0.665835 0.745441 0.671535 0.778875 0.673317 0.830547 0.670467 0.870061 0.662273 0.921733 0.643392 0.913374 0.655504 0.861702 0.653723 0.821429 0.646598 0.797872 0.623798 0.718085 0.615960 0.712766 0.612398 0.680091
0 0.644460 0.631459 0.653723 0.623100 0.665835 0.623100 0.672960 0.617781 0.692554 0.623100 0.695404 0.636778 0.697186 0.674772 0.705379 0.721884 0.738511 0.802432 0.710011 0.849544 0.691842 0.819909 0.682223 0.794073 0.669398 0.764438 0.664410 0.740881 0.662273 0.702888 0.654792 0.676292 0.647667 0.661094 0.642679 0.647416
0 0.682223 0.609422 0.702173 0.602584 0.707161 0.593465 0.721767 0.578267 0.728892 0.576748 0.736373 0.593465 0.739936 0.616261 0.745280 0.645897 0.774136 0.762918 0.748842 0.795593 0.722836 0.747720 0.717136 0.726444 0.710011 0.693769 0.691129 0.647416 0.680798 0.626900
0 0.473815 0.643617 0.485928 0.645897 0.500534 0.652736 0.500891 0.702888 0.508372 0.856383 0.486284 0.859422 0.476665 0.714286 0.474172 0.688450 0.472747 0.657295
0 0.449590 0.638298 0.456715 0.635258 0.467759 0.642097 0.472747 0.650456 0.475597 0.707447 0.487709 0.876900 0.467047 0.878419 0.453509 0.738602 0.449234 0.680091 0.447453 0.650456
0 0.424653 0.648936 0.429996 0.633739 0.439971 0.629939 0.447097 0.648936 0.452084 0.669453 0.454578 0.705927 0.454222 0.749240 0.463484 0.899696 0.444247 0.902736 0.438546 0.842705 0.423228 0.769757 0.421803 0.724924 0.422871 0.680091
0 0.391877 0.647416 0.397577 0.635258 0.411115 0.629179 0.418596 0.636778 0.427503 0.654255 0.423228 0.680091 0.422159 0.717325 0.421090 0.811550 0.409334 0.873860 0.394371 0.867021 0.404346 0.813830 0.400784 0.742401 0.396865 0.684650
0 0.361952 0.654255 0.368009 0.639818 0.374421 0.636778 0.384752 0.635258 0.395796 0.645897 0.401140 0.658055 0.400784 0.672492 0.396152 0.703647 0.390452 0.803191 0.376559 0.898176 0.357321 0.893617 0.365871 0.819909 0.361596 0.753799 0.361596 0.719605 0.359458 0.715805 0.359458 0.690729
0 0.284289 0.600304 0.294621 0.606383 0.304239 0.613222 0.311008 0.618541 0.319558 0.632979 0.326327 0.647416 0.330958 0.664134 0.326683 0.693009 0.319202 0.707447 0.306377 0.712766 0.292839 0.741641 0.251870 0.824468 0.223726 0.752280 0.245102 0.701368 0.271464 0.649696 0.270039 0.641337 0.271108 0.629179 0.275027 0.617021 0.279302 0.604863
