0 0.446472 0.502280 0.459108 0.515957 0.479466 0.511398 0.484029 0.504559 0.487188 0.453647 0.478413 0.230243 0.455247 0.234043 0.448929 0.365502 0.449631 0.405015 0.445770 0.445289 0.443313 0.480243
0 0.426816 0.493921 0.444015 0.492401 0.448227 0.465046 0.449631 0.424772 0.454896 0.362462 0.452790 0.215805 0.431028 0.224164 0.424710 0.259119 0.422955 0.351824 0.421551 0.380699 0.420849 0.411094 0.420147 0.471884
0 0.487188 0.510638 0.517375 0.514438 0.522289 0.511398 0.524395 0.465046 0.524746 0.404255 0.526150 0.228723 0.505090 0.246201 0.496665 0.287994 0.493155 0.391337 0.492453 0.430091 0.487890 0.457447 0.485433 0.495441
0 0.523693 0.502280 0.531415 0.509119 0.545806 0.511398 0.551773 0.487082 0.552826 0.450608 0.550369 0.231003 0.530011 0.243921 0.528607 0.313830 0.528256 0.358663 0.526852 0.411094 0.524395 0.462006
0 0.547912 0.484043 0.555634 0.503040 0.573535 0.512918 0.582310 0.490881 0.582310 0.446809 0.577396 0.185410 0.563707 0.193769 0.553528 0.249240 0.547912 0.344225 0.552475 0.384498 0.553528 0.423252 0.548614 0.462006
0 0.611794 0.462006 0.612496 0.436930 0.618814 0.411094 0.624430 0.381459 0.629695 0.336626 0.641629 0.212006 0.670411 0.212006 0.696034 0.231003 0.689014 0.279635 0.676729 0.325228 0.665848 0.374620 0.664795 0.389058 0.664795 0.448328 0.661636 0.475684 0.653212 0.496201 0.639874 0.492401 0.623728 0.484043
0 0.664093 0.434650 0.666550 0.405015 0.673570 0.365502 0.680590 0.298632 0.686206 0.243921 0.727975 0.271277 0.721657 0.321429 0.713935 0.365502 0.709372 0.389818 0.708670 0.416413 0.704107 0.458967 0.694630 0.470365 0.678133 0.474164 0.669007 0.465805
0 0.517726 0.551672 0.522289 0.547872 0.533170 0.547872 0.539488 0.580547 0.533170 0.632979 0.526852 0.686170 0.512812 0.771277 0.513514 0.743921 0.512812 0.703647 0.512812 0.649696
0 0.537733 0.531155 0.544051 0.537994 0.557389 0.544833 0.559495 0.587386 0.554932 0.639058 0.551071 0.735562 0.540190 0.794833 0.532468 0.745441 0.531766 0.680091 0.533872 0.627660 0.534574 0.568389
0 0.558793 0.588906 0.553528 0.561550 0.552826 0.534954 0.554230 0.526596 0.568972 0.514438 0.584416 0.522796 0.587926 0.551672 0.585469 0.594225 0.583714 0.645897 0.586171 0.715046 0.585469 0.769757 0.581608 0.797872 0.570727 0.806231 0.561250 0.771277 0.563356 0.737082 0.562654 0.696809 0.559846 0.617021
0 0.616006 0.636018 0.608986 0.602584 0.607231 0.576748 0.607231 0.565350 0.618112 0.554711 0.630748 0.553191 0.633907 0.580547 0.636013 0.632979 0.642331 0.671733 0.650755 0.721884 0.651106 0.740881 0.630748 0.740881 0.619516 0.680091
0 0.712531 0.640578 0.706915 0.632219 0.692875 0.602584 0.683749 0.590426 0.675676 0.571429 0.669709 0.544833 0.670411 0.532675 0.674272 0.518237 0.685153 0.509119 0.691471 0.503040 0.699895 0.490881 0.705511 0.482523 0.718849 0.500760 0.729730 0.529635 0.752194 0.572188 0.756757 0.582067 0.758512 0.608663 0.757810 0.630699 0.736048 0.662614
0 0.491751 0.568389 0.503686 0.563830 0.517726 0.563830 0.515971 0.600304 0.511408 0.661094 0.511408 0.724164 0.503686 0.781155 0.492453 0.753799 0.492453 0.693769 0.492453 0.636018 0.492453 0.594225
0 0.470691 0.565350 0.487890 0.566869 0.494910 0.573708 0.495612 0.620821 0.492453 0.695289 0.484731 0.779635 0.475956 0.781155 0.470691 0.734043 0.470691 0.677812 0.470691 0.617781
0 0.438048 0.613982 0.434889 0.595745 0.438048 0.572188 0.446472 0.556231 0.451035 0.547872 0.469989 0.553191 0.477009 0.560030 0.473850 0.595745 0.468936 0.654255 0.464373 0.708207 0.451386 0.823708 0.427869 0.814590 0.430326 0.747720 0.434889 0.684650 0.438048 0.642857
0 0.395928 0.727204 0.399789 0.703647 0.412776 0.623860 0.424710 0.571429 0.426816 0.547872 0.427869 0.526596 0.438750 0.566869 0.442611 0.590426 0.436293 0.625380 0.423306 0.680091 0.416286 0.725684 0.408213 0.747720 0.397332 0.765957
0 0.372411 0.731763 0.372411 0.693009 0.379431 0.639058 0.385749 0.585106 0.391716 0.532675 0.395928 0.502280 0.408213 0.495441 0.422955 0.509119 0.431028 0.521277 0.422253 0.572188 0.405054 0.642857 0.397332 0.686930 0.387855 0.727204 0.374166 0.764438
0 0.321867 0.727204 0.333450 0.667933 0.342225 0.607143 0.352755 0.544833 0.353808 0.496201 0.356616 0.478723 0.379431 0.477204 0.409968 0.502280 0.414531 0.506079 0.408915 0.537994 0.394173 0.585106 0.390312 0.617021 0.367146 0.756079 0.350649 0.769757 0.328185 0.749240
0 0.281853 0.712006 0.283608 0.659574 0.288873 0.608663 0.293787 0.568389 0.304668 0.519757 0.313092 0.482523 0.316251 0.452128 0.335907 0.460486 0.363987 0.470365 0.367848 0.487082 0.362934 0.519757 0.348192 0.583587 0.332748 0.683131 0.315549 0.721884 0.282906 0.728723
0 0.244647 0.652736 0.253071 0.568389 0.254826 0.521277 0.265005 0.480243 0.271674 0.446809 0.275535 0.436930 0.306774 0.441489 0.316953 0.441489 0.316953 0.477204 0.306774 0.532675 0.299754 0.575228 0.294489 0.601824 0.276588 0.640578 0.258687 0.652736
