0 0.475520 0.339666 0.471496 0.369301 0.468478 0.413374 0.469484 0.458207 0.473508 0.556991 0.492287 0.567629 0.502012 0.556991 0.502012 0.518997 0.500000 0.467325 0.497988 0.398176 0.497988 0.364742 0.500000 0.335866 0.496982 0.313070 0.477197 0.317629
0 0.457746 0.310790 0.455734 0.337386 0.454728 0.369301 0.452716 0.411094 0.447686 0.474164 0.446680 0.491641 0.448692 0.534195 0.455734 0.563830 0.466465 0.563830 0.468478 0.516717 0.466465 0.436170 0.468478 0.379939 0.473508 0.326748 0.476526 0.297872
0 0.443662 0.315350 0.439973 0.341945 0.439973 0.369301 0.446680 0.413374 0.446680 0.462766 0.445674 0.505319 0.441985 0.538754 0.425218 0.541033 0.416164 0.521277 0.418176 0.460486 0.423206 0.415653 0.426224 0.348784 0.426224 0.317629 0.429913 0.297872
0 0.408451 0.303951 0.404427 0.322188 0.401408 0.357903 0.400402 0.379939 0.396378 0.436170 0.393360 0.489362 0.397384 0.531915 0.426895 0.536474 0.440979 0.514438 0.423206 0.443009 0.420188 0.393617 0.427901 0.326748 0.426895 0.279635 0.404427 0.277356
0 0.353119 0.288754 0.351107 0.319909 0.351107 0.357903 0.351107 0.384498 0.350101 0.429331 0.349095 0.458207 0.350101 0.491641 0.359826 0.514438 0.373910 0.527356 0.384641 0.527356 0.393360 0.514438 0.397384 0.469605 0.387659 0.413374 0.386653 0.369301 0.386653 0.324468 0.384641 0.291033 0.366868 0.259878 0.351107 0.265957
0 0.319584 0.263678 0.319584 0.286474 0.319584 0.329027 0.317572 0.375380 0.316566 0.433891 0.315560 0.465046 0.315560 0.489362 0.334339 0.514438 0.341382 0.509878 0.347082 0.493921 0.352113 0.443009 0.353119 0.367021 0.354125 0.306231 0.356137 0.279635 0.337357 0.253040
0 0.510731 0.310790 0.510060 0.337386 0.506036 0.364742 0.501006 0.402736 0.500000 0.447568 0.498994 0.487082 0.500000 0.512158 0.503018 0.543313 0.519785 0.556991 0.529510 0.550152 0.529510 0.500760 0.527498 0.429331 0.528504 0.331307 0.522803 0.299392
0 0.532529 0.313070 0.529510 0.337386 0.525822 0.389058 0.524816 0.438450 0.524816 0.481003 0.524816 0.525076 0.531522 0.543313 0.544266 0.543313 0.554326 0.493921 0.552314 0.424772 0.549296 0.362462 0.552314 0.313070
0 0.558350 0.306231 0.555332 0.331307 0.553320 0.386778 0.553320 0.449088 0.553320 0.496201 0.555332 0.527356 0.566063 0.541033 0.570087 0.509878 0.571093 0.451368 0.576123 0.395897 0.577800 0.319909 0.573105 0.281915 0.558350 0.279635
0 0.583836 0.293313 0.581824 0.326748 0.577800 0.373100 0.572099 0.417933 0.564051 0.458207 0.561033 0.512158 0.576123 0.521277 0.584842 0.521277 0.596579 0.514438 0.594567 0.469605 0.594567 0.438450 0.596579 0.384498 0.607646 0.308511 0.594567 0.270517
0 0.602616 0.308511 0.601610 0.322188 0.595573 0.362462 0.593561 0.382219 0.588867 0.407295 0.586854 0.433891 0.582830 0.496201 0.593561 0.531915 0.611335 0.531915 0.615359 0.498480 0.613347 0.431611 0.613347 0.353343 0.623407 0.284195
0 0.628102 0.288754 0.620389 0.326748 0.617371 0.360182 0.616365 0.377660 0.616365 0.400456 0.614353 0.427052 0.613347 0.447568 0.611335 0.481003 0.610329 0.500760 0.612341 0.518997 0.625419 0.529635 0.643863 0.525076 0.648893 0.507599 0.648893 0.481003 0.648893 0.429331 0.649899 0.384498 0.652918 0.339666 0.655936 0.293313 0.651911 0.277356 0.643192 0.275076
0 0.661636 0.268237 0.651911 0.331307 0.643863 0.400456 0.642186 0.431611 0.643863 0.481003 0.660630 0.493921 0.667673 0.496201 0.680416 0.489362 0.685446 0.474164 0.686452 0.449088 0.685446 0.420213 0.681422 0.386778 0.680416 0.337386 0.680416 0.308511 0.676727 0.259878
0 0.522803 0.759878 0.513749 0.630699 0.507042 0.581307 0.523810 0.581307 0.528504 0.597264 0.529510 0.632979 0.529510 0.659574 0.529510 0.695289 0.529510 0.731003 0.532529 0.768997
0 0.528504 0.567629 0.526492 0.590426 0.525822 0.610182 0.524816 0.659574 0.528504 0.688450 0.531522 0.715805 0.536553 0.778116 0.546278 0.793313 0.548290 0.731003 0.549296 0.677812 0.547284 0.630699 0.546278 0.585866 0.546278 0.559271
0 0.544266 0.567629 0.540577 0.597264 0.546278 0.683891 0.546278 0.699848 0.549296 0.746960 0.558350 0.784954 0.565057 0.809271 0.571093 0.762158 0.574111 0.704407 0.574111 0.661854 0.571093 0.628419 0.568075 0.599544 0.562039 0.574468
0 0.575117 0.567629 0.559356 0.588146 0.559356 0.603343 0.559356 0.626140 0.559356 0.650456 0.564051 0.681611 0.569081 0.724164 0.573105 0.755319 0.578806 0.789514 0.589873 0.778116 0.589873 0.733283 0.590879 0.677812 0.590879 0.628419 0.586854 0.579027
0 0.589873 0.563830 0.581824 0.569909 0.580818 0.588146 0.582830 0.614742 0.592891 0.661854 0.594567 0.693009 0.599598 0.728723 0.603622 0.768997 0.613347 0.775836 0.614353 0.702128 0.610329 0.664134 0.609658 0.623860 0.607646 0.592705 0.604628 0.565350
0 0.637156 0.559271 0.632126 0.574468 0.633132 0.610182 0.643192 0.641337 0.655936 0.666413 0.670691 0.713526 0.687458 0.733283 0.697183 0.706687 0.699195 0.668693 0.692488 0.623860 0.675721 0.574468 0.662643 0.541033
0 0.702213 0.503040 0.676727 0.514438 0.676727 0.552432 0.686452 0.581307 0.696177 0.610182 0.709256 0.655015 0.725017 0.666413 0.736754 0.650456 0.736754 0.599544 0.725017 0.563830 0.719987 0.529635
0 0.495976 0.572188 0.495976 0.605623 0.495976 0.650456 0.497988 0.721884 0.505030 0.780395 0.511737 0.784954 0.516767 0.751520 0.519785 0.681611 0.518779 0.621581 0.508048 0.594985
0 0.478203 0.572188 0.476526 0.599544 0.476526 0.655015 0.475520 0.742401 0.477197 0.800152 0.489269 0.789514 0.493964 0.688450 0.495976 0.628419 0.496982 0.576748
0 0.459759 0.590426 0.456740 0.632979 0.450704 0.681611 0.449698 0.719605 0.453722 0.791793 0.461435 0.818389 0.469484 0.733283 0.483233 0.597264
0 0.442991 0.590426 0.433937 0.605623 0.432931 0.639818 0.436955 0.683891 0.435949 0.746960 0.435949 0.787234 0.440979 0.800152 0.457746 0.753799 0.467471 0.666413 0.466465 0.635258 0.462441 0.610182 0.456740 0.590426
0 0.424212 0.576748 0.412140 0.579027 0.409457 0.594985 0.396378 0.648176 0.393360 0.670973 0.383635 0.733283 0.394366 0.778116 0.409457 0.795593 0.426224 0.753799 0.432931 0.641337 0.443662 0.592705
0 0.381623 0.550152 0.378605 0.579027 0.373910 0.623860 0.369886 0.670973 0.359826 0.737842 0.362844 0.762158 0.379611 0.764438 0.390677 0.740122 0.400402 0.702128 0.403421 0.623860 0.410127 0.579027 0.406439 0.559271
0 0.341382 0.545593 0.330315 0.561550 0.316566 0.599544 0.308518 0.626140 0.300805 0.666413 0.310530 0.724164 0.326291 0.719605 0.348089 0.657295 0.365862 0.605623 0.377599 0.565350 0.361838 0.527356
