0 0.467052 0.559271 0.478261 0.565350 0.495245 0.557751 0.494226 0.506839 0.490489 0.404255 0.485394 0.252280 0.471128 0.259119 0.469429 0.439970 0.469090 0.506839
0 0.450747 0.553951 0.460598 0.560030 0.466033 0.550912 0.467731 0.490881 0.469429 0.395137 0.466033 0.282675 0.447690 0.286474 0.451427 0.422492 0.451427 0.488602
0 0.426630 0.550152 0.435462 0.565350 0.450068 0.553951 0.452106 0.516717 0.447690 0.420213 0.440217 0.284195 0.425611 0.288754 0.426630 0.401976 0.425611 0.463526
0 0.405571 0.512918 0.409307 0.544833 0.415761 0.550152 0.425611 0.535714 0.435462 0.534195 0.436141 0.483283 0.436141 0.362462 0.430707 0.279635 0.415082 0.286474 0.407609 0.413374
0 0.388587 0.526596 0.392663 0.535714 0.405231 0.530395 0.416780 0.514438 0.417459 0.463526 0.407609 0.366261 0.395720 0.266717 0.375679 0.278875 0.388247 0.380699 0.392323 0.459726 0.388247 0.503799
0 0.358356 0.493161 0.354280 0.528875 0.358696 0.550152 0.371264 0.545593 0.388587 0.552432 0.396739 0.537994 0.397418 0.485562 0.388247 0.342705 0.385190 0.284954 0.365829 0.300912 0.363451 0.426292
0 0.317935 0.506839 0.323030 0.523556 0.333220 0.521277 0.344769 0.537994 0.358356 0.539514 0.362772 0.494681 0.364810 0.436930 0.359375 0.358663 0.351223 0.275836 0.330163 0.270517 0.327785 0.376900 0.323030 0.459726
0 0.284986 0.439970 0.282269 0.456687 0.284986 0.481763 0.296196 0.474924 0.310802 0.500000 0.320312 0.494681 0.329484 0.476444 0.330163 0.424012 0.327785 0.354863 0.324389 0.252280 0.309103 0.259119 0.301291 0.344225 0.293818 0.396657
0 0.495245 0.561550 0.521739 0.561550 0.521060 0.498480 0.508832 0.311550 0.489470 0.313830 0.496943 0.436170 0.496603 0.497720 0.492867 0.545593
0 0.519361 0.548632 0.525815 0.556231 0.538723 0.554711 0.544497 0.537994 0.541440 0.492401 0.539062 0.374620 0.531590 0.307751 0.520380 0.319149 0.518003 0.378419 0.516984 0.430851 0.518003 0.494681 0.518003 0.527356
0 0.541101 0.512918 0.545516 0.544833 0.551630 0.550912 0.562500 0.535714 0.567255 0.471125 0.562500 0.384498 0.558424 0.313830 0.540421 0.322948 0.542799 0.447568 0.541440 0.492401
0 0.556726 0.487082 0.555707 0.527356 0.568614 0.531155 0.578465 0.537994 0.587296 0.528875 0.588315 0.505319 0.576766 0.288754 0.559103 0.307751 0.557405 0.440729
0 0.579484 0.519757 0.573709 0.477964 0.576766 0.414894 0.583220 0.291793 0.602921 0.293313 0.607677 0.424012 0.608356 0.500000 0.604280 0.530395 0.594429 0.526596 0.587976 0.527356
0 0.594769 0.501520 0.598845 0.443769 0.605978 0.300912 0.631114 0.304711 0.638247 0.311550 0.632812 0.413374 0.639266 0.462006 0.640965 0.502280 0.640625 0.552432 0.633492 0.552432 0.625340 0.545593 0.612432 0.550912 0.601223 0.540274
0 0.634171 0.522036 0.631114 0.458207 0.630435 0.384498 0.630435 0.338906 0.629416 0.304711 0.656250 0.293313 0.661005 0.357143 0.664402 0.407295 0.671535 0.449088 0.676291 0.500000 0.676970 0.522036 0.667459 0.528875 0.657609 0.530395 0.647418 0.548632
0 0.669158 0.493161 0.662364 0.442249 0.654552 0.378419 0.645380 0.320669 0.683764 0.272036 0.694293 0.364742 0.704484 0.436930 0.710258 0.468845 0.704484 0.484043 0.695652 0.480243 0.682065 0.493161 0.677989 0.509119
0 0.496603 0.601064 0.515625 0.594225 0.516304 0.659574 0.512908 0.851064 0.501019 0.848784
0 0.513587 0.599544 0.521739 0.588906 0.535666 0.592705 0.535666 0.687690 0.534986 0.856383 0.518682 0.851064
0 0.534986 0.616261 0.537364 0.586626 0.552649 0.590426 0.556046 0.628419 0.562160 0.686170 0.564538 0.868541 0.551630 0.863982 0.534986 0.677052
0 0.552649 0.597264 0.562500 0.577508 0.570312 0.573708 0.581522 0.579787 0.580842 0.655775 0.598845 0.852584 0.584239 0.858663 0.563859 0.687690
0 0.572011 0.582827 0.583560 0.568389 0.595448 0.565350 0.603601 0.608663 0.624660 0.810790 0.608356 0.835106 0.586617 0.671733 0.582541 0.632219 0.574389 0.610182
0 0.708560 0.666413 0.690897 0.630699 0.669158 0.601064 0.663383 0.578267 0.665761 0.554711 0.677989 0.526596 0.687840 0.521277 0.702446 0.528875 0.711957 0.561550 0.742527 0.620821 0.758152 0.654255 0.743546 0.695289 0.720109 0.680851
0 0.480639 0.598024 0.496603 0.599544 0.498641 0.671733 0.497622 0.835106 0.486073 0.835106
0 0.462976 0.594225 0.482337 0.601064 0.481318 0.662614 0.487772 0.860182 0.471807 0.857903 0.464674 0.653495
0 0.440897 0.602584 0.443614 0.579787 0.461957 0.590426 0.465353 0.639058 0.470109 0.754559 0.462976 0.865502 0.447351 0.858663 0.442595 0.726444 0.439198 0.651976
0 0.420177 0.591945 0.424932 0.581307 0.441916 0.588906 0.444973 0.616261 0.440897 0.724164 0.433764 0.839666 0.420177 0.843465 0.421535 0.720365 0.418139 0.626140
0 0.395720 0.611702 0.396399 0.578267 0.417459 0.573708 0.423234 0.598024 0.419158 0.632219 0.419158 0.706687 0.411685 0.823708 0.398777 0.805471 0.399117 0.699088
0 0.266304 0.678571 0.296875 0.636018 0.326766 0.595745 0.335938 0.560030 0.330842 0.540274 0.320652 0.525076 0.309103 0.510638 0.305707 0.512158 0.300272 0.510638 0.297894 0.501520 0.280910 0.535714 0.266304 0.586626 0.255774 0.662614 0.248641 0.706687 0.260870 0.716565
