0 0.474468 0.499240 0.495390 0.499240 0.499291 0.494681 0.501064 0.465046 0.501064 0.425532 0.492199 0.259119 0.467730 0.259119 0.471277 0.398176 0.471277 0.474164
0 0.444326 0.449848 0.444326 0.474164 0.458865 0.482523 0.469504 0.484043 0.475887 0.456687 0.476950 0.406535 0.473759 0.254559 0.455674 0.264438 0.448582 0.389058
0 0.418085 0.444529 0.425887 0.473404 0.440426 0.482523 0.451064 0.452888 0.453546 0.395897 0.454255 0.349544 0.441135 0.208207 0.421986 0.204407 0.422695 0.335106 0.420213 0.368541 0.418085 0.409574
0 0.394681 0.446049 0.401773 0.470365 0.415603 0.459726 0.417021 0.449848 0.434043 0.444529 0.437234 0.375380 0.432624 0.287234 0.423404 0.181611 0.399291 0.188450 0.401064 0.322188 0.397163 0.360182 0.394681 0.392097 0.391489 0.425532
0 0.375887 0.390578 0.377660 0.424012 0.386525 0.446049 0.401064 0.442249 0.408865 0.414894 0.404965 0.386018 0.399291 0.356383 0.381560 0.195289 0.367021 0.202888 0.372695 0.342705
0 0.321277 0.440729 0.326950 0.386018 0.329433 0.360182 0.330142 0.335866 0.331560 0.280395 0.367730 0.254559 0.368794 0.271277 0.372695 0.348024 0.373759 0.398176 0.377660 0.424012 0.378369 0.455167 0.363121 0.459726 0.347872 0.459726 0.336525 0.458207
0 0.306028 0.433891 0.293617 0.421733 0.289716 0.417173 0.284752 0.409574 0.284752 0.375380 0.288298 0.348024 0.300355 0.316869 0.298582 0.188450 0.321277 0.192249 0.330142 0.224924 0.331560 0.316109 0.331915 0.345745 0.331915 0.373860 0.330851 0.392857 0.325887 0.423252 0.315603 0.435410
0 0.273759 0.376900 0.254255 0.366261 0.249291 0.347264 0.251773 0.323708 0.262411 0.291033 0.273759 0.246960 0.292199 0.197568 0.298582 0.230243 0.290426 0.310030 0.287589 0.337386 0.287234 0.361702 0.281560 0.373860
0 0.500355 0.489362 0.509220 0.492401 0.525887 0.496201 0.530142 0.468085 0.530851 0.430091 0.526596 0.383739 0.513830 0.249240 0.491135 0.259119 0.500355 0.411854 0.500355 0.456687
0 0.529078 0.449088 0.528369 0.478723 0.545390 0.484043 0.554965 0.466565 0.555674 0.439210 0.551064 0.401216 0.546809 0.341185 0.530851 0.256079 0.518085 0.265957 0.526596 0.382219 0.526596 0.409574
0 0.551064 0.401216 0.556383 0.442249 0.567021 0.451368 0.574113 0.459726 0.583333 0.458207 0.589007 0.430091 0.586525 0.401216 0.581560 0.371581 0.573404 0.287234 0.563830 0.209726 0.541844 0.218085 0.549291 0.335106 0.549291 0.366261
0 0.577305 0.323708 0.575177 0.360182 0.575177 0.405015 0.581560 0.427052 0.591135 0.433891 0.599291 0.437690 0.608865 0.446049 0.618794 0.406535 0.615603 0.373100 0.601773 0.309271 0.595390 0.246960 0.586170 0.197568 0.568440 0.202128
0 0.609574 0.398176 0.606738 0.344225 0.606383 0.306231 0.602482 0.259119 0.606383 0.192249 0.628369 0.224924 0.642199 0.376900 0.637943 0.430091 0.627305 0.433891 0.620213 0.414894
0 0.653191 0.421733 0.642199 0.417173 0.635461 0.392097 0.636525 0.344225 0.640426 0.303191 0.648582 0.185410 0.671986 0.188450 0.682270 0.311550 0.680496 0.356383 0.680496 0.395897 0.676596 0.432371 0.663121 0.433891
0 0.693617 0.389058 0.677660 0.368541 0.668794 0.335106 0.670213 0.294073 0.674823 0.246960 0.680496 0.227204 0.700000 0.226444 0.717730 0.266717 0.723404 0.319909 0.729787 0.354863 0.715957 0.376900
0 0.502482 0.518237 0.524468 0.518237 0.522695 0.722644 0.508156 0.706687
0 0.524468 0.508359 0.549291 0.508359 0.553546 0.547872 0.549291 0.584347 0.541844 0.734043 0.524468 0.746201 0.521277 0.715046
0 0.544681 0.582827 0.541844 0.535714 0.547872 0.487842 0.560638 0.487082 0.572695 0.501520 0.576596 0.518997 0.577660 0.549392 0.577305 0.601824 0.572695 0.751520 0.558865 0.744681
0 0.577305 0.596505 0.572695 0.539514 0.570213 0.527356 0.589007 0.500000 0.598582 0.506079 0.607447 0.518997 0.609574 0.568389 0.605674 0.632979 0.604255 0.727204 0.592908 0.734802 0.579787 0.656535
0 0.612057 0.580547 0.608865 0.511398 0.608865 0.482523 0.615603 0.481003 0.627660 0.492401 0.641844 0.506079 0.648227 0.523556 0.648227 0.573708 0.640426 0.713526 0.625887 0.710486
0 0.657092 0.561550 0.644326 0.525836 0.640426 0.503040 0.638652 0.480243 0.646099 0.474164 0.651773 0.474164 0.668794 0.455167 0.677305 0.463526 0.687943 0.482523 0.699291 0.520517 0.729078 0.613222 0.713830 0.639058 0.674823 0.596505
0 0.698227 0.506839 0.686525 0.494681 0.680496 0.468085 0.680496 0.443009 0.689716 0.425532 0.702482 0.420213 0.707447 0.405015 0.711348 0.402736 0.726596 0.420213 0.740071 0.443009 0.747518 0.470365 0.776596 0.549392 0.763830 0.579027 0.734752 0.582827 0.719504 0.572188 0.713121 0.560030
0 0.484752 0.525076 0.501773 0.523556 0.506738 0.551672 0.500000 0.734802 0.489007 0.732523
0 0.462411 0.518237 0.487943 0.515198 0.489716 0.561550 0.490426 0.731003 0.470213 0.727204
0 0.437943 0.596505 0.435461 0.546353 0.437234 0.518997 0.449291 0.515198 0.459929 0.531155 0.463121 0.563830 0.472695 0.743161 0.448582 0.756839
0 0.408865 0.672492 0.407447 0.601824 0.407447 0.575228 0.406738 0.554711 0.414539 0.516717 0.418794 0.511398 0.431560 0.520517 0.438298 0.534195 0.437943 0.575228 0.433333 0.634498 0.426596 0.797112 0.407447 0.768997
0 0.368794 0.706687 0.371277 0.658815 0.378369 0.613982 0.383333 0.580547 0.385816 0.523556 0.387234 0.515198 0.396809 0.508359 0.409220 0.509878 0.416312 0.520517 0.417021 0.551672 0.413830 0.569149 0.389716 0.729483
0 0.266312 0.620821 0.281560 0.551672 0.285816 0.515198 0.292199 0.489362 0.304255 0.462006 0.321277 0.465046 0.334043 0.481003 0.342199 0.474164 0.351773 0.500000 0.343617 0.534195 0.338298 0.565350 0.307447 0.661854
0 0.216667 0.584347 0.224468 0.515198 0.240426 0.478723 0.250355 0.461246 0.267021 0.417173 0.277660 0.430091 0.292908 0.442249 0.298582 0.442249 0.304965 0.446049 0.302837 0.487082 0.287234 0.506079 0.271986 0.572188 0.237234 0.623860 0.217376 0.601064
