0 0.509164 0.281915 0.509164 0.459726 0.508164 0.506079 0.525158 0.506839 0.535488 0.497720 0.527158 0.284954
0 0.534155 0.292553 0.556481 0.468845 0.548151 0.493921 0.536821 0.498480 0.523825 0.293313
0 0.557148 0.455927 0.550483 0.401216 0.546818 0.270517 0.561480 0.269757 0.580806 0.455927 0.572143 0.484802 0.563812 0.476444
0 0.568810 0.268237 0.567144 0.430091 0.575475 0.464286 0.582139 0.452128 0.592469 0.461246 0.598800 0.445289 0.587138 0.267477
0 0.589803 0.268237 0.590470 0.426292 0.600133 0.441489 0.611796 0.452128 0.619127 0.412614 0.614795 0.382219 0.605798 0.268237
0 0.636455 0.391337 0.638454 0.408055 0.646451 0.417933 0.653116 0.423252 0.660780 0.411854 0.666445 0.414894 0.675108 0.401216 0.677108 0.373100 0.670110 0.332827 0.668444 0.224924 0.643785 0.226444 0.639120 0.355623
0 0.675442 0.222644 0.671443 0.349544 0.677108 0.379939 0.682439 0.377660 0.689104 0.385258 0.701433 0.367021 0.706431 0.367021 0.711763 0.359422 0.713429 0.329027 0.703765 0.297112 0.695102 0.210486
0 0.483505 0.512918 0.478840 0.469605 0.478840 0.275076 0.495835 0.279635 0.500500 0.433131 0.506498 0.484802 0.504165 0.510638
0 0.475508 0.507599 0.479174 0.446049 0.478507 0.262918 0.465845 0.263678 0.462179 0.431611 0.458181 0.469605 0.462512 0.501520
0 0.515495 0.525836 0.527491 0.528116 0.528491 0.569909 0.533822 0.704407 0.520493 0.696049 0.513496 0.581307 0.510830 0.528875
0 0.537154 0.525836 0.532156 0.543313 0.534822 0.711246 0.547151 0.714286 0.551483 0.577508 0.551816 0.529635 0.547151 0.522796
0 0.564812 0.516717 0.558814 0.526596 0.554149 0.540274 0.555148 0.735562 0.576808 0.727964 0.582139 0.577508 0.575142 0.521277
0 0.593136 0.502280 0.585138 0.520517 0.577474 0.530395 0.589803 0.731763 0.613462 0.712766 0.605132 0.555471 0.601799 0.511398
0 0.611796 0.490881 0.602133 0.509119 0.618127 0.729483 0.649117 0.692249 0.630790 0.547872 0.626791 0.496201
0 0.651783 0.488602 0.655115 0.465046 0.666778 0.463526 0.676441 0.477204 0.730756 0.613222 0.704765 0.670973 0.659114 0.581307 0.638454 0.540274 0.632456 0.525836 0.631456 0.503040 0.633789 0.490122
0 0.690437 0.427812 0.702099 0.407295 0.708431 0.407295 0.714095 0.396657 0.772076 0.551672 0.739753 0.604863 0.701433 0.521277 0.686438 0.502280 0.677441 0.479483 0.673442 0.459726 0.677108 0.443009
0 0.485838 0.525836 0.502166 0.528875 0.504832 0.548632 0.511496 0.716565 0.493502 0.719605 0.488837 0.588906 0.485838 0.551672
0 0.482173 0.528875 0.470510 0.528116 0.463845 0.535714 0.463512 0.560790 0.475508 0.731003 0.488504 0.726444 0.484172 0.566869
0 0.450516 0.526596 0.462179 0.545593 0.470177 0.752280 0.448850 0.746960 0.440520 0.635258 0.437188 0.566109 0.438854 0.537994
0 0.425525 0.534195 0.433522 0.541033 0.441853 0.541033 0.443852 0.553191 0.443852 0.735562 0.420860 0.729483 0.415195 0.563830 0.417527 0.537234
0 0.410197 0.518237 0.419194 0.522036 0.417527 0.725684 0.391536 0.715805 0.397201 0.610182 0.391869 0.539514 0.393202 0.525836 0.406531 0.528875
0 0.370543 0.490881 0.383539 0.509878 0.405865 0.514438 0.402199 0.566869 0.363879 0.703647 0.325225 0.657295 0.342219 0.585106 0.366544 0.500000
0 0.335222 0.445289 0.323226 0.456687 0.276908 0.643617 0.316561 0.684650 0.378207 0.498480 0.375875 0.468845 0.368877 0.459726 0.360213 0.464286 0.350550 0.449088
0 0.282572 0.392097 0.296901 0.406535 0.327557 0.448328 0.315561 0.491641 0.255581 0.592705 0.225258 0.524316 0.263246 0.438450 0.272576 0.397416
0 0.441186 0.487082 0.431190 0.445289 0.435188 0.406535 0.438520 0.254559 0.456514 0.256839 0.464512 0.260638 0.463845 0.413374 0.453515 0.481003 0.445851 0.505319
0 0.412529 0.250000 0.440187 0.254559 0.433189 0.408815 0.434522 0.467325 0.427524 0.484802 0.421193 0.484802 0.417527 0.462006 0.409863 0.467325 0.401533 0.459726 0.400866 0.432371 0.400866 0.413374 0.405531 0.402736
0 0.361213 0.197568 0.388870 0.208967 0.382206 0.355623 0.382539 0.392857 0.371876 0.419453 0.358880 0.426292 0.355881 0.410334 0.348550 0.416413 0.340220 0.405775 0.335888 0.380699 0.341886 0.350304
0 0.331556 0.168693 0.355881 0.188450 0.351549 0.287234 0.334222 0.387538 0.319227 0.388298 0.310230 0.383739 0.307231 0.369301 0.301233 0.370061 0.297567 0.359422 0.296901 0.332067 0.304232 0.304711
