0 0.483233 0.389058 0.481468 0.410334 0.477586 0.462766 0.476527 0.480243 0.473703 0.522036 0.471585 0.551672 0.491352 0.557751 0.503000 0.551672 0.504059 0.524316 0.509001 0.490881 0.509001 0.437690 0.507942 0.401976 0.505824 0.367781 0.498059 0.353343 0.490293 0.355623
0 0.442287 0.361702 0.441228 0.393617 0.441228 0.437690 0.440169 0.490881 0.440169 0.526596 0.433463 0.557751 0.413696 0.549392 0.411931 0.519757 0.416873 0.480243 0.415814 0.437690 0.415814 0.385258 0.415814 0.351064 0.429580 0.336626
0 0.391105 0.359422 0.392164 0.386778 0.393223 0.427052 0.390399 0.461246 0.385457 0.499240 0.382280 0.528875 0.371691 0.545593 0.364631 0.500760 0.363925 0.446049 0.365690 0.404255 0.366749 0.366261 0.374515 0.342705
0 0.336393 0.340426 0.333216 0.376900 0.330392 0.414894 0.321567 0.458967 0.320508 0.499240 0.335334 0.526596 0.352983 0.519757 0.356866 0.475684 0.355807 0.420973 0.358983 0.361702 0.355807 0.323708
0 0.315567 0.336626 0.314861 0.382979 0.315567 0.439970 0.313802 0.488602 0.297917 0.503040 0.277444 0.486322 0.276385 0.437690 0.284504 0.397416 0.287328 0.357903 0.293329 0.325988 0.306742 0.315350
0 0.286269 0.328267 0.278503 0.370061 0.270738 0.435410 0.263678 0.469605 0.248147 0.477964 0.230498 0.439970 0.224497 0.405775 0.242146 0.367781 0.258030 0.325988 0.267561 0.290274 0.280268 0.291793 0.285210 0.306991
0 0.505118 0.348784 0.505118 0.397416 0.505118 0.452888 0.511825 0.505319 0.517826 0.534954 0.529474 0.538754 0.534416 0.519757 0.538299 0.477964 0.537240 0.423252 0.536181 0.372340 0.539358 0.336626 0.514649 0.329787
0 0.574656 0.309271 0.573597 0.340426 0.567596 0.372340 0.561948 0.405775 0.555948 0.442249 0.554889 0.481763 0.557007 0.511398 0.562654 0.526596 0.573597 0.528875 0.585245 0.509878 0.586304 0.475684 0.581363 0.435410 0.581363 0.391337 0.584539 0.347264 0.587363 0.304711
0 0.650900 0.329787 0.649135 0.359422 0.643134 0.410334 0.641370 0.448328 0.641370 0.484043 0.655842 0.503040 0.677374 0.503040 0.682316 0.471884 0.682316 0.431611 0.677374 0.393617 0.675609 0.342705
0 0.696082 0.321429 0.687257 0.386778 0.687257 0.429331 0.690434 0.462766 0.704906 0.481763 0.720791 0.475684 0.726438 0.443769 0.726438 0.401976 0.718673 0.361702 0.715849 0.310790
0 0.728556 0.296353 0.714790 0.306991 0.712672 0.329787 0.722556 0.367781 0.726438 0.414894 0.738440 0.450608 0.750088 0.469605 0.767737 0.437690 0.763855 0.376900 0.755030 0.342705
0 0.510766 0.743921 0.511825 0.712006 0.511825 0.663374 0.506883 0.617021 0.503000 0.583587 0.510766 0.572948 0.523473 0.576748 0.525591 0.600304 0.519591 0.629939 0.520649 0.657295 0.522767 0.693009 0.523473 0.731003 0.519591 0.765198
0 0.533357 0.750000 0.537240 0.709726 0.544299 0.638298 0.548182 0.595745 0.542181 0.576748 0.523473 0.587386 0.521708 0.617021 0.522767 0.642857 0.524532 0.671733 0.524532 0.712006
0 0.558066 0.768997 0.558066 0.716565 0.561948 0.663374 0.566890 0.638298 0.567596 0.610942 0.559831 0.583587 0.547123 0.587386 0.541122 0.623860 0.540417 0.646657 0.540417 0.671733 0.541122 0.712006 0.545005 0.746201 0.546064 0.779635
0 0.600071 0.752280 0.600071 0.724924 0.596188 0.671733 0.592305 0.632219 0.591246 0.606383 0.585245 0.581307 0.572538 0.576748 0.564772 0.598024 0.558772 0.632219 0.562654 0.655015 0.573597 0.684650 0.580304 0.722644 0.588422 0.750000
0 0.623720 0.750000 0.622661 0.724924 0.622661 0.674012 0.622661 0.629939 0.618779 0.594225 0.611719 0.572948 0.602894 0.566869 0.591246 0.576748 0.587363 0.598024 0.590187 0.633739 0.599012 0.684650 0.601130 0.720365 0.609954 0.746201
0 0.685492 0.699848 0.678433 0.671733 0.669608 0.642857 0.666784 0.623860 0.665725 0.604863 0.665725 0.583587 0.660784 0.549392 0.651959 0.538754 0.632545 0.545593 0.624426 0.557751 0.616661 0.583587 0.615602 0.617021 0.624426 0.648936 0.632545 0.676292 0.640311 0.699848 0.650900 0.728723 0.662902 0.747720 0.677374 0.727204
0 0.732439 0.689210 0.728556 0.661854 0.723615 0.621581 0.717614 0.587386 0.713731 0.556231 0.699259 0.526596 0.682316 0.526596 0.668549 0.537234 0.663960 0.560030 0.672785 0.606383 0.683375 0.638298 0.690434 0.657295 0.699965 0.678571 0.712672 0.703647
0 0.780445 0.608663 0.781504 0.583587 0.772679 0.549392 0.763855 0.532675 0.752912 0.503040 0.745146 0.486322 0.731380 0.484043 0.729615 0.499240 0.721497 0.515957 0.721497 0.541033 0.709848 0.583587 0.718673 0.600304 0.738440 0.608663 0.761031 0.621581 0.776562 0.636018
0 0.500882 0.756839 0.504059 0.695289 0.505824 0.629939 0.505824 0.583587 0.488175 0.594225 0.481468 0.610942 0.481468 0.629939 0.482527 0.644377 0.483233 0.667933 0.483233 0.709726 0.483233 0.733283 0.484292 0.762918
0 0.475468 0.765198 0.472644 0.735562 0.472644 0.712006 0.465584 0.676292 0.462760 0.644377 0.461701 0.617021 0.461701 0.591945 0.467702 0.576748 0.481468 0.575228 0.483233 0.595745 0.481468 0.633739 0.479351 0.665653 0.482527 0.712006 0.483233 0.737842 0.484292 0.784195
0 0.452171 0.785714 0.457819 0.743921 0.463819 0.684650 0.463819 0.636018 0.459936 0.604863 0.450053 0.585866 0.438405 0.594225 0.436287 0.617021 0.436287 0.640578 0.436287 0.670213 0.438405 0.690729 0.439110 0.737842 0.439110 0.771277 0.442287 0.794833
0 0.421461 0.760638 0.424638 0.733283 0.427462 0.693009 0.429580 0.646657 0.431345 0.581307 0.419696 0.572948 0.408048 0.598024 0.408048 0.619301 0.408048 0.651216 0.408048 0.676292 0.408048 0.712006 0.405930 0.737842 0.406989 0.762918
0 0.371691 0.747720 0.379456 0.724924 0.389340 0.690729 0.400988 0.652736 0.410872 0.617021 0.413696 0.587386 0.403106 0.572948 0.388281 0.581307 0.382280 0.587386 0.376633 0.617021 0.375574 0.640578 0.372750 0.670213 0.369573 0.693009 0.367808 0.720365
0 0.350159 0.746201 0.351924 0.724924 0.360748 0.671733 0.369573 0.627660 0.379456 0.591945 0.376633 0.572948 0.359689 0.560030 0.346276 0.551672 0.335334 0.572948 0.332510 0.610942 0.330392 0.665653 0.319802 0.720365 0.317684 0.752280 0.338157 0.762918
0 0.297917 0.728723 0.307801 0.705927 0.317684 0.663374 0.328627 0.623860 0.337451 0.581307 0.338157 0.566869 0.325450 0.545593 0.302153 0.537234 0.293329 0.549392 0.292270 0.575228 0.292270 0.600304 0.287328 0.636018 0.283445 0.671733 0.281327 0.716565
0 0.205083 0.595745 0.214613 0.602584 0.235439 0.617021 0.256971 0.627660 0.282386 0.632219 0.290152 0.623860 0.290152 0.598024 0.286269 0.560030 0.285210 0.534954 0.274621 0.515957 0.256971 0.515957 0.235439 0.541033 0.219555 0.564590
