0 0.474946 0.525836 0.504295 0.522036 0.505011 0.460486 0.499284 0.244681 0.475304 0.243921 0.471725 0.391337 0.471009 0.449088 0.469936 0.504559
0 0.448461 0.531155 0.472799 0.528875 0.474946 0.439210 0.471009 0.240881 0.447745 0.242401 0.443450 0.373100 0.441661 0.456687 0.441661 0.498480 0.445240 0.519757
0 0.413386 0.537994 0.421260 0.541793 0.440945 0.536474 0.445240 0.511398 0.452040 0.477204 0.446671 0.412614 0.438440 0.194529 0.418397 0.207447 0.412670 0.313830 0.408375 0.422492 0.410880 0.502280
0 0.234789 0.515198 0.256263 0.543313 0.265211 0.543313 0.274517 0.531155 0.282749 0.515198 0.280601 0.456687 0.272727 0.362462 0.260200 0.302432 0.234789 0.310030 0.243737 0.414134 0.238010 0.475684
0 0.291339 0.541793 0.281317 0.519757 0.277738 0.484802 0.281317 0.456687 0.271296 0.331307 0.270222 0.300912 0.304581 0.303191 0.318540 0.399696 0.329635 0.471884 0.326772 0.528875 0.314603 0.546353 0.300286 0.530395
0 0.330351 0.553191 0.328561 0.516717 0.329635 0.449088 0.332140 0.323708 0.359341 0.325228 0.365426 0.426292 0.376163 0.477964 0.378669 0.520517 0.370437 0.553191 0.351110 0.548632 0.336793 0.562310
0 0.504295 0.528875 0.536865 0.528875 0.539012 0.468845 0.557623 0.240881 0.533286 0.253040 0.520043 0.366261 0.503221 0.467325
0 0.536865 0.514438 0.562634 0.522036 0.566929 0.449088 0.574087 0.240881 0.557623 0.239362 0.547602 0.368541 0.536865 0.471884
0 0.564066 0.520517 0.561560 0.474164 0.566929 0.414134 0.582319 0.218085 0.606657 0.231763 0.599857 0.419453 0.597709 0.512918 0.595920 0.536474
0 0.615605 0.518237 0.614173 0.463526 0.625984 0.341185 0.634216 0.278116 0.651754 0.271277 0.648890 0.384498 0.648175 0.477964 0.646743 0.531155 0.636006 0.536474 0.626700 0.520517
0 0.647459 0.518237 0.642448 0.496960 0.646743 0.438450 0.659270 0.286474 0.706514 0.308511 0.686471 0.423252 0.691482 0.502280 0.688261 0.530395 0.671797 0.530395 0.654975 0.532675
0 0.702577 0.530395 0.688261 0.509119 0.691482 0.449848 0.720472 0.271277 0.746600 0.297112 0.732999 0.427812 0.733357 0.444529 0.733357 0.472644 0.732283 0.509878 0.725483 0.523556 0.718325 0.516717
0 0.499284 0.548632 0.517538 0.541793 0.529349 0.776596 0.516106 0.778116
0 0.516822 0.553951 0.528275 0.541033 0.541518 0.537994 0.538296 0.802432 0.520043 0.799392 0.525054 0.710486 0.523264 0.624620
0 0.541518 0.596505 0.539012 0.541033 0.564066 0.547872 0.568361 0.626140 0.578382 0.819149 0.558339 0.832827 0.545097 0.647416
0 0.569077 0.612462 0.566571 0.560790 0.579814 0.553191 0.598425 0.559271 0.595204 0.603343 0.598425 0.689970 0.613457 0.811550 0.597709 0.815350 0.575161 0.684650
0 0.600931 0.645137 0.592699 0.569909 0.598425 0.555471 0.613099 0.547872 0.623121 0.559271 0.624911 0.587386 0.627416 0.629939 0.626700 0.700608 0.636722 0.815350 0.621689 0.824468 0.609878 0.737842
0 0.630637 0.642097 0.621689 0.588906 0.618468 0.559271 0.626700 0.544833 0.637437 0.551672 0.652470 0.544833 0.670723 0.553191 0.670007 0.583587 0.671439 0.635258 0.681460 0.680851 0.695061 0.810030 0.657480 0.818389 0.646385 0.743161
0 0.683250 0.656535 0.675018 0.617781 0.668218 0.582067 0.670723 0.553951 0.678239 0.541793 0.696492 0.547872 0.701503 0.535714 0.711525 0.541033 0.719757 0.580547 0.719041 0.624620 0.720830 0.658055 0.734789 0.794073 0.701503 0.800912 0.690766 0.716565
0 0.730494 0.686170 0.724767 0.623860 0.717967 0.575228 0.717967 0.550152 0.726557 0.531155 0.735505 0.535714 0.746600 0.527356 0.763780 0.553191 0.762348 0.594225 0.761274 0.638298 0.768074 0.764438 0.739084 0.768997
0 0.477810 0.544833 0.502505 0.539514 0.504295 0.608663 0.508232 0.800912 0.492842 0.806231 0.490336 0.664894 0.482462 0.585866
0 0.456693 0.551672 0.482820 0.541033 0.485326 0.617021 0.501074 0.829787 0.484968 0.832827 0.467430 0.661094
0 0.434145 0.556991 0.460988 0.544833 0.465283 0.631459 0.469220 0.740881 0.462062 0.852584 0.442734 0.843465 0.434503 0.730243 0.433429 0.648936
0 0.408375 0.627660 0.406943 0.572948 0.415891 0.553191 0.428776 0.556991 0.439155 0.587386 0.439155 0.711246 0.428418 0.855623 0.411238 0.843465 0.411238 0.739362
0 0.385469 0.651216 0.380100 0.574468 0.391911 0.547872 0.410880 0.563830 0.410165 0.619301 0.411238 0.671733 0.412670 0.759119 0.402649 0.843465 0.385469 0.836626 0.391195 0.762158
0 0.302792 0.781155 0.326772 0.731763 0.349678 0.639818 0.355404 0.574468 0.332140 0.559271 0.317108 0.553191 0.307087 0.553191 0.300286 0.580547 0.294560 0.648936 0.282749 0.731763 0.275591 0.768997 0.267717 0.818389 0.295276 0.835106
0 0.237294 0.617781 0.238726 0.580547 0.244452 0.556991 0.253758 0.544833 0.272011 0.547872 0.275233 0.558511 0.288833 0.551672 0.301360 0.571429 0.292770 0.636778 0.258769 0.797112 0.220472 0.776596 0.235505 0.667173
