0 0.451903 0.462006 0.477163 0.463526 0.477855 0.374620 0.468512 0.210486 0.451557 0.220365 0.450865 0.377660 0.447751 0.406535 0.450173 0.448328
0 0.377163 0.450608 0.386505 0.475684 0.398616 0.470365 0.413841 0.465805 0.413841 0.386018 0.411073 0.286474 0.396540 0.200608 0.375779 0.218845 0.383391 0.313830 0.383391 0.351824 0.375779 0.416413
0 0.335640 0.252280 0.346367 0.386018 0.339446 0.405015 0.338062 0.453647 0.358478 0.468845 0.372664 0.465805 0.379585 0.449848 0.380969 0.376140 0.382699 0.272796 0.374048 0.213526
0 0.286505 0.421733 0.289619 0.381459 0.294118 0.347264 0.290311 0.189970 0.305536 0.183891 0.316609 0.257599 0.320415 0.323708 0.320415 0.369301 0.324913 0.405015 0.321107 0.433131 0.303460 0.424772 0.294810 0.428571
0 0.506228 0.467325 0.530796 0.465805 0.531834 0.389818 0.521107 0.210486 0.500346 0.212006 0.503460 0.384498 0.504152 0.443769
0 0.549481 0.453647 0.557093 0.475684 0.571626 0.470365 0.576125 0.434650 0.583045 0.379179 0.589273 0.300152 0.577163 0.221884 0.557785 0.215805 0.558824 0.296353 0.552595 0.352584 0.548789 0.413374
0 0.591003 0.449848 0.597924 0.470365 0.614879 0.472644 0.624913 0.446809 0.623183 0.365502 0.616955 0.237842 0.599308 0.237082 0.596194 0.357143 0.594118 0.423252
0 0.623183 0.389058 0.624913 0.310030 0.640830 0.213526 0.666090 0.220365 0.666090 0.310030 0.660208 0.367781 0.661592 0.394377 0.664706 0.436930 0.648443 0.453647 0.629412 0.465046 0.619377 0.453647
0 0.666436 0.441489 0.661592 0.389818 0.667820 0.347264 0.668512 0.278116 0.675433 0.208967 0.675433 0.232523 0.720069 0.228723 0.709343 0.300152 0.703806 0.365502 0.709343 0.387538 0.711419 0.427052 0.684083 0.443769
0 0.502422 0.493921 0.527682 0.490881 0.525606 0.544833 0.523183 0.723404 0.510035 0.725684
0 0.525606 0.495441 0.550173 0.485562 0.541869 0.590426 0.537024 0.737082 0.525606 0.732523
0 0.545675 0.493921 0.567128 0.496201 0.568512 0.528116 0.572664 0.560030 0.563322 0.762158 0.550173 0.747720
0 0.569204 0.556991 0.567128 0.507599 0.581661 0.489362 0.598616 0.500760 0.601038 0.543313 0.599308 0.595745 0.593426 0.767477 0.575433 0.765957
0 0.645675 0.550152 0.638408 0.524316 0.631488 0.485562 0.653979 0.478723 0.679239 0.468845 0.689965 0.487842 0.693080 0.531155 0.723875 0.681611 0.686159 0.698328 0.659170 0.571429
0 0.688581 0.511398 0.676125 0.467325 0.694810 0.449848 0.719377 0.433131 0.729412 0.462006 0.735294 0.497720 0.771626 0.623860 0.733218 0.647416 0.712457 0.578267 0.699308 0.546353
0 0.477163 0.495441 0.503460 0.495441 0.503460 0.553191 0.502422 0.731763 0.488581 0.738602 0.481661 0.586626
0 0.453287 0.487842 0.481661 0.495441 0.479585 0.568389 0.489273 0.743921 0.471626 0.747720
0 0.434602 0.500760 0.457093 0.495441 0.460900 0.571429 0.471626 0.772796 0.444637 0.778116 0.436332 0.634498 0.429412 0.560030 0.434948 0.536474
0 0.401730 0.511398 0.406228 0.497720 0.419377 0.497720 0.434602 0.506079 0.436332 0.556231 0.433910 0.586626 0.437024 0.760638 0.412457 0.760638 0.408651 0.644377 0.406920 0.595745 0.403114 0.583587
0 0.320069 0.525836 0.325606 0.478723 0.343253 0.474164 0.362630 0.478723 0.378547 0.487082 0.383391 0.502280 0.375779 0.548632 0.365744 0.561550 0.347751 0.601824 0.337370 0.652736 0.312457 0.698328 0.282007 0.658055 0.307958 0.579027
0 0.240138 0.640578 0.262630 0.563070 0.281661 0.496201 0.288927 0.443769 0.316609 0.445289 0.334256 0.463526 0.336332 0.496201 0.321799 0.532675 0.294810 0.607143 0.261246 0.667933
