0 0.463675 0.481763 0.463675 0.541793 0.472934 0.558511 0.491453 0.554711 0.497863 0.522796 0.490741 0.422492 0.487536 0.306231 0.486467 0.274316 0.479345 0.249240 0.468305 0.268237 0.462963 0.419453
0 0.439459 0.496201 0.442308 0.518237 0.442664 0.551672 0.449074 0.556991 0.463675 0.547872 0.464744 0.503040 0.463675 0.390578 0.465456 0.316109 0.461182 0.262918 0.456909 0.250760 0.448718 0.262918
0 0.412749 0.489362 0.410256 0.525836 0.413818 0.553951 0.425570 0.573708 0.441952 0.563070 0.442664 0.519757 0.434117 0.417173 0.432336 0.335106 0.427707 0.288754 0.416667 0.293313
0 0.387464 0.512918 0.383191 0.541033 0.383903 0.563830 0.401709 0.577508 0.418803 0.570669 0.425926 0.542553 0.423077 0.497720 0.417735 0.436170 0.410613 0.368541 0.407407 0.333587 0.404202 0.302432 0.396724 0.292553 0.387821 0.342705
0 0.362892 0.513678 0.358618 0.533435 0.358618 0.563070 0.384615 0.570669 0.394587 0.557751 0.396368 0.530395 0.391026 0.475684 0.389245 0.406535 0.383903 0.346505 0.382835 0.299392 0.380342 0.291033 0.368234 0.284954 0.358618 0.312310
0 0.319801 0.506079 0.317664 0.537994 0.318732 0.564590 0.340456 0.575988 0.366097 0.566869 0.366809 0.543313 0.363960 0.460486 0.358262 0.392857 0.356481 0.346505 0.345798 0.304711 0.335826 0.287234 0.317664 0.297112 0.313034 0.356383
0 0.276709 0.495441 0.271368 0.534954 0.279558 0.564590 0.291667 0.563070 0.305912 0.563830 0.316239 0.560030 0.320513 0.512158 0.315883 0.455927 0.310897 0.360942 0.303419 0.328267 0.298077 0.299392 0.292379 0.291793 0.282407 0.297872 0.273148 0.325228 0.271368 0.373100
0 0.496083 0.491641 0.496083 0.527356 0.496439 0.553191 0.504274 0.556991 0.531339 0.547112 0.530983 0.481763 0.528134 0.399696 0.525641 0.329787 0.523860 0.297112 0.517450 0.260638 0.505698 0.269757
0 0.527778 0.477204 0.531339 0.548632 0.550570 0.553951 0.559117 0.537994 0.558405 0.495441 0.551282 0.411094 0.549145 0.326748 0.545228 0.272796 0.534544 0.244681 0.526353 0.240881
0 0.553063 0.491641 0.549858 0.512918 0.554843 0.541793 0.571937 0.560790 0.582977 0.543313 0.587251 0.522036 0.584046 0.484802 0.584046 0.397416 0.577635 0.315350 0.575855 0.286474 0.571581 0.268237 0.564815 0.257599 0.559117 0.300152
0 0.574786 0.480243 0.572650 0.505319 0.575142 0.525076 0.582265 0.546353 0.597578 0.540274 0.607194 0.514438 0.607906 0.458967 0.606838 0.355623 0.603276 0.300152 0.603276 0.265957 0.597222 0.250760 0.586538 0.252280 0.581553 0.271277
0 0.629274 0.485562 0.624288 0.506839 0.628917 0.528875 0.639245 0.535714 0.665954 0.539514 0.669516 0.527356 0.668447 0.475684 0.669160 0.403495 0.669160 0.363222 0.665242 0.323708 0.658120 0.306231 0.642806 0.319149 0.633547 0.349544 0.629274 0.392097 0.628205 0.408815 0.628205 0.475684
0 0.501425 0.569909 0.504630 0.638298 0.506410 0.719605 0.506766 0.797872 0.512108 0.819909 0.522436 0.811550 0.523504 0.735562 0.523504 0.634498 0.522792 0.580547 0.522792 0.557751
0 0.525641 0.566869 0.523504 0.574468 0.523148 0.640578 0.523504 0.712766 0.523504 0.772796 0.523860 0.804711 0.525641 0.819149 0.534544 0.819909 0.538462 0.776596 0.542735 0.652736 0.547721 0.598024 0.546652 0.571429 0.538105 0.565350
0 0.549858 0.568389 0.544872 0.567629 0.544160 0.579027 0.544516 0.636018 0.543447 0.731003 0.544516 0.796353 0.548433 0.837386 0.556980 0.847264 0.567308 0.798632 0.574074 0.700608 0.570869 0.608663 0.568020 0.570669 0.557336 0.565350
0 0.564459 0.585106 0.561610 0.609422 0.568020 0.670213 0.572650 0.756079 0.574786 0.809271 0.580840 0.832067 0.587251 0.832827 0.596154 0.783435 0.594373 0.668693 0.594373 0.629179 0.594729 0.598024 0.591880 0.579027 0.587963 0.572188 0.579772 0.567629 0.571225 0.573708
0 0.610043 0.576748 0.602208 0.582827 0.605769 0.613982 0.622151 0.705927 0.638889 0.794833 0.650997 0.822948 0.668091 0.824468 0.676638 0.789514 0.673433 0.724164 0.659544 0.651216 0.654202 0.594225 0.654202 0.568389 0.648148 0.563830 0.636396 0.567629 0.621795 0.567629
0 0.654202 0.566869 0.653134 0.587386 0.659544 0.625380 0.672009 0.695289 0.689815 0.754559 0.698006 0.772036 0.711182 0.778116 0.725783 0.758359 0.728632 0.728723 0.720085 0.684650 0.703704 0.640578 0.698362 0.607903 0.694801 0.560030 0.688746 0.546353 0.673433 0.548632 0.663105 0.557751
0 0.484330 0.568389 0.481838 0.571429 0.485043 0.645897 0.485755 0.732523 0.491453 0.797112 0.495370 0.820669 0.501425 0.806231 0.505342 0.723404 0.503205 0.613222 0.503917 0.581307 0.499644 0.563070
0 0.469729 0.571429 0.466524 0.570669 0.461538 0.572188 0.465812 0.671733 0.468305 0.723404 0.471510 0.786474 0.480057 0.808511 0.491097 0.791793 0.486823 0.717325 0.483974 0.605623 0.481838 0.571429 0.474003 0.572188
0 0.444444 0.573708 0.438746 0.591945 0.444088 0.707447 0.445157 0.808511 0.451567 0.851064 0.464744 0.847264 0.468305 0.750000 0.465100 0.638298 0.462963 0.596505 0.459046 0.571429 0.449430 0.569149
0 0.416311 0.594225 0.412037 0.617781 0.419516 0.695289 0.422721 0.795593 0.425926 0.838146 0.438034 0.844985 0.444088 0.797872 0.443020 0.658055 0.446937 0.619301 0.444088 0.594985 0.438390 0.585106 0.429487 0.582067 0.420940 0.585866
0 0.395299 0.581307 0.386396 0.595745 0.386040 0.679331 0.383903 0.778875 0.383903 0.823708 0.391738 0.843465 0.407407 0.802432 0.420228 0.656535 0.427350 0.611702 0.424858 0.585106 0.408832 0.581307
0 0.359687 0.581307 0.342593 0.585106 0.341168 0.617021 0.339387 0.699848 0.322293 0.778116 0.322650 0.810790 0.336895 0.832067 0.351496 0.831307 0.371083 0.788754 0.388889 0.721884 0.392806 0.643617 0.400997 0.602584 0.400997 0.588906 0.393519 0.575988 0.380698 0.577508 0.374644 0.582067
0 0.302707 0.564590 0.293447 0.585106 0.292023 0.630699 0.272436 0.700608 0.260684 0.756079 0.263889 0.792553 0.286325 0.797872 0.321581 0.727204 0.339031 0.653495 0.350783 0.608663 0.349003 0.585866 0.339387 0.573708 0.321581 0.570669
