0 0.481601 0.590426 0.494462 0.326748 0.455520 0.324468 0.442658 0.527356 0.440872 0.577508
0 0.440872 0.579787 0.445874 0.493161 0.448732 0.318389 0.421936 0.332827 0.416935 0.584347
0 0.416935 0.577508 0.423008 0.520517 0.421936 0.329027 0.397999 0.332827 0.391211 0.584347
0 0.391211 0.565350 0.397999 0.329027 0.370489 0.326748 0.359414 0.577508
0 0.357270 0.552432 0.333691 0.322188 0.294034 0.341185 0.311897 0.567629
0 0.482315 0.592705 0.489461 0.322188 0.531261 0.329027 0.525188 0.594985
0 0.523044 0.596505 0.531261 0.318389 0.562701 0.332827 0.548053 0.491641 0.549839 0.584347
0 0.580564 0.582067 0.571633 0.329027 0.548053 0.332827 0.553055 0.590426
0 0.575920 0.584347 0.565916 0.438450 0.568775 0.310030 0.591640 0.322188 0.609503 0.573708
0 0.622365 0.582067 0.625223 0.307751 0.587710 0.318389 0.589496 0.582067
0 0.672026 0.567629 0.653090 0.324468 0.624509 0.313830 0.623437 0.592705
0 0.670954 0.558511 0.653090 0.324468 0.692033 0.307751 0.715613 0.537994
0 0.495534 0.592705 0.490532 0.820669 0.490532 0.856383 0.515184 0.852584 0.514112 0.592705
0 0.510182 0.594985 0.515184 0.862462 0.538049 0.852584 0.540193 0.590426
0 0.539121 0.584347 0.540193 0.864742 0.566988 0.858663 0.562701 0.664134 0.558771 0.588146
0 0.560915 0.586626 0.568775 0.854103 0.592712 0.848024 0.585566 0.588146
0 0.589496 0.582067 0.594498 0.852584 0.627367 0.841945 0.621293 0.575988
0 0.648089 0.592705 0.697749 0.803951 0.739550 0.738602 0.717756 0.679331 0.700965 0.556991
0 0.714541 0.677052 0.758485 0.748480 0.788139 0.628419 0.735620 0.550152 0.709896 0.620061
0 0.495534 0.594985 0.488389 0.869301 0.467667 0.864742 0.467667 0.594985
0 0.465523 0.592705 0.470525 0.869301 0.446588 0.873100 0.442658 0.660334 0.446588 0.590426
0 0.445874 0.586626 0.441944 0.664134 0.449804 0.881459 0.421936 0.873100 0.416935 0.668693 0.424795 0.577508
0 0.420865 0.579787 0.420865 0.862462 0.397285 0.850304 0.389068 0.683131 0.397285 0.586626
0 0.394069 0.592705 0.384066 0.841945 0.356556 0.831307 0.359414 0.579787
0 0.360486 0.596505 0.321543 0.801672 0.275098 0.736322 0.299035 0.672492 0.319757 0.563070
0 0.299035 0.672492 0.256163 0.736322 0.228296 0.632979 0.277956 0.563070 0.307967 0.586626
