0 0.474751 0.419453 0.470629 0.460486 0.475438 0.484802 0.493301 0.483283 0.503263 0.478723 0.502233 0.437690 0.495362 0.282675 0.488492 0.191489 0.485400 0.162614 0.476812 0.174012 0.469942 0.221884 0.473033 0.316109
0 0.449674 0.431611 0.447956 0.471125 0.456888 0.484043 0.477156 0.481763 0.476125 0.441489 0.474407 0.334347 0.473033 0.209726 0.473033 0.165653 0.463415 0.143617 0.458262 0.143617 0.455170 0.243921 0.456201 0.301672
0 0.423909 0.420213 0.419787 0.449848 0.424596 0.484043 0.441773 0.487842 0.450704 0.477204 0.453452 0.465046 0.451048 0.410334 0.453452 0.281155 0.452765 0.176292 0.439024 0.126140 0.424940 0.152736 0.424596 0.231763 0.423909 0.343465
0 0.401237 0.413374 0.400550 0.445289 0.400206 0.474924 0.419100 0.486322 0.430780 0.474164 0.437307 0.405775 0.435933 0.280395 0.425283 0.214286 0.420818 0.186170 0.408794 0.222644 0.404328 0.322188 0.399863 0.398936
0 0.341120 0.401216 0.338028 0.440729 0.339402 0.468085 0.373068 0.474924 0.382343 0.474164 0.388870 0.442249 0.383373 0.362462 0.381312 0.259878 0.375129 0.193009 0.364480 0.182371 0.348334 0.201368 0.341120 0.281155 0.338715 0.362462
0 0.503263 0.428571 0.504294 0.477964 0.511852 0.481763 0.525593 0.489362 0.532463 0.481003 0.533837 0.450608 0.536242 0.338906 0.543456 0.255319 0.539334 0.143617 0.525593 0.164894 0.516661 0.252280
0 0.534868 0.429331 0.533150 0.474924 0.543112 0.486322 0.552731 0.481763 0.555823 0.453647 0.555479 0.374620 0.555823 0.291793 0.560632 0.238602 0.555136 0.186930 0.546891 0.217325 0.540364 0.300912 0.535898 0.349544
0 0.552731 0.420973 0.552731 0.457447 0.556853 0.492401 0.566472 0.504559 0.576091 0.493921 0.582618 0.452888 0.581587 0.366261 0.585709 0.264438 0.592580 0.203647 0.584679 0.161094 0.575747 0.173252 0.563380 0.229483 0.558227 0.290274 0.556510 0.373860
0 0.598076 0.416413 0.593954 0.478723 0.604603 0.495441 0.619718 0.500000 0.631398 0.481763 0.626932 0.389818 0.634146 0.308511 0.642391 0.234043 0.637582 0.218845 0.620062 0.240881 0.603573 0.313830
0 0.688423 0.382979 0.680866 0.425532 0.683270 0.468845 0.694263 0.475684 0.720027 0.465805 0.731020 0.445289 0.728959 0.358663 0.744074 0.253799 0.742357 0.213526 0.733081 0.202128 0.711096 0.250000 0.698042 0.335106
0 0.341120 0.487842 0.334593 0.506079 0.327035 0.596505 0.308142 0.705167 0.315012 0.742401 0.333906 0.749240 0.359327 0.705167 0.377877 0.601824 0.387496 0.548632 0.391618 0.509119 0.386122 0.498480 0.360701 0.492401 0.347990 0.490122
0 0.272071 0.419453 0.257300 0.423252 0.249399 0.477204 0.237032 0.503040 0.201992 0.553951 0.193061 0.615502 0.251804 0.606383 0.278255 0.569909 0.309516 0.499240 0.313981 0.480243 0.304363 0.458967 0.280660 0.420973
0 0.380969 0.569149 0.378221 0.590426 0.371007 0.669453 0.369632 0.720365 0.369976 0.738602 0.375816 0.749240 0.388870 0.729483 0.397458 0.669453 0.402611 0.593465 0.402611 0.566109 0.396084 0.565350 0.386809 0.569909
0 0.423222 0.498480 0.413604 0.506079 0.405359 0.539514 0.405359 0.607903 0.397801 0.699848 0.393679 0.727204 0.394366 0.757599 0.403298 0.770517 0.417039 0.753799 0.425970 0.662614 0.434559 0.571429 0.442460 0.536474 0.444177 0.512158 0.431467 0.501520
0 0.444521 0.510638 0.435589 0.518237 0.430093 0.553191 0.432154 0.614742 0.426658 0.717325 0.429406 0.773556 0.435589 0.787234 0.447269 0.751520 0.456201 0.636018 0.461010 0.553191 0.464789 0.522796 0.465132 0.506079 0.461010 0.501520 0.452078 0.499240
0 0.464445 0.505319 0.456201 0.514438 0.460323 0.588146 0.460323 0.717325 0.463758 0.759878 0.470285 0.767477 0.476125 0.751520 0.479904 0.638298 0.481278 0.562310 0.486431 0.514438 0.485400 0.505319 0.477156 0.499240
0 0.496393 0.505319 0.482308 0.502280 0.478530 0.508359 0.482308 0.608663 0.480247 0.732523 0.489866 0.768997 0.497767 0.762918 0.499141 0.671733 0.500515 0.514438
0 0.502920 0.503040 0.496049 0.523556 0.498798 0.705167 0.499485 0.752280 0.502920 0.766717 0.508760 0.767477 0.514600 0.759878 0.519753 0.656535 0.519753 0.572948 0.516661 0.534954 0.521127 0.503040 0.513913 0.498480
0 0.524218 0.503040 0.520783 0.509119 0.514256 0.541033 0.517348 0.604863 0.518035 0.705167 0.518035 0.732523 0.519409 0.755319 0.528341 0.768997 0.537272 0.752280 0.537959 0.691489 0.537616 0.585106 0.541738 0.520517 0.538647 0.503040
0 0.543456 0.560030 0.539334 0.569149 0.539334 0.626900 0.540708 0.753799 0.545517 0.791033 0.560976 0.797872 0.565098 0.672492 0.565441 0.583587 0.556510 0.568389
0 0.595672 0.517477 0.587427 0.560790 0.589832 0.600304 0.602199 0.686930 0.617314 0.740122 0.628650 0.758359 0.639299 0.747720 0.638956 0.705167 0.627963 0.642097 0.621092 0.601824 0.615596 0.544833 0.606321 0.516717
