0 0.488756 0.365502 0.484188 0.597264 0.498946 0.601064 0.523893 0.593465 0.520379 0.563070 0.513703 0.354863
0 0.518271 0.391337 0.535840 0.391337 0.544273 0.521277 0.547084 0.581307 0.529515 0.587386 0.517569 0.553191
0 0.546030 0.395137 0.572031 0.401216 0.573788 0.559271 0.573085 0.588906 0.560787 0.597264 0.546030 0.585106 0.541462 0.509119
0 0.599789 0.370821 0.594167 0.489362 0.598735 0.566869 0.619115 0.572948 0.627547 0.563070 0.624736 0.501520 0.616304 0.365502
0 0.631061 0.338906 0.666198 0.338906 0.671117 0.484802 0.672874 0.544833 0.658117 0.556991 0.630358 0.566869 0.622980 0.550912
0 0.672874 0.341185 0.699578 0.325228 0.709065 0.403495 0.712579 0.512918 0.702389 0.531155 0.674631 0.537234 0.671117 0.511398
0 0.702389 0.337386 0.723823 0.347264 0.756852 0.483283 0.745959 0.525076 0.724526 0.543313 0.712579 0.511398
0 0.466620 0.389058 0.488053 0.391337 0.488756 0.503040 0.484188 0.527356 0.483134 0.598784 0.447997 0.591185 0.447294 0.556991 0.454673 0.487082
0 0.435348 0.375380 0.450105 0.373100 0.462052 0.563070 0.457484 0.593465 0.437105 0.591185 0.429726 0.559271 0.433240 0.495441
0 0.410401 0.392857 0.427969 0.395137 0.435348 0.534954 0.428672 0.588906 0.412157 0.594985 0.401968 0.572948 0.401968 0.528875
0 0.382642 0.395137 0.405481 0.392857 0.414968 0.556991 0.397400 0.572948 0.380534 0.575228 0.375264 0.555471
0 0.357695 0.387538 0.380534 0.391337 0.378777 0.556991 0.369642 0.579027 0.352776 0.575228 0.349262 0.556991 0.357695 0.515198
0 0.328883 0.353343 0.353830 0.347264 0.362966 0.541033 0.341883 0.563070 0.317639 0.544833 0.317639 0.511398
0 0.283556 0.331307 0.306746 0.321429 0.314125 0.337386 0.319747 0.503040 0.315882 0.527356 0.302881 0.527356 0.286367 0.543313 0.271609 0.490881 0.279691 0.443009
0 0.498243 0.610942 0.475053 0.613222 0.488756 0.838906 0.507379 0.835106
0 0.454673 0.610942 0.475755 0.613222 0.488756 0.873100 0.463809 0.860942 0.460998 0.734802 0.452916 0.689210
0 0.437105 0.609422 0.453619 0.609422 0.459241 0.701368 0.454673 0.826748 0.424104 0.822948 0.425158 0.727204 0.426915 0.673252
0 0.405481 0.604863 0.425158 0.597264 0.438862 0.626900 0.419536 0.835106 0.392832 0.826748 0.401968 0.673252 0.409346 0.645137
0 0.378777 0.615502 0.395292 0.604863 0.411103 0.623100 0.412157 0.673252 0.382642 0.829027 0.358398 0.815350
0 0.301124 0.556991 0.311314 0.537234 0.349965 0.577508 0.347505 0.617021 0.296557 0.767477 0.252987 0.739362 0.247365 0.632979 0.279691 0.594985
0 0.498243 0.615502 0.518271 0.609422 0.523190 0.632979 0.523893 0.841185 0.506325 0.841185 0.498946 0.696809
0 0.522136 0.607143 0.548840 0.615502 0.550949 0.648936 0.550949 0.832827 0.533380 0.835106 0.521082 0.718845
0 0.545327 0.617021 0.567463 0.607143 0.574842 0.639058 0.586086 0.844985 0.556219 0.841185 0.545327 0.673252
0 0.568517 0.615502 0.585032 0.603343 0.595221 0.615502 0.618412 0.835106 0.594167 0.838906 0.575896 0.707447
0 0.586788 0.598784 0.618412 0.593465 0.624736 0.648936 0.652495 0.800912 0.628602 0.819149 0.602600 0.715046
0 0.618412 0.597264 0.659874 0.571429 0.706957 0.771277 0.656360 0.800912
0 0.663739 0.577508 0.710822 0.541033 0.721012 0.566869 0.755095 0.724924 0.718904 0.759119 0.676388 0.651216
