0 0.491059 0.188450 0.491774 0.427052 0.465308 0.431611 0.457439 0.414894 0.460658 0.392857 0.464950 0.175532 0.489986 0.169453
0 0.454578 0.193009 0.462446 0.396657 0.458512 0.413374 0.451001 0.416413 0.445637 0.410334 0.440629 0.401216 0.438841 0.382979 0.439557 0.193769
0 0.428469 0.174772 0.437411 0.316869 0.434549 0.422492 0.422389 0.437690 0.411660 0.430851 0.407368 0.418693 0.402361 0.392857 0.406295 0.364742 0.411302 0.156535 0.427754 0.154255
0 0.388412 0.187690 0.407368 0.334347 0.411660 0.377660 0.412732 0.418693 0.406295 0.426292 0.394850 0.437690 0.380544 0.439970 0.373391 0.429331 0.371960 0.406535 0.374464 0.350304 0.371602 0.184650 0.386981 0.172492
0 0.359800 0.176292 0.375536 0.348784 0.379828 0.392857 0.377325 0.408815 0.370172 0.424772 0.361946 0.432371 0.350501 0.427052 0.346567 0.408055 0.345136 0.174012 0.357654 0.168693
0 0.301860 0.199848 0.322604 0.401976 0.315093 0.417933 0.305436 0.433891 0.290415 0.433891 0.281116 0.427052 0.273605 0.411854 0.275036 0.346505 0.275036 0.207447
0 0.269313 0.227964 0.276109 0.407295 0.269671 0.421733 0.253934 0.428571 0.233906 0.414134 0.227468 0.381459 0.234979 0.232523
0 0.499642 0.212006 0.491774 0.421733 0.522175 0.425532 0.524678 0.350304 0.528970 0.196809 0.499285 0.197568
0 0.531474 0.199088 0.520744 0.420213 0.546495 0.417933 0.551502 0.313830 0.556509 0.186930
0 0.576180 0.164894 0.548999 0.381459 0.546853 0.417933 0.561159 0.438450 0.573677 0.432371 0.579041 0.411854 0.577611 0.382979 0.578326 0.342705 0.580472 0.293313 0.595494 0.166413
0 0.603362 0.175532 0.580472 0.319909 0.572961 0.347264 0.566881 0.367781 0.564378 0.381459 0.564020 0.401976 0.565451 0.414894 0.570815 0.426292 0.581187 0.433891 0.596924 0.439210 0.604435 0.420973 0.609442 0.319909 0.632332 0.180091 0.605866 0.165653
0 0.648784 0.207447 0.634835 0.322948 0.631259 0.350304 0.632690 0.370821 0.632690 0.382979 0.634120 0.398936 0.635193 0.413374 0.631259 0.427812 0.627682 0.439970 0.620529 0.444529 0.615880 0.439970 0.610157 0.433891 0.605508 0.426292 0.601216 0.413374 0.597639 0.395897 0.603720 0.365502 0.636624 0.179331 0.652718 0.191489
0 0.674177 0.218845 0.677039 0.344985 0.677039 0.376900 0.673820 0.396657 0.673104 0.408815 0.674535 0.423252 0.677396 0.435410 0.677396 0.446049 0.670601 0.456687 0.664163 0.458967 0.654864 0.458967 0.647353 0.457447 0.639127 0.450608 0.633047 0.442249 0.629828 0.433891 0.626609 0.420973 0.625894 0.401976 0.629471 0.378419 0.658083 0.178571 0.677754 0.193769
0 0.693491 0.212006 0.679900 0.381459 0.677754 0.401976 0.677039 0.423252 0.695279 0.441489 0.717811 0.437690 0.726395 0.408815 0.725322 0.375380 0.724607 0.339666 0.729256 0.216565
0 0.733190 0.224924 0.722818 0.359422 0.722461 0.382219 0.723534 0.401976 0.726753 0.419453 0.737482 0.422492 0.748927 0.417933 0.761803 0.402736 0.766810 0.389058 0.766452 0.358663 0.753219 0.217325
0 0.501073 0.451368 0.502861 0.655015 0.522890 0.648936 0.521102 0.449848
0 0.521817 0.447568 0.523605 0.656535 0.536481 0.655015 0.544707 0.436930 0.522890 0.439210
0 0.544707 0.433891 0.536481 0.715805 0.558298 0.713526 0.568312 0.496960 0.568670 0.446049
0 0.570100 0.458207 0.566881 0.467325 0.565451 0.478723 0.569385 0.495441 0.566881 0.715805 0.590129 0.712766 0.594063 0.493921 0.595494 0.482523 0.594063 0.468845 0.591559 0.457447 0.587983 0.447568 0.581545 0.442249
0 0.605508 0.451368 0.599785 0.450608 0.595494 0.454407 0.592632 0.457447 0.589413 0.471125 0.589056 0.482523 0.592632 0.496201 0.605866 0.720365 0.639127 0.698328 0.627325 0.491641 0.623391 0.464286 0.612661 0.446049
0 0.680973 0.452888 0.667740 0.461246 0.652003 0.466565 0.644492 0.471125 0.643777 0.506839 0.650930 0.532675 0.710300 0.686170 0.744635 0.643617 0.720315 0.557751 0.707082 0.515198 0.701001 0.484802 0.698140 0.454407
0 0.724249 0.437690 0.715308 0.444529 0.703505 0.452888 0.699928 0.460486 0.697425 0.478723 0.700644 0.495441 0.744635 0.634498 0.787911 0.569909 0.770386 0.508359 0.751431 0.447568 0.743205 0.427052
0 0.501431 0.449848 0.504292 0.661854 0.484621 0.657295 0.485336 0.445289
0 0.465308 0.446049 0.464950 0.663374 0.483906 0.664894 0.486409 0.446049
0 0.458512 0.444529 0.467096 0.473404 0.464235 0.718085 0.435265 0.716565 0.444564 0.511398 0.440629 0.486322 0.442060 0.468845 0.447067 0.447568
0 0.434192 0.455927 0.422747 0.452128 0.418455 0.465046 0.414521 0.481763 0.414521 0.503040 0.405937 0.717325 0.433119 0.717325 0.443491 0.507599 0.447067 0.492401 0.444206 0.477204 0.439914 0.459726
0 0.404149 0.457447 0.386624 0.451368 0.374821 0.460486 0.368383 0.484043 0.371602 0.705167 0.394134 0.706687 0.408798 0.512918 0.413448 0.495441 0.414521 0.476444 0.409514 0.458207
0 0.324034 0.448328 0.310801 0.443769 0.303290 0.450608 0.296495 0.463526 0.295064 0.481763 0.286481 0.516717 0.249642 0.648936 0.291130 0.690729 0.353004 0.501520 0.345136 0.463526 0.330830 0.451368
0 0.279328 0.437690 0.258584 0.436930 0.247496 0.454407 0.202074 0.585106 0.246066 0.640578 0.286481 0.510638 0.293991 0.479483 0.292918 0.460486 0.285050 0.446809
