0 0.462863 0.551672 0.494797 0.562310 0.497309 0.485562 0.491568 0.273556 0.470398 0.274316 0.462863 0.478723
0 0.434517 0.528875 0.441335 0.550912 0.460710 0.545593 0.464657 0.470365 0.462863 0.284954 0.443846 0.282675 0.436311 0.458207
0 0.402942 0.517477 0.414424 0.542553 0.424830 0.537234 0.438105 0.498480 0.437747 0.388298 0.428776 0.256079 0.414424 0.262918 0.406172 0.394377 0.402942 0.470365
0 0.375314 0.521277 0.388949 0.533435 0.407248 0.528116 0.416936 0.491641 0.412271 0.427812 0.409760 0.279635 0.391102 0.272036 0.383567 0.389058 0.378543 0.442249 0.371367 0.509119
0 0.350197 0.509119 0.359526 0.533435 0.373879 0.521277 0.383567 0.481003 0.382849 0.395897 0.372802 0.249240 0.357015 0.262918 0.353068 0.425532 0.347686 0.461246 0.343739 0.489362
0 0.304629 0.517477 0.332975 0.528875 0.356297 0.515957 0.353785 0.452128 0.347686 0.397416 0.349480 0.277356 0.311805 0.274316 0.306781 0.350304 0.309652 0.413374 0.304629 0.461246 0.301041 0.502280
0 0.263366 0.490881 0.281306 0.510638 0.304270 0.503799 0.307858 0.455927 0.307858 0.346505 0.302835 0.263678 0.268748 0.270517 0.264442 0.317629 0.271977 0.393617 0.260854 0.445289 0.258701 0.473404
0 0.219232 0.449088 0.237890 0.485562 0.255113 0.480243 0.263724 0.455927 0.267671 0.397416 0.273412 0.339666 0.261213 0.262918 0.246143 0.268997 0.241837 0.329027 0.230355 0.389058 0.221744 0.413374
0 0.501973 0.556991 0.524578 0.553191 0.528884 0.556991 0.533907 0.541033 0.531396 0.477204 0.523143 0.263678 0.504844 0.266717 0.499103 0.441489 0.494797 0.509119 0.493003 0.550912
0 0.534984 0.547872 0.548977 0.553191 0.564047 0.545593 0.566559 0.517477 0.564765 0.475684 0.552207 0.300152 0.532472 0.306231 0.532472 0.482523
0 0.565483 0.528875 0.578041 0.550912 0.591317 0.550912 0.598852 0.528116 0.600646 0.489362 0.598852 0.441489 0.598852 0.268237 0.578041 0.270517 0.566559 0.434650 0.562971 0.496960
0 0.595623 0.537234 0.608181 0.540274 0.617151 0.545593 0.630786 0.528116 0.625762 0.464286 0.627198 0.249240 0.606746 0.257599 0.601363 0.358663 0.593111 0.458207 0.588088 0.482523 0.589164 0.509119
0 0.621457 0.534195 0.653391 0.533435 0.653391 0.475684 0.649803 0.272036 0.631503 0.281155 0.622174 0.449088 0.619663 0.518237
0 0.653391 0.538754 0.691424 0.528875 0.702548 0.500000 0.694295 0.436170 0.695013 0.300912 0.655902 0.300912 0.649803 0.386778 0.653391 0.425532 0.646573 0.506839
0 0.700753 0.509119 0.727305 0.503799 0.743452 0.473404 0.734840 0.399696 0.731611 0.265198 0.699318 0.274316 0.694295 0.382219 0.698959 0.420973 0.693219 0.457447
0 0.739146 0.475684 0.756728 0.485562 0.778256 0.457447 0.781844 0.436170 0.775745 0.367781 0.757445 0.254559 0.732687 0.268997 0.734840 0.369301 0.736634 0.422492 0.736634 0.446809
0 0.499821 0.572188 0.522426 0.577508 0.529602 0.786474 0.506279 0.790274
0 0.522067 0.575988 0.532472 0.572948 0.547901 0.581307 0.551489 0.800152 0.531396 0.803951 0.523143 0.659574
0 0.545748 0.585106 0.557948 0.565350 0.574094 0.577508 0.583782 0.642857 0.598852 0.816109 0.574094 0.821429 0.555436 0.689210
0 0.574094 0.575988 0.588805 0.563830 0.607463 0.578267 0.606746 0.617021 0.617510 0.832827 0.602440 0.841185 0.589882 0.712006 0.581629 0.632979 0.574094 0.607903
0 0.599211 0.569149 0.612128 0.556991 0.630786 0.569149 0.636527 0.618541 0.644062 0.832827 0.629709 0.834347 0.606387 0.620061 0.599211 0.593465
0 0.664155 0.553191 0.702548 0.528875 0.714029 0.556991 0.724794 0.610182 0.766774 0.745441 0.729817 0.790274 0.680660 0.643617 0.666667 0.609422 0.660926 0.572948
0 0.710800 0.534195 0.711877 0.517477 0.743452 0.491641 0.760675 0.501520 0.771798 0.569149 0.807679 0.686170 0.769286 0.734802 0.740940 0.655775 0.720129 0.585106 0.708288 0.547872
0 0.478651 0.575988 0.499103 0.574468 0.502332 0.794833 0.482239 0.805471
0 0.452099 0.581307 0.465375 0.574468 0.476139 0.574468 0.479727 0.645137 0.479727 0.818389 0.461428 0.816869 0.453175 0.617021
0 0.432006 0.565350 0.445282 0.560030 0.458916 0.590426 0.442052 0.822188 0.423036 0.811550 0.426265 0.601064
0 0.403660 0.563830 0.413706 0.556991 0.421241 0.553191 0.429494 0.582827 0.433800 0.581307 0.431288 0.610182 0.415501 0.814590 0.399354 0.809271 0.400431 0.632219 0.400431 0.588906
0 0.372085 0.561550 0.390384 0.545593 0.409401 0.561550 0.408683 0.594225 0.404377 0.630699 0.385361 0.825228 0.366344 0.819909 0.372802 0.629179
0 0.325440 0.562310 0.339433 0.541033 0.358809 0.545593 0.377108 0.544073 0.386437 0.556991 0.378543 0.606383 0.368855 0.645137 0.357015 0.797112 0.304270 0.773556 0.307858 0.682371 0.321851 0.613222 0.325081 0.577508
0 0.287047 0.517477 0.303552 0.522796 0.331898 0.533435 0.333692 0.565350 0.323645 0.610182 0.284535 0.782675 0.247937 0.753040 0.261213 0.648936 0.273771 0.578267 0.275924 0.549392 0.283459 0.528875
0 0.235379 0.500000 0.252601 0.505319 0.263724 0.505319 0.278794 0.525076 0.279512 0.565350 0.244349 0.753040 0.205956 0.724164 0.212056 0.632219 0.224255 0.572948 0.224973 0.528116
