0 0.452461 0.505319 0.486177 0.509119 0.480445 0.203647 0.462576 0.206687 0.452461 0.468085
0 0.425152 0.471884 0.431895 0.487842 0.453810 0.497720 0.457519 0.414894 0.456844 0.206687 0.438975 0.216565 0.428860 0.424772
0 0.400202 0.474924 0.416049 0.505319 0.430209 0.497720 0.433243 0.457447 0.433243 0.400456 0.428186 0.189970 0.397842 0.198328 0.400877 0.381459 0.400877 0.444529
0 0.376601 0.466565 0.383682 0.483283 0.406608 0.490881 0.409643 0.462006 0.406608 0.397416 0.398179 0.221125 0.378624 0.231003 0.386716 0.361702 0.383682 0.397416 0.380647 0.453647
0 0.346258 0.457447 0.352664 0.477964 0.366487 0.484802 0.381659 0.479483 0.393122 0.439210 0.386379 0.387538 0.370196 0.215046 0.347943 0.225684 0.351315 0.354103 0.346932 0.381459 0.342212 0.418693
0 0.306136 0.449088 0.315577 0.468845 0.330411 0.474924 0.345583 0.479483 0.348618 0.455927 0.347269 0.390578 0.343560 0.345745 0.329063 0.253040 0.310519 0.262918 0.311868 0.358663 0.309171 0.417933
0 0.273769 0.427812 0.286244 0.446049 0.301753 0.465046 0.313554 0.439210 0.315577 0.401976 0.307822 0.259878 0.286244 0.268237 0.288941 0.358663 0.278827 0.384498
0 0.481119 0.503799 0.491908 0.507599 0.507080 0.505319 0.514160 0.500760 0.514835 0.436170 0.502697 0.202128 0.477748 0.203647 0.485502 0.371581 0.481794 0.457447
0 0.514160 0.494681 0.526972 0.505319 0.538098 0.494681 0.542144 0.473404 0.539447 0.354103 0.524275 0.227204 0.506406 0.240122 0.515846 0.384498 0.512138 0.457447
0 0.550236 0.500760 0.540796 0.462006 0.537761 0.420213 0.536413 0.371581 0.529332 0.195289 0.550236 0.199848 0.560688 0.353343 0.566757 0.405775 0.567431 0.434650 0.567431 0.474924 0.561699 0.500760
0 0.576534 0.473404 0.565745 0.484802 0.555968 0.453647 0.555968 0.403495 0.556642 0.186930 0.577546 0.190729 0.589683 0.344225 0.589683 0.386018 0.593729 0.423252 0.594403 0.470365 0.585300 0.484802
0 0.593055 0.481003 0.582940 0.465046 0.580917 0.421733 0.579568 0.363222 0.578894 0.219605 0.605529 0.219605 0.610249 0.371581 0.612610 0.414894 0.615981 0.446049 0.610249 0.477964 0.602495 0.481763
0 0.616655 0.474924 0.605529 0.449088 0.603844 0.405775 0.609575 0.370061 0.607552 0.238602 0.651382 0.251520 0.649697 0.354103 0.652057 0.397416 0.652057 0.430091 0.648348 0.463526 0.638233 0.474924 0.626770 0.470365
0 0.651382 0.465046 0.647674 0.421733 0.646325 0.384498 0.649022 0.335866 0.659811 0.229483 0.677006 0.232523 0.685098 0.376140 0.689818 0.401976 0.691504 0.430091 0.678692 0.453647 0.666217 0.462006 0.657788 0.462006
0 0.699258 0.455927 0.685772 0.430091 0.680715 0.405775 0.680040 0.351824 0.675657 0.316869 0.672960 0.242401 0.697235 0.237082 0.713756 0.348784 0.718813 0.366261 0.723871 0.392857 0.722859 0.424772 0.708024 0.439210
0 0.519892 0.549392 0.542144 0.559271 0.552259 0.768997 0.531355 0.772036 0.519218 0.633739
0 0.530681 0.560790 0.541470 0.526596 0.559339 0.555471 0.566419 0.615502 0.580917 0.798632 0.559339 0.810030 0.543830 0.645897
0 0.565071 0.602584 0.557316 0.575228 0.557991 0.550912 0.569454 0.536474 0.578220 0.531155 0.586649 0.569909 0.589009 0.607903 0.601821 0.798632 0.580243 0.788754
0 0.587997 0.625380 0.580917 0.589666 0.577208 0.556991 0.578894 0.539514 0.589009 0.526596 0.598112 0.526596 0.605529 0.557751 0.612610 0.609422 0.626096 0.772796 0.611261 0.772796 0.593055 0.681611
0 0.611935 0.602584 0.601146 0.566869 0.599461 0.525076 0.608901 0.518237 0.627444 0.518997 0.641268 0.518997 0.649697 0.544073 0.649697 0.592705 0.682738 0.731763 0.641268 0.743161 0.621038 0.681611
0 0.653405 0.591185 0.638908 0.550912 0.632502 0.531155 0.643965 0.496201 0.657788 0.494681 0.674309 0.487842 0.686446 0.522036 0.697235 0.579787 0.705664 0.607903 0.725893 0.699848 0.691504 0.720365
0 0.702293 0.557751 0.691504 0.531155 0.684423 0.522036 0.680715 0.487842 0.682063 0.474924 0.695887 0.462006 0.715105 0.449088 0.725893 0.449088 0.735334 0.486322 0.741065 0.536474 0.753877 0.617021 0.731625 0.629939
0 0.477748 0.555471 0.498989 0.549392 0.504383 0.798632 0.491234 0.801672
0 0.456170 0.546353 0.482131 0.553951 0.481794 0.648176 0.484828 0.798632 0.461227 0.788754
0 0.431895 0.594225 0.431895 0.550912 0.449764 0.534954 0.459541 0.565350 0.458193 0.670973 0.463924 0.819149 0.435941 0.807751
0 0.410317 0.662614 0.405260 0.586626 0.405260 0.556991 0.420432 0.537994 0.436952 0.569909 0.439649 0.578267 0.432569 0.657295 0.433918 0.797872 0.414700 0.784954
0 0.386716 0.718845 0.383007 0.623860 0.381659 0.596505 0.385705 0.533435 0.402225 0.528116 0.413014 0.544833 0.416723 0.559271 0.413014 0.622340 0.402225 0.772796 0.386716 0.774316
0 0.330748 0.707447 0.342212 0.636778 0.344909 0.589666 0.343560 0.550912 0.347943 0.523556 0.369184 0.520517 0.380647 0.520517 0.393796 0.531155 0.397168 0.553951 0.392111 0.592705 0.379299 0.696049 0.358395 0.764438 0.334794 0.727204
0 0.281187 0.657295 0.294673 0.612462 0.302090 0.566869 0.305462 0.534954 0.311868 0.509119 0.327040 0.500760 0.342886 0.518237 0.351989 0.523556 0.355698 0.534954 0.351989 0.582067 0.342212 0.609422 0.309845 0.709726
0 0.243088 0.589666 0.258935 0.534954 0.269724 0.499240 0.276129 0.479483 0.285233 0.476444 0.300405 0.487842 0.317599 0.503799 0.321308 0.518237 0.301079 0.562310 0.285570 0.596505 0.262980 0.655775 0.240054 0.612462
