0 0.472314 0.574468 0.493216 0.577508 0.503850 0.570669 0.501283 0.506079 0.486249 0.297872 0.458379 0.306231 0.469747 0.478723 0.473047 0.549392
0 0.445545 0.567629 0.455812 0.569149 0.467913 0.569149 0.474881 0.552432 0.471580 0.518237 0.455079 0.301672 0.434910 0.310030 0.444444 0.520517 0.445545 0.552432
0 0.409608 0.537994 0.414008 0.554711 0.423542 0.565350 0.436377 0.569149 0.441878 0.556231 0.443711 0.543313 0.440777 0.502280 0.429776 0.401976 0.407041 0.277356 0.387972 0.304711 0.403374 0.406535 0.411074 0.449088 0.413275 0.500000
0 0.383205 0.522036 0.379171 0.549392 0.380638 0.563070 0.391272 0.572948 0.404474 0.579787 0.415842 0.572188 0.418042 0.563830 0.418409 0.536474 0.415475 0.503799 0.410341 0.468085 0.392006 0.304711 0.363403 0.329787 0.385039 0.487082
0 0.326733 0.549392 0.327466 0.574468 0.335167 0.588906 0.354602 0.590426 0.368537 0.578267 0.377338 0.569149 0.378805 0.529635 0.374404 0.506079 0.365970 0.491641 0.343968 0.344985 0.311698 0.367781 0.317932 0.473404 0.330766 0.527356
0 0.289696 0.590426 0.285662 0.565350 0.284928 0.537994 0.284562 0.502280 0.275028 0.362462 0.309864 0.357143 0.326366 0.493161 0.328566 0.541793 0.330766 0.557751 0.328566 0.577508 0.323799 0.586626 0.316098 0.588906 0.304730 0.592705
0 0.252292 0.594225 0.240191 0.585106 0.239091 0.572188 0.238357 0.545593 0.243491 0.510638 0.240191 0.360942 0.266227 0.354103 0.276128 0.396657 0.281261 0.453647 0.287129 0.506079 0.289696 0.539514 0.292629 0.565350 0.287129 0.591945 0.280528 0.601824 0.268794 0.598024 0.258526 0.598024
0 0.502750 0.577508 0.508251 0.577508 0.528420 0.581307 0.534287 0.575988 0.534287 0.547112 0.532820 0.509119 0.535387 0.304711 0.505684 0.324468 0.504584 0.498480 0.500183 0.534195
0 0.525486 0.577508 0.544921 0.590426 0.553722 0.592705 0.559956 0.572948 0.558122 0.519757 0.556289 0.297872 0.532453 0.321429 0.535387 0.510638
0 0.556289 0.541793 0.556289 0.572948 0.570224 0.588906 0.579025 0.588906 0.587459 0.592705 0.589659 0.544073 0.596260 0.274316 0.575358 0.292553 0.559956 0.485562
0 0.583058 0.529635 0.579025 0.554711 0.576091 0.583587 0.579025 0.603343 0.584892 0.605623 0.594793 0.604863 0.605794 0.608663 0.611294 0.605623 0.616428 0.572948 0.617162 0.549392 0.617162 0.337386 0.598827 0.346505 0.586725 0.519757
0 0.607994 0.565350 0.612761 0.525836 0.613861 0.510638 0.622662 0.425532 0.626329 0.349544 0.647965 0.362462 0.642831 0.537994 0.644298 0.569149 0.640264 0.601064 0.625963 0.610182 0.617162 0.608663 0.607627 0.599544
0 0.653099 0.601064 0.637330 0.585106 0.635864 0.567629 0.644298 0.528875 0.653099 0.354103 0.679501 0.362462 0.689036 0.435410 0.675834 0.536474 0.672534 0.583587 0.674001 0.608663 0.666300 0.616261 0.656399 0.616261
0 0.683535 0.610942 0.674001 0.585106 0.674734 0.529635 0.687202 0.354103 0.717638 0.360942 0.720205 0.498480 0.721305 0.539514 0.723139 0.561550 0.724972 0.585106 0.711404 0.604863 0.700403 0.612462 0.692336 0.617781
0 0.503850 0.537994 0.529886 0.556231 0.528053 0.620061 0.510818 0.785714 0.492483 0.782675
0 0.525486 0.561550 0.555556 0.579787 0.524019 0.789514 0.510818 0.778875
0 0.539421 0.800912 0.543088 0.672492 0.544921 0.628419 0.549322 0.572948 0.565090 0.581307 0.573524 0.599544 0.571324 0.655775 0.556289 0.857903 0.532453 0.838146
0 0.576091 0.809271 0.570224 0.706687 0.571324 0.667933 0.565823 0.648176 0.565090 0.616261 0.573524 0.605623 0.592959 0.595745 0.599927 0.621581 0.595526 0.663374 0.588559 0.860182 0.575358 0.856383
0 0.599927 0.815350 0.594426 0.726444 0.594793 0.679331 0.597360 0.643617 0.604327 0.620061 0.620095 0.616261 0.628530 0.624620 0.618995 0.681611 0.614961 0.730243 0.607994 0.876140 0.597360 0.858663
0 0.660799 0.759119 0.646865 0.695289 0.641731 0.671733 0.641731 0.632219 0.668867 0.623100 0.686102 0.617781 0.691602 0.633739 0.696003 0.684650 0.734140 0.829787 0.680968 0.843465
0 0.723872 0.772036 0.705537 0.730243 0.695270 0.679331 0.689769 0.630699 0.696003 0.610942 0.714338 0.601064 0.733407 0.588906 0.744041 0.637538 0.745508 0.677052 0.773011 0.816869 0.764943 0.825988
0 0.479648 0.537994 0.506417 0.537994 0.505684 0.613982 0.494316 0.795593 0.480381 0.789514
0 0.461313 0.610182 0.459479 0.552432 0.467913 0.532675 0.482215 0.541793 0.487349 0.592705 0.481848 0.805471 0.464613 0.803951
0 0.436744 0.809271 0.431243 0.697568 0.431243 0.624620 0.429776 0.581307 0.435644 0.548632 0.455812 0.552432 0.466080 0.572188 0.462046 0.639058 0.459479 0.844225 0.439311 0.827508
0 0.413275 0.813070 0.415475 0.724924 0.412175 0.663374 0.400073 0.608663 0.400073 0.581307 0.414008 0.558511 0.425376 0.569149 0.431610 0.583587 0.431610 0.630699 0.434177 0.743921 0.425376 0.833587
0 0.378071 0.803951 0.378071 0.750000 0.378805 0.708207 0.374404 0.667933 0.370370 0.630699 0.369637 0.601824 0.374404 0.577508 0.380638 0.567629 0.404474 0.575988 0.405207 0.636018 0.404474 0.663374 0.397140 0.816869
0 0.315365 0.816869 0.330766 0.746201 0.330033 0.713526 0.330766 0.677812 0.335534 0.639818 0.338100 0.607143 0.336267 0.596505 0.328566 0.587386 0.311698 0.592705 0.295196 0.601064 0.287495 0.596505 0.280161 0.608663 0.282728 0.646657 0.287495 0.675532 0.281261 0.757599 0.284928 0.853343 0.319399 0.835106
0 0.206821 0.759119 0.226256 0.734043 0.231390 0.726444 0.258526 0.724164 0.279428 0.715805 0.289696 0.705927 0.289696 0.674012 0.288229 0.658055 0.283828 0.632219 0.281261 0.623100 0.281261 0.604863 0.269894 0.603343 0.257792 0.603343 0.240924 0.610182 0.233957 0.624620 0.189586 0.654255 0.180785 0.706687
