0 0.484281 0.382219 0.479264 0.411094 0.481271 0.487082 0.483278 0.531915 0.476589 0.576748 0.494983 0.605623 0.502007 0.597264 0.506020 0.550152 0.503010 0.462766 0.503010 0.427052 0.503010 0.402736
0 0.463545 0.384498 0.456856 0.431611 0.455853 0.474164 0.455853 0.527356 0.455853 0.559271 0.460535 0.576748 0.469565 0.574468 0.474582 0.509878 0.477258 0.438450 0.478261 0.395897 0.478261 0.373100
0 0.449833 0.384498 0.437124 0.411094 0.433110 0.485562 0.429097 0.507599 0.425418 0.554711 0.440134 0.592705 0.447826 0.592705 0.455853 0.574468 0.457860 0.503040 0.455853 0.438450 0.458863 0.395897
0 0.420401 0.389058 0.413378 0.420213 0.411371 0.476444 0.410368 0.521277 0.406689 0.554711 0.421405 0.550152 0.427090 0.500760 0.431104 0.436170 0.434114 0.367021
0 0.399666 0.373100 0.387960 0.395897 0.374247 0.460486 0.372241 0.529635 0.387960 0.536474 0.398662 0.536474 0.408696 0.512158 0.410368 0.402736 0.416388 0.362462
0 0.358528 0.322188 0.347492 0.357903 0.339799 0.429331 0.336789 0.467325 0.345485 0.509878 0.366221 0.512158 0.376254 0.481003 0.380936 0.389058 0.386957 0.344225 0.385953 0.329027
0 0.514716 0.391337 0.509699 0.447568 0.509699 0.503040 0.503010 0.554711 0.505017 0.594985 0.532441 0.599544 0.535452 0.554711 0.531438 0.485562 0.527425 0.429331 0.528428 0.393617
0 0.533445 0.391337 0.526421 0.440729 0.523746 0.481003 0.524749 0.521277 0.526421 0.547872 0.534448 0.581307 0.543144 0.583587 0.552174 0.569909 0.554181 0.531915 0.550167 0.474164 0.551171 0.411094 0.553177 0.386778
0 0.553177 0.431611 0.553177 0.467325 0.559197 0.545593 0.564883 0.576748 0.572910 0.579027 0.578595 0.514438 0.571906 0.443009 0.572910 0.373100 0.559866 0.367021 0.553177 0.382219
0 0.586622 0.373100 0.572910 0.411094 0.574916 0.460486 0.578595 0.525076 0.580602 0.541033 0.596321 0.538754 0.608361 0.538754 0.610033 0.498480 0.610033 0.443009 0.607358 0.389058 0.607358 0.360182 0.592642 0.355623
0 0.622074 0.357903 0.608361 0.407295 0.606355 0.460486 0.606355 0.500760 0.624080 0.541033 0.635786 0.523556 0.641806 0.507599 0.641806 0.462766 0.638796 0.398176 0.637793 0.355623
0 0.639799 0.344225 0.625084 0.402736 0.623077 0.460486 0.633779 0.491641 0.660201 0.509878 0.677258 0.505319 0.683946 0.483283 0.673244 0.438450 0.665217 0.405015 0.657525 0.339666 0.656522 0.326748
0 0.524749 0.791793 0.520736 0.737842 0.511706 0.675532 0.513712 0.639818 0.517726 0.612462 0.526421 0.619301 0.533445 0.628419 0.534448 0.675532 0.534448 0.711246 0.534448 0.755319 0.534448 0.791793 0.537458 0.829787 0.522742 0.825228
0 0.550167 0.619301 0.533445 0.621581 0.532441 0.639818 0.533445 0.675532 0.535452 0.717325 0.537458 0.749240 0.539465 0.804711 0.544147 0.856383 0.555184 0.800152 0.554181 0.762158 0.551171 0.688450 0.550167 0.655015
0 0.567893 0.605623 0.554181 0.619301 0.549164 0.659574 0.559866 0.715805 0.557191 0.789514 0.558194 0.831307 0.564883 0.847264 0.568896 0.802432 0.570903 0.740122 0.570903 0.706687 0.570903 0.666413 0.573913 0.626140
0 0.589632 0.585866 0.570903 0.617021 0.573913 0.659574 0.578595 0.704407 0.583612 0.749240 0.585619 0.775836 0.588629 0.793313 0.595318 0.780395 0.597324 0.737842 0.598328 0.693009 0.598328 0.643617
0 0.593311 0.583587 0.598328 0.657295 0.604348 0.740122 0.619064 0.802432 0.627759 0.755319 0.622074 0.659574 0.619064 0.607903 0.613043 0.590426
0 0.638796 0.559271 0.604348 0.569909 0.619064 0.637538 0.639799 0.713526 0.646488 0.759878 0.676254 0.733283 0.667224 0.681611 0.657525 0.632979
0 0.694649 0.521277 0.663211 0.518997 0.651505 0.545593 0.645485 0.574468 0.665217 0.632979 0.674247 0.686170 0.684950 0.733283 0.703679 0.735562 0.720401 0.699848 0.706689 0.612462
0 0.510033 0.795593 0.493980 0.695289 0.493980 0.630699 0.504013 0.614742 0.524749 0.643617 0.522742 0.683891 0.514716 0.751520 0.523746 0.802432 0.520736 0.854103 0.501003 0.844985
0 0.481271 0.617021 0.473579 0.632979 0.474582 0.695289 0.478261 0.737842 0.479264 0.787234 0.479264 0.813830 0.486288 0.827508 0.495987 0.831307 0.502007 0.797872 0.497993 0.726444 0.492308 0.688450 0.492308 0.637538
0 0.463545 0.607903 0.455853 0.630699 0.453846 0.677812 0.451839 0.721884 0.447826 0.773556 0.454849 0.833587 0.465552 0.831307 0.471572 0.749240 0.471572 0.668693 0.473579 0.612462
0 0.437124 0.621581 0.430100 0.635258 0.421405 0.648176 0.419398 0.728723 0.418395 0.813830 0.420401 0.851824 0.436120 0.811550 0.438127 0.744681 0.443813 0.683891 0.458863 0.603343
0 0.410368 0.599544 0.401672 0.628419 0.395652 0.683891 0.391973 0.773556 0.393645 0.820669 0.410368 0.768997 0.406689 0.719605 0.406689 0.670973 0.421405 0.614742 0.419398 0.583587
0 0.395652 0.559271 0.378930 0.569909 0.361204 0.626140 0.347492 0.683891 0.340803 0.724164 0.361204 0.773556 0.383946 0.755319 0.397659 0.666413 0.412375 0.592705 0.422408 0.574468
0 0.351505 0.523556 0.325753 0.541033 0.308361 0.599544 0.303344 0.645897 0.301338 0.688450 0.316054 0.733283 0.334783 0.726444 0.344482 0.675532 0.355518 0.635258 0.386957 0.556991 0.367224 0.541033
