0 0.491022 0.267477 0.493094 0.465805 0.493439 0.532675 0.465470 0.534195 0.461326 0.516717 0.466506 0.453647 0.467541 0.265957
0 0.467541 0.263678 0.464779 0.463526 0.460290 0.528875 0.441644 0.511398 0.440608 0.476444 0.443370 0.453647 0.444061 0.424012 0.456492 0.262918
0 0.451657 0.240122 0.443370 0.425532 0.442680 0.466565 0.437155 0.512918 0.425760 0.515957 0.417127 0.485562 0.415746 0.455927 0.429558 0.245441
0 0.435083 0.240122 0.426105 0.385258 0.429558 0.440729 0.426450 0.480243 0.421961 0.503799 0.412638 0.506839 0.403660 0.505319 0.398135 0.496960 0.394337 0.485562 0.394337 0.434650 0.410221 0.243921
0 0.377762 0.253040 0.376727 0.476444 0.387086 0.497720 0.402279 0.496960 0.412293 0.477964 0.411257 0.432371 0.409185 0.233283 0.376381 0.236322
0 0.377762 0.243161 0.378108 0.419453 0.377762 0.487842 0.350138 0.491641 0.336671 0.472644 0.335981 0.449088 0.351174 0.246960
0 0.341160 0.249240 0.340470 0.401976 0.334599 0.468845 0.317680 0.477204 0.302486 0.465805 0.296616 0.427812 0.299378 0.397416 0.305249 0.364742 0.314572 0.249240
0 0.276588 0.229483 0.272790 0.321429 0.251381 0.405775 0.274171 0.447568 0.290401 0.449088 0.296616 0.436930 0.304558 0.414894 0.308011 0.395137 0.308011 0.352584 0.304903 0.316869 0.306630 0.230243
0 0.494475 0.272796 0.494475 0.468845 0.493439 0.535714 0.511050 0.534954 0.529006 0.522796 0.525552 0.476444 0.514503 0.268237
0 0.515884 0.262918 0.525898 0.476444 0.525898 0.511398 0.531768 0.522796 0.539019 0.521277 0.544890 0.514438 0.549724 0.500000 0.548343 0.472644 0.546616 0.451368 0.536948 0.259878
0 0.540746 0.268237 0.546961 0.449848 0.548343 0.484802 0.556285 0.522796 0.564227 0.530395 0.570787 0.512918 0.573204 0.493921 0.571478 0.423252 0.568715 0.344225 0.556285 0.272036
0 0.561809 0.277356 0.568715 0.353343 0.571478 0.443769 0.571478 0.496960 0.572859 0.503799 0.579075 0.516717 0.583218 0.521277 0.592541 0.522796 0.595994 0.510638 0.598412 0.492401 0.598066 0.439970 0.595649 0.399696 0.578729 0.271277
0 0.624655 0.275836 0.620511 0.369301 0.620856 0.417933 0.620166 0.443009 0.620166 0.458967 0.624655 0.477964 0.626727 0.489362 0.635359 0.506839 0.648481 0.510638 0.660566 0.500000 0.666091 0.481763 0.661602 0.443769 0.659185 0.399696 0.661948 0.367781 0.667127 0.290274
0 0.668163 0.256839 0.665055 0.350304 0.658840 0.392857 0.658494 0.416413 0.661602 0.443769 0.668508 0.474924 0.676105 0.477204 0.688881 0.474924 0.697514 0.461246 0.703729 0.436930 0.700622 0.408815 0.699931 0.372340 0.700967 0.329787 0.703039 0.262918
0 0.705110 0.258359 0.702348 0.375380 0.702693 0.433891 0.709254 0.473404 0.725483 0.470365 0.735497 0.456687 0.741367 0.435410 0.739641 0.396657 0.742749 0.276596
0 0.494820 0.556991 0.499655 0.772036 0.521409 0.762158 0.517956 0.590426 0.516229 0.554711
0 0.516575 0.553191 0.516229 0.616261 0.522445 0.795593 0.546271 0.786474 0.537638 0.601824 0.538329 0.559271
0 0.543163 0.544833 0.536257 0.566869 0.538674 0.607903 0.551796 0.810790 0.572859 0.800152 0.565608 0.626900 0.563536 0.609422 0.560428 0.591185 0.559738 0.584347 0.560428 0.566109 0.561119 0.554711 0.558011 0.544833 0.551450 0.542553
0 0.571478 0.557751 0.560428 0.573708 0.560083 0.599544 0.561809 0.613222 0.564572 0.632219 0.579420 0.793313 0.598757 0.779635 0.591506 0.610182 0.590124 0.584347 0.584945 0.557751 0.576657 0.554711
0 0.620856 0.524316 0.607735 0.540274 0.608080 0.569909 0.617403 0.609422 0.625000 0.651976 0.647445 0.778875 0.695787 0.720365 0.664710 0.586626 0.658494 0.546353 0.652970 0.528116 0.641229 0.518237 0.630180 0.520517
0 0.679903 0.503799 0.660566 0.509878 0.657113 0.524316 0.659185 0.547872 0.664019 0.579787 0.670580 0.614742 0.717196 0.734043 0.751381 0.683891 0.722376 0.568389 0.713743 0.504559 0.697514 0.483283 0.685773 0.490122
0 0.493785 0.556231 0.501036 0.786474 0.480318 0.784954 0.474793 0.613982 0.473066 0.559271
0 0.473066 0.553951 0.475829 0.620821 0.483771 0.786474 0.465470 0.793313 0.453384 0.620821 0.450276 0.604863 0.449240 0.585106 0.449586 0.573708 0.452348 0.560790
0 0.446823 0.548632 0.454420 0.596505 0.456146 0.613982 0.454075 0.626900 0.456492 0.784195 0.428177 0.784954 0.422307 0.613222 0.429558 0.550912
0 0.411602 0.544073 0.423688 0.572188 0.424378 0.601824 0.429903 0.803191 0.404696 0.800912 0.391575 0.618541 0.387086 0.594985 0.387086 0.582067 0.389503 0.565350 0.397445 0.546353 0.403660 0.541793
0 0.384669 0.537234 0.374309 0.540274 0.362914 0.552432 0.361188 0.560790 0.360497 0.585866 0.341160 0.753799 0.372583 0.765198 0.390884 0.606383 0.395028 0.582067 0.396064 0.556991 0.391229 0.534954
0 0.346685 0.509878 0.330801 0.503799 0.320442 0.520517 0.313191 0.543313 0.270373 0.708967 0.319406 0.738602 0.361878 0.588906 0.366367 0.552432 0.369820 0.530395 0.355663 0.512918
0 0.306630 0.485562 0.280041 0.461246 0.264503 0.485562 0.242749 0.534195 0.219613 0.630699 0.270718 0.671733 0.308011 0.572948 0.317680 0.541793 0.322514 0.516717 0.315262 0.493921
