0 0.466155 0.336626 0.462317 0.408815 0.463712 0.443009 0.480112 0.455927 0.501745 0.447568 0.501745 0.368541 0.498953 0.110182 0.488835 0.059271 0.482554 0.063070 0.476971 0.090426 0.470691 0.187690
0 0.438939 0.341185 0.439986 0.405775 0.445220 0.427812 0.455338 0.439210 0.466155 0.417173 0.465457 0.255319 0.464061 0.180851 0.460921 0.107143 0.457083 0.052432 0.443126 0.041033 0.435101 0.052432
0 0.405792 0.348784 0.409630 0.419453 0.418004 0.439210 0.433706 0.430851 0.439637 0.392097 0.439637 0.252280 0.438241 0.089666 0.433706 0.039514 0.421144 0.024316 0.405094 0.046353
0 0.384159 0.344985 0.377879 0.395137 0.386950 0.417933 0.404745 0.414134 0.417306 0.397416 0.423587 0.322948 0.414166 0.093465 0.407188 0.046353 0.395673 0.044833 0.386253 0.076748 0.387299 0.205167
0 0.357641 0.341185 0.356943 0.386778 0.360782 0.412614 0.381717 0.408815 0.391137 0.383739 0.391835 0.259119 0.391835 0.150456 0.391835 0.113982 0.386950 0.060790 0.376134 0.063070 0.364620 0.120061 0.360782 0.204407
0 0.309491 0.314590 0.309491 0.365502 0.308793 0.397416 0.320656 0.414134 0.345080 0.417933 0.360782 0.395897 0.360084 0.338146 0.345429 0.191489 0.345080 0.148936 0.336008 0.117021 0.322749 0.118541 0.311933 0.250760
0 0.268318 0.318389 0.264480 0.360182 0.268318 0.389058 0.282275 0.404255 0.306699 0.401976 0.310188 0.376900 0.309491 0.272796 0.298674 0.174772 0.295534 0.130699 0.284020 0.106383 0.273901 0.122340 0.265527 0.194529 0.263782 0.240122
0 0.228890 0.307751 0.227495 0.338146 0.232729 0.372340 0.242149 0.385258 0.259246 0.378419 0.267620 0.350304 0.268318 0.282675 0.270063 0.198328 0.270063 0.166413 0.270063 0.125380 0.260642 0.103343 0.252268 0.118541
0 0.499651 0.356383 0.499651 0.412614 0.503489 0.457447 0.517097 0.461246 0.533496 0.433131 0.527216 0.291033 0.523378 0.151976 0.521284 0.104103 0.515701 0.073708 0.503838 0.076748 0.499302 0.121581
0 0.525471 0.371581 0.524075 0.416413 0.531752 0.436930 0.541172 0.438450 0.553733 0.412614 0.555129 0.319149 0.550942 0.108663 0.548849 0.079787 0.532798 0.074468 0.527565 0.212006
0 0.550244 0.334347 0.547104 0.360182 0.550593 0.420973 0.572226 0.439210 0.579204 0.420973 0.583391 0.359422 0.585485 0.217325 0.580949 0.113982 0.581647 0.063070 0.569435 0.053191 0.563852 0.160334
0 0.566643 0.351064 0.566992 0.401976 0.581996 0.420973 0.598744 0.427812 0.610956 0.406535 0.609909 0.310030 0.602233 0.192249 0.602233 0.128419 0.596650 0.089666 0.580949 0.089666
0 0.596999 0.352584 0.598395 0.396657 0.613398 0.427812 0.638172 0.405775 0.632240 0.324468 0.620726 0.181611 0.615492 0.145137 0.600488 0.156535
0 0.630147 0.329787 0.627006 0.354863 0.628053 0.402736 0.645499 0.421733 0.670621 0.416413 0.685276 0.399696 0.684927 0.359422 0.682135 0.237842 0.677948 0.207447 0.669225 0.167933 0.658758 0.156535 0.647244 0.183131 0.632589 0.317629
0 0.684927 0.325988 0.683182 0.367781 0.695394 0.401976 0.722261 0.406535 0.742847 0.359422 0.733426 0.302432 0.736218 0.241641 0.742149 0.197568 0.736567 0.149696 0.720516 0.136018 0.709700 0.143617
0 0.713887 0.429331 0.708653 0.445289 0.713538 0.487082 0.737264 0.586626 0.755059 0.628419 0.765178 0.646657 0.786811 0.638298 0.797976 0.604863 0.782624 0.539514 0.764829 0.447568 0.757851 0.420213 0.749477 0.412614 0.729937 0.413374
0 0.669225 0.459726 0.660154 0.472644 0.674808 0.543313 0.714585 0.671733 0.722261 0.696809 0.736218 0.693009 0.740056 0.655775 0.737962 0.605623 0.721214 0.512918 0.716678 0.464286 0.711445 0.447568 0.698883 0.439210
0 0.633985 0.462006 0.617237 0.454407 0.609211 0.480243 0.610258 0.512918 0.622470 0.572188 0.628402 0.628419 0.633636 0.674012 0.652477 0.711246 0.677251 0.733283 0.698535 0.727964 0.704117 0.688450 0.684927 0.633739 0.673064 0.575988 0.669225 0.529635 0.669923 0.477964 0.661549 0.454407
0 0.602233 0.460486 0.590021 0.467325 0.582345 0.492401 0.587230 0.531915 0.595255 0.583587 0.600837 0.642097 0.603978 0.696809 0.606769 0.726444 0.615841 0.753799 0.628053 0.743921 0.622121 0.659574 0.621424 0.585106 0.615143 0.471125
0 0.571179 0.469605 0.566643 0.476444 0.561759 0.494681 0.557223 0.534195 0.567690 0.601824 0.575017 0.687690 0.576762 0.721125 0.588276 0.753040 0.598395 0.750000 0.597348 0.696809 0.595255 0.550912 0.595604 0.515198 0.581996 0.463526
0 0.548849 0.439970 0.539428 0.451368 0.535590 0.496201 0.546755 0.656535 0.549197 0.715046 0.555478 0.760638 0.565597 0.776596 0.573273 0.768997 0.571179 0.648936 0.569435 0.545593 0.568737 0.472644 0.556176 0.446809
0 0.528611 0.449848 0.519191 0.460486 0.517097 0.508359 0.522680 0.594985 0.528960 0.684650 0.528960 0.716565 0.535590 0.740881 0.543615 0.733283 0.545010 0.598024 0.542917 0.471884 0.542568 0.463526 0.535590 0.454407
0 0.501047 0.474164 0.488835 0.467325 0.483601 0.515198 0.480461 0.615502 0.482903 0.655775 0.487090 0.661094 0.492673 0.661094 0.500698 0.617781 0.506281 0.488602
0 0.513957 0.474924 0.506281 0.478723 0.503838 0.484043 0.503489 0.564590 0.501396 0.617021 0.499302 0.680851 0.502094 0.692249 0.516050 0.699848 0.521284 0.660334 0.523378 0.573708 0.523726 0.468085
0 0.473831 0.450608 0.464759 0.460486 0.456385 0.490881 0.449407 0.550152 0.436148 0.667173 0.429518 0.725684 0.429518 0.755319 0.440335 0.761398 0.452198 0.709726 0.472435 0.585106 0.485345 0.517477 0.490230 0.488602 0.490579 0.471125
0 0.447662 0.457447 0.430565 0.469605 0.421493 0.514438 0.418004 0.612462 0.407886 0.715046 0.412770 0.753799 0.424983 0.747720 0.444173 0.612462 0.460921 0.515957 0.461968 0.503799 0.452896 0.477964
0 0.419400 0.471884 0.402303 0.469605 0.396371 0.504559 0.389393 0.598024 0.381019 0.674772 0.372645 0.724164 0.374389 0.746960 0.381368 0.751520 0.404745 0.689970 0.423238 0.553951 0.432310 0.509119 0.430565 0.480243
0 0.271110 0.427052 0.256106 0.434650 0.242149 0.525836 0.231333 0.558511 0.221214 0.611702 0.229937 0.640578 0.256106 0.627660 0.283671 0.561550 0.310886 0.488602 0.311933 0.471125 0.303559 0.451368 0.280181 0.436930
0 0.326588 0.443009 0.311235 0.449848 0.299721 0.490122 0.291347 0.536474 0.275297 0.601824 0.259944 0.642857 0.256106 0.684650 0.280879 0.702888 0.322401 0.650456 0.345778 0.555471 0.359386 0.494681 0.355897 0.471125
0 0.362875 0.468085 0.354152 0.471125 0.346476 0.496201 0.345080 0.552432 0.326239 0.637538 0.312631 0.677052 0.303559 0.704407 0.309491 0.736322 0.352756 0.724924 0.377530 0.677812 0.391486 0.594225 0.395673 0.552432 0.407188 0.500760 0.408932 0.475684 0.401256 0.463526 0.388346 0.458207
