0 0.473720 0.299392 0.474737 0.355623 0.476772 0.388298 0.476772 0.414134 0.473720 0.446809 0.472024 0.484043 0.467955 0.509878 0.472024 0.537994 0.495083 0.540274 0.495083 0.514438 0.494066 0.457447 0.492370 0.396657 0.491353 0.335866 0.491353 0.294833
0 0.448627 0.297112 0.448627 0.327508 0.448627 0.351064 0.446592 0.388298 0.446592 0.416413 0.444897 0.444529 0.443879 0.472644 0.444897 0.507599 0.453374 0.531155 0.463208 0.522796 0.465242 0.484043 0.465242 0.439970 0.465242 0.396657 0.465242 0.338146 0.466260 0.290274
0 0.425568 0.301672 0.424551 0.318389 0.424551 0.383739 0.422516 0.429331 0.421499 0.459726 0.421499 0.487842 0.421499 0.520517 0.434045 0.533435 0.445914 0.514438 0.445914 0.490122 0.445914 0.459726 0.445914 0.420973 0.442862 0.370821 0.441845 0.292553
0 0.404205 0.290274 0.404205 0.312310 0.404205 0.375380 0.404205 0.438450 0.404205 0.466565 0.404205 0.509878 0.409969 0.535714 0.422516 0.522796 0.427263 0.490122 0.427263 0.433891 0.427263 0.357903 0.426246 0.310030
0 0.376060 0.305471 0.378094 0.332067 0.378094 0.368541 0.382842 0.468845 0.378094 0.515957 0.390641 0.525076 0.397423 0.525076 0.401153 0.503040 0.401153 0.453647 0.401153 0.418693 0.404205 0.351064 0.404205 0.305471
0 0.348932 0.314590 0.348932 0.355623 0.348932 0.403495 0.348932 0.444529 0.348932 0.499240 0.350966 0.515957 0.361478 0.533435 0.371312 0.509878 0.375042 0.477204 0.376060 0.427052 0.375042 0.377660 0.368260 0.310030 0.360461 0.299392
0 0.326551 0.307751 0.324517 0.333587 0.322821 0.357903 0.319769 0.392857 0.317057 0.423252 0.314005 0.453647 0.312987 0.487842 0.319769 0.503040 0.329603 0.507599 0.341133 0.507599 0.345880 0.490122 0.344863 0.438450 0.344184 0.377660 0.345880 0.325228
0 0.519498 0.312310 0.515429 0.360182 0.510682 0.416413 0.504917 0.453647 0.500170 0.485562 0.498135 0.518237 0.504917 0.540274 0.528993 0.548632 0.527976 0.514438 0.530010 0.462006 0.534079 0.414134 0.536792 0.348784 0.537809 0.305471
0 0.549339 0.316869 0.547643 0.357903 0.542557 0.398936 0.537809 0.442249 0.530010 0.505319 0.533062 0.535714 0.543574 0.544833 0.550356 0.514438 0.550356 0.485562 0.553408 0.449088 0.555103 0.401216 0.561885 0.322948
0 0.573754 0.329787 0.569685 0.373100 0.566972 0.390578 0.562903 0.416413 0.561207 0.439970 0.557138 0.464286 0.553408 0.492401 0.551373 0.518237 0.551373 0.542553 0.562903 0.561550 0.576467 0.557751 0.579518 0.512158 0.579518 0.472644 0.582231 0.420973 0.594100 0.335866
0 0.595795 0.348784 0.591048 0.368541 0.582231 0.424772 0.578501 0.453647 0.574771 0.494681 0.569685 0.529635 0.577484 0.579027 0.590031 0.581307 0.596812 0.542553 0.596812 0.490122 0.599864 0.457447 0.608681 0.390578 0.611394 0.348784
0 0.617158 0.351064 0.614446 0.381459 0.603594 0.481763 0.599864 0.515957 0.597830 0.560030 0.603594 0.566109 0.613428 0.566109 0.619193 0.533435 0.619193 0.505319 0.620210 0.468845 0.623940 0.408055 0.629705 0.351064
0 0.635809 0.366261 0.631740 0.411854 0.623940 0.485562 0.622923 0.520517 0.621228 0.550912 0.624958 0.566109 0.643269 0.572948 0.649373 0.557751 0.645303 0.512158 0.643269 0.455167 0.643269 0.381459
0 0.668701 0.388298 0.663615 0.424772 0.657850 0.479483 0.654120 0.522796 0.651068 0.550912 0.651068 0.588146 0.656833 0.609422 0.669719 0.609422 0.677179 0.594225 0.681248 0.546353 0.681248 0.499240 0.693795 0.396657
0 0.500848 0.696809 0.500848 0.670213 0.500848 0.624620 0.500848 0.588146 0.502882 0.575228 0.520515 0.577508 0.519498 0.611702 0.514412 0.651216 0.516446 0.689970 0.516446 0.733283 0.512716 0.753040 0.500848 0.746201
0 0.528993 0.768237 0.523228 0.718085 0.522211 0.679331 0.522211 0.623100 0.523228 0.592705 0.526280 0.568389 0.537809 0.566109 0.541540 0.588146 0.536792 0.618541 0.535775 0.653495 0.535775 0.692249 0.535775 0.746201
0 0.550356 0.781155 0.548321 0.718085 0.546626 0.692249 0.544591 0.648936 0.544591 0.605623 0.543574 0.579027 0.558155 0.585866 0.563920 0.605623 0.563920 0.648936 0.561207 0.687690 0.560190 0.740122 0.560190 0.765957
0 0.572737 0.800912 0.574771 0.746201 0.570702 0.712006 0.568667 0.679331 0.566972 0.633739 0.563920 0.611702 0.562903 0.594225 0.573754 0.590426 0.582231 0.590426 0.590031 0.598784 0.589013 0.620821 0.588335 0.655015 0.588335 0.672492 0.585283 0.712006 0.585283 0.761398 0.585283 0.803191 0.583249 0.824468
0 0.598847 0.822188 0.596812 0.789514 0.595795 0.761398 0.595117 0.722644 0.595117 0.689970 0.595117 0.661854 0.591048 0.631459 0.588335 0.603343 0.596812 0.592705 0.603594 0.594225 0.612411 0.611702 0.612411 0.648936 0.613428 0.694529 0.613428 0.742401 0.613428 0.776596 0.612411 0.809271
0 0.629027 0.813830 0.621228 0.774316 0.619193 0.755319 0.619193 0.720365 0.619193 0.689970 0.619193 0.655015 0.616141 0.618541 0.614446 0.603343 0.622245 0.598784 0.633774 0.596505 0.649373 0.598784 0.652085 0.613982 0.653103 0.664134 0.655137 0.724924 0.657850 0.765957
0 0.704646 0.560030 0.696846 0.583587 0.690743 0.611702 0.687013 0.638298 0.710410 0.666413 0.719905 0.679331 0.736521 0.702888 0.751102 0.694529 0.751102 0.661854 0.745337 0.626900 0.733469 0.596505 0.723974 0.572948
0 0.494066 0.728723 0.493388 0.698328 0.496100 0.626900 0.498135 0.592705 0.489318 0.575228 0.488301 0.601064 0.485588 0.642097 0.483554 0.685410 0.481519 0.713526
0 0.474737 0.735562 0.476772 0.718085 0.477789 0.683891 0.484571 0.594225 0.487284 0.566109 0.472024 0.550912 0.465242 0.561550 0.466938 0.592705 0.466938 0.607903 0.466938 0.633739 0.466938 0.668693 0.465242 0.698328 0.462191 0.735562
0 0.452696 0.742401 0.452696 0.722644 0.455409 0.687690 0.457443 0.653495 0.460156 0.613982 0.463208 0.585866 0.463208 0.560030 0.450661 0.560030 0.441845 0.568389 0.441845 0.616261 0.441845 0.644377 0.439810 0.687690 0.437097 0.720365 0.437097 0.748480
0 0.420482 0.750760 0.428281 0.740122 0.431333 0.707447 0.433028 0.668693 0.436080 0.631459 0.439810 0.598784 0.439810 0.577508 0.437097 0.561550 0.423533 0.561550 0.420482 0.579027 0.417769 0.601064 0.412682 0.657295 0.412682 0.679331 0.412682 0.700608
0 0.403188 0.753040 0.407935 0.718085 0.409969 0.672492 0.412004 0.629179 0.415734 0.590426 0.417769 0.566109 0.413700 0.550912 0.403188 0.553191 0.393354 0.566109 0.393354 0.603343 0.393354 0.639818 0.393354 0.677052 0.388606 0.740122
0 0.368260 0.750760 0.377077 0.740122 0.383859 0.698328 0.385894 0.653495 0.386572 0.607903 0.395388 0.570669 0.394371 0.546353 0.383859 0.546353 0.364530 0.548632 0.357748 0.550912 0.356731 0.594225 0.353679 0.636018 0.342150 0.712006 0.339098 0.735562 0.355714 0.742401
0 0.327569 0.722644 0.332316 0.685410 0.339098 0.642097 0.346897 0.592705 0.356731 0.568389 0.357748 0.546353 0.352662 0.533435 0.341133 0.529635 0.330621 0.529635 0.317735 0.522796 0.315022 0.550912 0.315022 0.592705 0.310953 0.624620 0.302475 0.655015 0.300441 0.698328 0.312987 0.728723
0 0.283825 0.683891 0.288911 0.639818 0.294676 0.605623 0.301458 0.585866 0.311970 0.561550 0.318752 0.529635 0.310953 0.492401 0.302475 0.481763 0.286877 0.484043 0.278060 0.507599 0.274330 0.540274 0.267548 0.577508 0.259749 0.611702 0.267548 0.661854
