0 0.503655 0.436170 0.503655 0.463526 0.502959 0.493921 0.486599 0.503799 0.478246 0.486322 0.474417 0.471884 0.474417 0.444529 0.474417 0.417173 0.474417 0.392097 0.473721 0.357143 0.473721 0.329787 0.473721 0.309271 0.473721 0.262158 0.483467 0.253799 0.495997 0.277356 0.500870 0.321429 0.502262 0.365502
0 0.450400 0.414134 0.450400 0.451368 0.457362 0.493921 0.475113 0.478723 0.475809 0.440729 0.475809 0.410334 0.475809 0.380699 0.474417 0.351824 0.474417 0.333587 0.471284 0.294073 0.471284 0.265957 0.456666 0.255319 0.452837 0.278875 0.452837 0.314590 0.453533 0.357143
0 0.421859 0.422492 0.421859 0.456687 0.426384 0.491641 0.437174 0.510638 0.445875 0.510638 0.455969 0.476444 0.457362 0.417173 0.453533 0.393617 0.451096 0.353343 0.449704 0.311550 0.449704 0.285714 0.448660 0.265957 0.442743 0.235562 0.431953 0.224924 0.428820 0.231763 0.424991 0.250000 0.423947 0.285714 0.424643 0.331307 0.422555 0.378419
0 0.393317 0.429331 0.391577 0.469605 0.395405 0.493921 0.403759 0.503799 0.418726 0.498480 0.430908 0.480243 0.432649 0.433131 0.431605 0.405775 0.426384 0.370061 0.423947 0.321429 0.423947 0.294073 0.418726 0.265957 0.410024 0.259119 0.398538 0.263678 0.394013 0.268997 0.388444 0.289514 0.389140 0.324468 0.394013 0.372340
0 0.367560 0.420973 0.365124 0.454407 0.368256 0.483283 0.387748 0.496960 0.398538 0.493921 0.406892 0.465046 0.407936 0.434650 0.407240 0.405775 0.405499 0.367021 0.404107 0.351824 0.400278 0.313070 0.395405 0.280395 0.387748 0.260638 0.378350 0.265198 0.376262 0.299392 0.371389 0.361702
0 0.329621 0.427812 0.326488 0.455927 0.328924 0.490122 0.346676 0.496960 0.356074 0.505319 0.370693 0.498480 0.379394 0.469605 0.379394 0.440729 0.377654 0.405775 0.369300 0.367021 0.367560 0.346505 0.364427 0.326748 0.355378 0.299392 0.350505 0.272796 0.344239 0.262158 0.326836 0.252280 0.321267 0.270517 0.319527 0.309271 0.320571 0.341945 0.321267 0.380699
0 0.284024 0.417173 0.284024 0.440729 0.291681 0.463526 0.307344 0.474924 0.319875 0.477964 0.330665 0.456687 0.333449 0.430851 0.329621 0.397416 0.323703 0.363222 0.321963 0.332827 0.318134 0.294073 0.315698 0.280395 0.306648 0.250000 0.297250 0.238602 0.277758 0.240122 0.271145 0.262158 0.273234 0.300912 0.278107 0.333587 0.281587 0.363982 0.287156 0.400456
0 0.256874 0.380699 0.256874 0.424012 0.261747 0.446049 0.276366 0.444529 0.286460 0.429331 0.288897 0.398936 0.282631 0.353343 0.279499 0.332827 0.272537 0.299392 0.269405 0.274316 0.263836 0.250000 0.253742 0.252280 0.246084 0.260638 0.242952 0.287234 0.250957 0.313070 0.252349 0.343465
0 0.502262 0.437690 0.504351 0.476444 0.508528 0.502280 0.518622 0.503799 0.531500 0.487082 0.532196 0.455927 0.532196 0.405775 0.532196 0.360182 0.533241 0.316109 0.532196 0.278875 0.524539 0.240122 0.514445 0.240122 0.507483 0.274316 0.507832 0.321429 0.507832 0.390578
0 0.531500 0.434650 0.530804 0.477964 0.538462 0.493921 0.546119 0.491641 0.556213 0.465046 0.554821 0.415653 0.554821 0.370061 0.553428 0.324468 0.551688 0.282675 0.547163 0.243921 0.532196 0.248480 0.532196 0.287994 0.531500 0.363982 0.531500 0.412614
0 0.555517 0.412614 0.554821 0.455927 0.559346 0.498480 0.565611 0.516717 0.578141 0.501520 0.585103 0.471884 0.585799 0.447568 0.584058 0.404255 0.584058 0.360182 0.584058 0.322948 0.583362 0.295593 0.574313 0.238602 0.569440 0.218085 0.553428 0.220365 0.550296 0.255319 0.555517 0.296353
0 0.708667 0.395137 0.709711 0.425532 0.714236 0.449848 0.720153 0.448328 0.740341 0.436170 0.750435 0.425532 0.749043 0.389058 0.744866 0.357143 0.744170 0.319909 0.742778 0.304711 0.742778 0.277356 0.742778 0.255319 0.730247 0.243161 0.721197 0.250760 0.714236 0.291033 0.709363 0.338146 0.707971 0.380699
0 0.625131 0.422492 0.618865 0.439210 0.619213 0.465046 0.630700 0.478723 0.641490 0.493161 0.657501 0.495441 0.673164 0.477964 0.676993 0.447568 0.676297 0.427812 0.674556 0.392097 0.679429 0.365502 0.679429 0.336626 0.679429 0.313070 0.679429 0.287994 0.676297 0.262158 0.659937 0.255319 0.640794 0.277356 0.636617 0.303191 0.632092 0.341185 0.630003 0.401976
0 0.597981 0.441489 0.597981 0.461246 0.606683 0.493161 0.619910 0.506839 0.635225 0.493161 0.636617 0.462766 0.632788 0.439210 0.632092 0.397416 0.628959 0.373860 0.628959 0.339666 0.627567 0.309271 0.626175 0.280395 0.621998 0.258359 0.613644 0.250000 0.605291 0.270517 0.603550 0.304711 0.602158 0.336626 0.601810 0.367021 0.599025 0.400456
0 0.571876 0.432371 0.570484 0.454407 0.575009 0.487082 0.585103 0.508359 0.598329 0.512158 0.605987 0.487082 0.611208 0.456687 0.611208 0.425532 0.611208 0.392097 0.611208 0.361702 0.611208 0.329787 0.611208 0.310790 0.609119 0.281155 0.609119 0.267477 0.595197 0.252280 0.583362 0.255319 0.578141 0.278875 0.578141 0.322948 0.578141 0.363222 0.577445 0.398936
0 0.501566 0.542553 0.502262 0.574468 0.502959 0.620061 0.506091 0.648936 0.505395 0.694529 0.505395 0.719605 0.508528 0.736322 0.511312 0.753799 0.520014 0.748480 0.524539 0.712766 0.524539 0.669453 0.522450 0.611702 0.522450 0.579787 0.522450 0.542553 0.510616 0.539514
0 0.520014 0.557751 0.523147 0.598024 0.526975 0.655775 0.529412 0.686170 0.532544 0.730243 0.535329 0.752280 0.544727 0.756839 0.549600 0.727964 0.548556 0.689210 0.546467 0.640578 0.543334 0.606383 0.543334 0.564590 0.542290 0.539514 0.523147 0.537234
0 0.542290 0.552432 0.543334 0.601824 0.546467 0.652736 0.548556 0.683131 0.553428 0.723404 0.559346 0.756839 0.571876 0.762158 0.578837 0.740122 0.578837 0.693009 0.575705 0.645137 0.571876 0.606383 0.571876 0.569149 0.565611 0.541033 0.557257 0.524316 0.547163 0.531915
0 0.571876 0.537234 0.572572 0.572948 0.576401 0.608663 0.580926 0.650456 0.585103 0.697568 0.587887 0.737082 0.601810 0.752280 0.611904 0.719605 0.609816 0.684650 0.606683 0.645137 0.603550 0.603343 0.602158 0.575988 0.602158 0.538754 0.594152 0.517477 0.580230 0.516717
0 0.594849 0.532675 0.591368 0.556231 0.599025 0.585106 0.603550 0.628419 0.606683 0.669453 0.612252 0.708207 0.616081 0.738602 0.625827 0.762158 0.635921 0.763678 0.639053 0.724924 0.636617 0.697568 0.630700 0.647416 0.628959 0.608663 0.628959 0.572948 0.628959 0.542553 0.622694 0.508359 0.603550 0.505319
0 0.616777 0.528875 0.616777 0.542553 0.623042 0.566109 0.630700 0.586626 0.635225 0.614742 0.641490 0.650456 0.651584 0.684650 0.661678 0.711246 0.671424 0.721884 0.681518 0.726444 0.694744 0.709726 0.697181 0.676292 0.692308 0.647416 0.684650 0.611702 0.677689 0.578267 0.674904 0.550912 0.674904 0.528875 0.672468 0.501520 0.666203 0.498480 0.649147 0.506839 0.629655 0.520517
0 0.709363 0.454407 0.709363 0.483283 0.717369 0.522036 0.737905 0.566109 0.747302 0.588146 0.762966 0.611702 0.775844 0.621581 0.786982 0.603343 0.784546 0.567629 0.775148 0.539514 0.769927 0.517477 0.767490 0.496960 0.762966 0.463526 0.754960 0.433131 0.741385 0.430851 0.736512 0.433131 0.721197 0.447568
0 0.486599 0.547872 0.482771 0.581307 0.480334 0.614742 0.480334 0.650456 0.478246 0.682371 0.476505 0.705927 0.475809 0.736322 0.483815 0.752280 0.493909 0.743921 0.496693 0.712766 0.495997 0.686170 0.497738 0.643617 0.499826 0.611702 0.501566 0.591185 0.504699 0.575988 0.502959 0.538754
0 0.461190 0.539514 0.459450 0.569909 0.458058 0.608663 0.454925 0.650456 0.450400 0.683131 0.450400 0.708207 0.450400 0.736322 0.451096 0.758359 0.460494 0.767477 0.466411 0.752280 0.468152 0.718085 0.471981 0.665653 0.475113 0.633739 0.480682 0.600304 0.485903 0.579787 0.487296 0.554711 0.483815 0.544073 0.472677 0.534195
0 0.435781 0.541033 0.431605 0.579787 0.431605 0.608663 0.425687 0.661094 0.424643 0.702888 0.425687 0.750000 0.437870 0.762158 0.449008 0.741641 0.450400 0.683131 0.454229 0.648936 0.458058 0.604863 0.463627 0.537234 0.457362 0.517477 0.447964 0.522036
0 0.404803 0.530395 0.399930 0.569149 0.400278 0.588146 0.398538 0.625380 0.395405 0.664134 0.394709 0.701368 0.396798 0.728723 0.413853 0.750000 0.420118 0.715046 0.420118 0.667173 0.419422 0.623860 0.431953 0.571429 0.437174 0.553951 0.434041 0.530395 0.428820 0.509119 0.415593 0.510638
0 0.376958 0.527356 0.372433 0.563070 0.369997 0.599544 0.363731 0.645137 0.362339 0.677812 0.362339 0.709726 0.366864 0.741641 0.382179 0.738602 0.394013 0.662614 0.399930 0.621581 0.405499 0.581307 0.412461 0.552432 0.415593 0.535714 0.411069 0.518997 0.404107 0.509119 0.400975 0.493921 0.386008 0.505319
0 0.333797 0.503799 0.328924 0.531915 0.329621 0.553951 0.323703 0.596505 0.319527 0.623860 0.315698 0.658815 0.312565 0.679331 0.312913 0.709726 0.325792 0.726444 0.345284 0.704407 0.354682 0.689210 0.359903 0.661094 0.367560 0.625380 0.372433 0.588146 0.378350 0.559271 0.387052 0.542553 0.388444 0.520517 0.388444 0.505319 0.376262 0.506839 0.372085 0.509119 0.365124 0.509119 0.350505 0.505319
0 0.283328 0.493161 0.277758 0.522036 0.277062 0.544073 0.269405 0.567629 0.266272 0.584347 0.260703 0.607143 0.257222 0.626900 0.256178 0.643617 0.257919 0.669453 0.267664 0.683131 0.279499 0.686170 0.296554 0.662614 0.304908 0.637538 0.313609 0.610182 0.319875 0.586626 0.325792 0.563070 0.330317 0.552432 0.335886 0.535714 0.335886 0.516717 0.332057 0.496960 0.318134 0.488602 0.308737 0.477964 0.292029 0.480243
0 0.247128 0.440729 0.237731 0.458207 0.234598 0.471884 0.232162 0.495441 0.227637 0.522036 0.222764 0.550912 0.213714 0.566109 0.211974 0.575988 0.210581 0.594985 0.216847 0.611702 0.230769 0.614742 0.245388 0.594985 0.259311 0.579787 0.274626 0.531915 0.284024 0.510638 0.289593 0.469605 0.281935 0.461246 0.270797 0.454407 0.260703 0.439210
