0 0.475279 0.569149 0.489206 0.576463 0.520195 0.567154 0.514276 0.533245 0.483287 0.297207 0.469011 0.301197 0.470752 0.476064 0.473886 0.512633
0 0.442201 0.564495 0.462396 0.573138 0.477019 0.571809 0.475975 0.494681 0.465529 0.325133 0.448468 0.325133 0.448120 0.465426 0.443593 0.552527
0 0.402855 0.561170 0.429666 0.580452 0.442201 0.562500 0.448120 0.505319 0.420613 0.261303 0.396588 0.280585 0.404248 0.389628 0.408078 0.490691
0 0.367688 0.551197 0.381964 0.568484 0.398677 0.555186 0.413301 0.555851 0.413649 0.502660 0.405641 0.283910 0.381964 0.293883 0.377786 0.409574 0.371866 0.487367 0.370125 0.515293
0 0.287604 0.503989 0.298398 0.543883 0.310585 0.547872 0.322423 0.541888 0.339136 0.543883 0.349234 0.501995 0.347841 0.442819 0.347841 0.390293 0.316852 0.298537 0.292827 0.311835 0.290390 0.388298 0.290390 0.450798 0.292827 0.471410
0 0.519499 0.574468 0.555014 0.574468 0.558148 0.555851 0.556058 0.499335 0.556058 0.317819 0.539694 0.323803 0.522632 0.432846 0.514276 0.529255
0 0.558844 0.565824 0.575209 0.565824 0.587744 0.558511 0.590877 0.537899 0.586699 0.488697 0.570682 0.317154 0.555710 0.323803 0.553621 0.429521 0.558844 0.492021 0.556058 0.542553
0 0.602368 0.563165 0.587744 0.537899 0.592967 0.478723 0.626393 0.277261 0.644847 0.283245 0.635794 0.394282 0.626393 0.492021 0.625348 0.536569
0 0.633357 0.552527 0.622563 0.540559 0.621518 0.505319 0.632660 0.458112 0.653552 0.310505 0.661908 0.311835 0.660515 0.404920 0.658774 0.436170 0.656685 0.496011 0.656685 0.540559 0.646240 0.558511
0 0.663301 0.555851 0.653203 0.537899 0.663301 0.462101 0.668175 0.331117 0.690460 0.336436 0.685237 0.424202 0.682799 0.490691 0.684192 0.522606 0.686630 0.545213
0 0.698468 0.564495 0.684192 0.543883 0.683496 0.524601 0.687326 0.482713 0.682799 0.416223 0.694986 0.308511 0.725975 0.339761 0.731546 0.448803 0.732939 0.476064 0.734680 0.506649 0.730153 0.559840 0.718315 0.564495 0.713788 0.563165
0 0.758008 0.570479 0.740599 0.559840 0.730153 0.498005 0.729109 0.459441 0.730850 0.434176 0.738510 0.313165 0.761838 0.314495 0.775766 0.418218 0.774025 0.464096 0.775418 0.486037 0.777855 0.498005 0.784123 0.521277 0.784123 0.533245 0.777855 0.549202
0 0.524373 0.597074 0.545961 0.599734 0.555014 0.833112 0.535167 0.833112
0 0.546657 0.593750 0.561281 0.593750 0.573120 0.595080 0.574513 0.614362 0.569638 0.661569 0.575209 0.831782 0.561281 0.835771 0.549791 0.703457 0.546657 0.623005
0 0.572772 0.676862 0.565808 0.642952 0.580084 0.571809 0.590529 0.589096 0.595404 0.611702 0.599930 0.625000 0.604805 0.649601 0.620125 0.732713 0.613162 0.846410 0.595404 0.843750 0.576602 0.713431
0 0.623259 0.695479 0.619429 0.655585 0.614554 0.642287 0.612465 0.625000 0.620822 0.595745 0.634053 0.595080 0.646588 0.615691 0.645543 0.660239 0.646588 0.836436 0.627089 0.833112
0 0.649721 0.702793 0.649373 0.662899 0.647284 0.627660 0.646588 0.619016 0.649373 0.611702 0.656337 0.604388 0.665042 0.597074 0.672006 0.613032 0.677228 0.625000 0.679666 0.655585 0.671309 0.830452 0.658774 0.828457 0.651114 0.753324
0 0.497214 0.595745 0.524373 0.597074 0.535167 0.834441 0.517409 0.835771
0 0.470056 0.589761 0.500348 0.592420 0.517409 0.837766 0.500000 0.839096
0 0.438370 0.666223 0.445334 0.613032 0.451253 0.597074 0.457521 0.589761 0.467618 0.589761 0.479109 0.629654 0.483287 0.734043 0.472493 0.873005 0.451602 0.861037
0 0.410515 0.664894 0.409819 0.627660 0.418175 0.592420 0.436630 0.589761 0.449861 0.599734 0.442201 0.663564 0.440460 0.700133 0.434540 0.849734 0.420265 0.842420 0.411908 0.678191
0 0.377786 0.679521 0.377786 0.630984 0.381616 0.601064 0.387187 0.586436 0.406685 0.587766 0.413649 0.604388 0.415042 0.636303 0.409819 0.701463 0.393454 0.833112 0.375696 0.821144
0 0.298050 0.773936 0.315111 0.672207 0.322075 0.650266 0.322423 0.611702 0.337047 0.577793 0.354109 0.577793 0.364903 0.589096 0.377786 0.586436 0.380919 0.620346 0.382660 0.632314 0.367688 0.667553 0.353760 0.741356 0.323816 0.809840
