0 0.476110 0.315350 0.481871 0.369301 0.486276 0.414134 0.488987 0.451368 0.488987 0.490122 0.476110 0.493161 0.460183 0.491641 0.457472 0.462766 0.458150 0.417173 0.460183 0.378419 0.460861 0.346505 0.458828 0.317629 0.457133 0.291033 0.463911 0.280395 0.475432 0.300912
0 0.457472 0.375380 0.458150 0.441489 0.457133 0.485562 0.449339 0.498480 0.439173 0.498480 0.434090 0.488602 0.437140 0.449848 0.436462 0.408055 0.438495 0.367021 0.439851 0.329027 0.438495 0.296353 0.442901 0.275076 0.457133 0.278116 0.458150 0.296353
0 0.435784 0.406535 0.437140 0.438450 0.434768 0.480243 0.430701 0.500000 0.420535 0.500000 0.412741 0.478723 0.409014 0.433891 0.412064 0.396657 0.414097 0.363982 0.414775 0.329027 0.413419 0.306231 0.413419 0.272036 0.418502 0.252280 0.427652 0.246201 0.433412 0.273556 0.433412 0.313830 0.432735 0.352584
0 0.389698 0.420973 0.389698 0.451368 0.401220 0.488602 0.413419 0.474164 0.421213 0.417933 0.418502 0.375380 0.414097 0.332067 0.413419 0.291793 0.410369 0.270517 0.403931 0.262158 0.395120 0.272036 0.393765 0.313830 0.394443 0.354103
0 0.344290 0.392097 0.343951 0.439970 0.341918 0.469605 0.321586 0.477204 0.305998 0.461246 0.297187 0.411094 0.298543 0.367021 0.299559 0.335106 0.300237 0.303951 0.301593 0.280395 0.306676 0.265198 0.321925 0.263678 0.329041 0.296353 0.338190 0.341185
0 0.486954 0.411094 0.486276 0.443009 0.489665 0.475684 0.492714 0.488602 0.499153 0.491641 0.506947 0.487082 0.513724 0.481003 0.516435 0.475684 0.516435 0.438450 0.513385 0.408055 0.511352 0.376900 0.509997 0.349544 0.509997 0.304711 0.509997 0.278116 0.500508 0.259119 0.491020 0.272036 0.489665 0.296353 0.488309 0.333587 0.487631 0.367021 0.486954 0.395137
0 0.516435 0.436930 0.517791 0.471125 0.525246 0.490122 0.535073 0.481003 0.539478 0.462766 0.536767 0.417933 0.537445 0.369301 0.537445 0.333587 0.537445 0.313830 0.537445 0.278116 0.531006 0.256079 0.522196 0.247720 0.515757 0.270517 0.516435 0.336626 0.515757 0.385258
0 0.535073 0.417173 0.538123 0.464286 0.544561 0.484043 0.553372 0.493161 0.563877 0.480243 0.566249 0.427052 0.565571 0.378419 0.564893 0.341185 0.564554 0.312310 0.563199 0.278116 0.563199 0.257599 0.559810 0.234802 0.555405 0.226444 0.547611 0.226444 0.540156 0.273556 0.541511 0.326748
0 0.559132 0.404255 0.559132 0.443769 0.565571 0.481003 0.583531 0.481003 0.590647 0.435410 0.590647 0.395137 0.586920 0.346505 0.580481 0.289514 0.577093 0.252280 0.571332 0.247720 0.566926 0.246201 0.562521 0.310790 0.561843 0.375380
0 0.640461 0.320669 0.638428 0.372340 0.638428 0.405015 0.642494 0.443009 0.653338 0.455927 0.667909 0.461246 0.677736 0.459726 0.682142 0.422492 0.680108 0.386778 0.674348 0.344985 0.671976 0.315350 0.667231 0.293313 0.663504 0.281915 0.658421 0.278116 0.645544 0.278116
0 0.501186 0.508359 0.499831 0.538754 0.502542 0.561550 0.501864 0.610182 0.504236 0.650456 0.502880 0.674772 0.505591 0.696049 0.510674 0.703647 0.517791 0.690729 0.516435 0.658055 0.519146 0.619301 0.520163 0.577508 0.520163 0.538754 0.520840 0.515957 0.520840 0.506839 0.515757 0.503040
0 0.522196 0.515957 0.520163 0.582067 0.520840 0.613222 0.520840 0.658815 0.520840 0.692249 0.527279 0.708967 0.535073 0.708967 0.537445 0.666413 0.538123 0.614742 0.538123 0.566109 0.543206 0.525836 0.542189 0.500000
0 0.543206 0.511398 0.537445 0.571429 0.539478 0.600304 0.540834 0.643617 0.543206 0.700608 0.543883 0.736322 0.551677 0.763678 0.559132 0.766717 0.567604 0.750760 0.564893 0.693769 0.563877 0.653495 0.564893 0.600304 0.565571 0.547112 0.563877 0.517477 0.556083 0.501520 0.548289 0.496960
0 0.563199 0.534195 0.563199 0.580547 0.564554 0.636018 0.566926 0.682371 0.570315 0.719605 0.577770 0.731003 0.584886 0.721125 0.586920 0.671733 0.586920 0.624620 0.587936 0.571429 0.587936 0.535714 0.581498 0.519757 0.570315 0.506839 0.566249 0.514438
0 0.585564 0.532675 0.586920 0.569909 0.587936 0.604863 0.587936 0.645137 0.587936 0.673252 0.587259 0.710486 0.594375 0.740881 0.605219 0.743921 0.614368 0.727964 0.608607 0.674772 0.609285 0.648936 0.615385 0.611702 0.619451 0.580547 0.614368 0.530395 0.600813 0.514438 0.589292 0.517477
0 0.672992 0.522796 0.673670 0.572948 0.680786 0.595745 0.701796 0.623100 0.717723 0.643617 0.726195 0.648936 0.735005 0.653495 0.740766 0.630699 0.734327 0.597264 0.722806 0.554711 0.716706 0.517477 0.709590 0.485562 0.698068 0.491641 0.688580 0.501520
0 0.504236 0.514438 0.504914 0.548632 0.501864 0.604863 0.500508 0.640578 0.499153 0.680851 0.496103 0.708207 0.487631 0.706687 0.483226 0.660334 0.483226 0.579027 0.483904 0.530395 0.483904 0.506839
0 0.484581 0.511398 0.483226 0.556231 0.483226 0.594985 0.483904 0.630699 0.483226 0.664894 0.481871 0.710486 0.477465 0.742401 0.471027 0.747720 0.467299 0.718085 0.465944 0.658055 0.466621 0.603343 0.463911 0.558511 0.461538 0.517477 0.463233 0.503040 0.473060 0.509878
0 0.460183 0.518997 0.465266 0.558511 0.466621 0.601824 0.465266 0.632979 0.461538 0.674772 0.457133 0.716565 0.456455 0.749240 0.448661 0.769757 0.441545 0.778116 0.435107 0.750760 0.435107 0.695289 0.437818 0.645897 0.439851 0.588906 0.439851 0.551672 0.441545 0.525836 0.447984 0.511398
0 0.436462 0.603343 0.440529 0.606383 0.439173 0.632219 0.436462 0.660334 0.432057 0.695289 0.424263 0.710486 0.418502 0.713526 0.416130 0.677812 0.419858 0.632979 0.419858 0.597264 0.429346 0.593465
0 0.426296 0.545593 0.421213 0.590426 0.421213 0.632219 0.416808 0.669453 0.412741 0.703647 0.408336 0.734802 0.399526 0.743921 0.390376 0.729483 0.393765 0.679331 0.391054 0.620061 0.389698 0.585866 0.396815 0.534195 0.403253 0.522796 0.416808 0.534195
0 0.368011 0.551672 0.367333 0.606383 0.354795 0.647416 0.336157 0.679331 0.320230 0.702128 0.303626 0.726444 0.290749 0.740881 0.286344 0.703647 0.300915 0.655015 0.305320 0.621581 0.306676 0.580547 0.308709 0.541793 0.311759 0.527356 0.327347 0.525836 0.336157 0.527356 0.352084 0.527356
