0 0.485340 0.338146 0.487065 0.377660 0.484305 0.427052 0.483270 0.462006 0.481200 0.500760 0.486375 0.531155 0.503967 0.515957 0.506037 0.484043 0.503967 0.416413 0.505002 0.375380 0.508796 0.335866 0.502932 0.320669 0.492239 0.320669
0 0.463608 0.327508 0.457744 0.398936 0.459469 0.431611 0.461538 0.462006 0.469472 0.529635 0.475336 0.500760 0.476371 0.449088 0.475336 0.396657 0.475336 0.353343
0 0.445671 0.333587 0.446706 0.347264 0.448775 0.390578 0.446706 0.429331 0.440842 0.457447 0.437047 0.505319 0.453605 0.490122 0.456709 0.418693 0.458779 0.363982 0.460504 0.332067 0.455674 0.316869
0 0.430148 0.335866 0.429113 0.375380 0.424974 0.429331 0.423249 0.464286 0.424974 0.505319 0.437047 0.496960 0.440842 0.455167 0.444981 0.414134 0.444981 0.370821 0.445671 0.335866 0.445671 0.318389 0.436012 0.312310
0 0.411176 0.314590 0.412211 0.351064 0.411176 0.398936 0.404277 0.444529 0.401518 0.479483 0.417385 0.494681 0.423249 0.494681 0.428079 0.462006 0.428079 0.416413 0.430148 0.375380 0.430148 0.338146 0.430148 0.318389 0.429113 0.294833
0 0.386685 0.316869 0.381856 0.353343 0.377027 0.392857 0.372887 0.429331 0.372887 0.464286 0.382891 0.487842 0.400483 0.485562 0.405312 0.464286 0.405312 0.439970 0.405312 0.403495 0.403587 0.338146 0.406347 0.310030 0.398413 0.297112
0 0.359089 0.284195 0.356330 0.312310 0.351156 0.342705 0.343222 0.375380 0.338393 0.408055 0.337358 0.444529 0.348396 0.472644 0.363229 0.474924 0.377027 0.462006 0.373922 0.433891 0.368058 0.396657 0.370818 0.353343 0.377027 0.312310 0.377027 0.279635
0 0.325630 0.286474 0.318731 0.325228 0.315626 0.353343 0.308727 0.398936 0.302863 0.423252 0.299069 0.455167 0.314591 0.466565 0.335288 0.470365 0.346326 0.438450 0.345291 0.388298 0.346326 0.347264 0.352190 0.299392 0.355295 0.284195 0.339427 0.271277
0 0.516730 0.320669 0.516730 0.348784 0.514660 0.401216 0.511901 0.427052 0.507071 0.459726 0.506037 0.507599 0.508796 0.522796 0.522594 0.525076 0.530528 0.509878 0.532597 0.474924 0.533632 0.439970 0.536392 0.394377 0.538462 0.353343 0.544326 0.318389
0 0.545360 0.329787 0.542256 0.377660 0.535357 0.429331 0.533632 0.479483 0.541566 0.512158 0.557089 0.520517 0.562953 0.487842 0.562953 0.449088 0.562263 0.377660 0.567092 0.320669 0.558123 0.314590
0 0.569162 0.320669 0.569162 0.357903 0.562953 0.424772 0.562263 0.462006 0.565022 0.500760 0.578820 0.503040 0.582960 0.468845 0.585719 0.414134 0.590548 0.347264 0.590548 0.312310
0 0.586754 0.327508 0.585719 0.357903 0.582960 0.403495 0.579855 0.451368 0.579855 0.487842 0.589859 0.509878 0.601587 0.496960 0.603656 0.462006 0.604346 0.401216 0.604346 0.355623 0.606416 0.318389 0.596758 0.312310
0 0.610555 0.322948 0.603656 0.366261 0.598482 0.411854 0.595723 0.470365 0.601587 0.503040 0.622284 0.512158 0.636081 0.499240 0.638151 0.468845 0.634012 0.405775 0.634012 0.344985 0.630217 0.322948
0 0.636081 0.310030 0.632977 0.351064 0.632977 0.398936 0.632977 0.439970 0.641945 0.481763 0.652639 0.490122 0.671611 0.492401 0.673336 0.474924 0.673336 0.455167 0.672646 0.414134 0.664712 0.375380 0.661607 0.329787 0.656778 0.305471
0 0.669541 0.303191 0.668506 0.363982 0.668506 0.429331 0.671611 0.472644 0.688168 0.479483 0.700241 0.464286 0.706106 0.449088 0.707140 0.424772 0.701276 0.381459 0.691273 0.344985 0.691273 0.299392
0 0.506037 0.550912 0.501897 0.583587 0.502932 0.618541 0.500172 0.685410 0.500172 0.731003 0.508796 0.689970 0.514660 0.636018 0.516730 0.603343 0.519834 0.568389 0.519834 0.555471
0 0.525699 0.550912 0.518800 0.616261 0.518800 0.657295 0.511901 0.720365 0.515695 0.781155 0.527768 0.702888 0.533632 0.624620 0.536392 0.588146 0.542256 0.546353
0 0.537427 0.544833 0.535357 0.603343 0.535357 0.646657 0.536392 0.712006 0.541566 0.757599 0.551225 0.661854 0.554329 0.618541 0.554329 0.579027 0.553294 0.544833
0 0.563988 0.548632 0.557089 0.563830 0.556054 0.594225 0.554329 0.653495 0.556054 0.705167 0.562263 0.750760 0.566057 0.692249 0.568127 0.620821 0.570887 0.577508
0 0.576061 0.542553 0.568127 0.563830 0.572956 0.609422 0.576751 0.646657 0.579855 0.707447 0.588824 0.722644 0.593653 0.687690 0.593653 0.623100 0.593653 0.566109 0.589859 0.535714
0 0.631942 0.525076 0.626078 0.540274 0.624353 0.555471 0.636081 0.594225 0.647810 0.639818 0.654709 0.681611 0.670576 0.705167 0.685409 0.677052 0.687133 0.629179 0.677475 0.577508 0.665747 0.540274 0.666437 0.518237
0 0.684374 0.507599 0.671611 0.514438 0.668506 0.535714 0.677475 0.561550 0.686444 0.598784 0.694032 0.648936 0.708865 0.677052 0.723698 0.677052 0.728872 0.638298 0.731632 0.609422 0.723698 0.563830 0.709900 0.522796 0.706106 0.500760 0.697137 0.496960
0 0.490169 0.722644 0.496033 0.677052 0.499138 0.631459 0.500862 0.588146 0.503967 0.548632 0.489134 0.535714 0.487065 0.557751 0.487065 0.579027 0.486375 0.609422 0.484305 0.639818 0.483270 0.668693 0.480166 0.700608
0 0.482235 0.535714 0.476371 0.537994 0.470507 0.537994 0.462573 0.592705 0.463608 0.620821 0.468437 0.664134 0.468437 0.713526 0.470507 0.748480 0.477406 0.629179 0.482235 0.575228
0 0.452570 0.548632 0.448775 0.577508 0.447741 0.596505 0.446706 0.611702 0.445671 0.646657 0.446706 0.677052 0.446706 0.735562 0.456709 0.718085 0.457744 0.659574 0.465678 0.560030
0 0.438082 0.531155 0.430148 0.568389 0.429113 0.601064 0.426009 0.633739 0.421180 0.681611 0.422215 0.742401 0.431873 0.670213 0.434978 0.626900 0.444981 0.566109
0 0.409452 0.733283 0.410486 0.700608 0.416350 0.670213 0.430148 0.594225 0.432908 0.566109 0.436012 0.537994 0.422215 0.527356 0.415316 0.537994 0.413246 0.555471 0.412211 0.583587 0.409452 0.613982 0.406347 0.644377 0.404277 0.661854 0.400483 0.692249
0 0.389790 0.742401 0.390824 0.715805 0.397723 0.677052 0.399448 0.636018 0.402553 0.596505 0.407382 0.566109 0.411176 0.533435 0.404277 0.515957 0.392549 0.515957 0.385650 0.522796 0.381856 0.537994 0.378751 0.575228 0.372887 0.607903 0.367023 0.636018 0.360124 0.664134 0.359089 0.689970 0.365988 0.712006
0 0.341497 0.679331 0.346326 0.651216 0.355295 0.613982 0.363919 0.585866 0.375992 0.557751 0.375992 0.531155 0.371852 0.512158 0.363229 0.496960 0.351156 0.490122 0.336323 0.500760 0.332528 0.533435 0.328389 0.566109 0.319765 0.601064 0.311832 0.626900 0.319765 0.672492
0 0.300103 0.629179 0.313901 0.570669 0.324595 0.542553 0.333563 0.514438 0.332528 0.499240 0.314591 0.487842 0.296999 0.477204 0.289065 0.490122 0.284236 0.546353 0.273198 0.585866 0.276302 0.616261
