0 0.488494 0.529920 0.529289 0.525266 0.531729 0.491356 0.507671 0.257314 0.479777 0.261968 0.485007 0.450133 0.485007 0.496011
0 0.450488 0.496011 0.465830 0.522606 0.487448 0.513298 0.489888 0.489362 0.478382 0.278590 0.453278 0.283910 0.454324 0.442819 0.449442 0.460106
0 0.412483 0.482048 0.423989 0.510638 0.441771 0.513298 0.454324 0.482048 0.441771 0.312500 0.425384 0.247340 0.408647 0.247340 0.416318 0.423537
0 0.378312 0.479388 0.398536 0.510638 0.419107 0.484043 0.419107 0.450133 0.411437 0.396941 0.410042 0.276596 0.392259 0.278590 0.384589 0.353723 0.387378 0.377660
0 0.351813 0.472074 0.358089 0.491356 0.369596 0.501330 0.388424 0.486702 0.385983 0.433511 0.384589 0.273936 0.369596 0.276596 0.359484 0.416223
0 0.300209 0.480718 0.339609 0.489362 0.358787 0.469415 0.354951 0.418883 0.358787 0.291223 0.320432 0.289229 0.306834 0.408910 0.296374 0.429521
0 0.270572 0.382979 0.255579 0.414229 0.252441 0.468085 0.275453 0.485372 0.301953 0.474069 0.306137 0.414229 0.315551 0.358378 0.314854 0.275266 0.295676 0.275931 0.279637 0.343085
0 0.253138 0.301197 0.238494 0.319814 0.228382 0.361037 0.241980 0.378324 0.252441 0.404255 0.272315 0.396277 0.285216 0.365691 0.285914 0.330452 0.297071 0.240691 0.267434 0.224734 0.258020 0.252660
0 0.532427 0.521941 0.571827 0.529255 0.577406 0.484707 0.545328 0.242021 0.518828 0.255319 0.528243 0.450133 0.524407 0.480718
0 0.577406 0.521941 0.598326 0.529255 0.613319 0.505984 0.614017 0.465426 0.573222 0.275931 0.549163 0.283245 0.568689 0.450133 0.564505 0.476064
0 0.597978 0.449468 0.619944 0.491356 0.639121 0.469415 0.646095 0.444814 0.642957 0.403590 0.654463 0.264628 0.627964 0.253989
0 0.615760 0.460771 0.616806 0.501995 0.628661 0.507979 0.631799 0.521941 0.656904 0.515293 0.678522 0.396277 0.683752 0.312500 0.662134 0.310505 0.658298 0.361037 0.646444 0.414229
0 0.650976 0.511303 0.671199 0.541888 0.688633 0.532580 0.697699 0.507979 0.695258 0.469415 0.707113 0.321144 0.686192 0.313830 0.682357 0.364362 0.663877 0.466755 0.656904 0.480718
0 0.694561 0.541888 0.723849 0.523271 0.739191 0.529255 0.747908 0.515293 0.748257 0.495346 0.738494 0.458777 0.732218 0.327793 0.707113 0.324468 0.697001 0.405585 0.700139 0.445479 0.689679 0.510638
0 0.740237 0.505984 0.764296 0.527926 0.775105 0.519947 0.779637 0.509309 0.787657 0.506649 0.791841 0.463431 0.776499 0.423537 0.755579 0.315160 0.735007 0.315160 0.730126 0.394947 0.737099 0.440824
0 0.782078 0.464761 0.806834 0.495346 0.819735 0.460106 0.830195 0.452793 0.828801 0.402261 0.782775 0.297207 0.757322 0.317154 0.762204 0.400931 0.776499 0.429521
0 0.543236 0.539229 0.556137 0.750000 0.568340 0.750000 0.577755 0.543218
0 0.570084 0.552527 0.581590 0.532580 0.604254 0.541888 0.604603 0.742021 0.585774 0.744681
0 0.596583 0.575798 0.602859 0.535239 0.616109 0.521277 0.635286 0.554521 0.638075 0.599734 0.631799 0.788564 0.612971 0.785904 0.607392 0.700798
0 0.627615 0.576463 0.635983 0.540559 0.656206 0.532580 0.677127 0.567819 0.663529 0.621676 0.646095 0.774601 0.629010 0.766622 0.635286 0.603723
0 0.658647 0.622340 0.662483 0.605718 0.664923 0.587766 0.675732 0.587766 0.683752 0.577793 0.700139 0.598404 0.711994 0.656915 0.733961 0.704787 0.732218 0.742686 0.716179 0.774601 0.707462 0.763963 0.710251 0.728059
0 0.671897 0.557181 0.679916 0.548537 0.698047 0.549202 0.723849 0.535904 0.737796 0.546543 0.741283 0.587766 0.752092 0.605718 0.772315 0.698138 0.731869 0.726064 0.709205 0.666888 0.678173 0.599069
0 0.733612 0.536569 0.750000 0.517287 0.762204 0.524601 0.769526 0.510638 0.790446 0.521941 0.797420 0.544548 0.795328 0.603723 0.814854 0.712101 0.780683 0.736702 0.757671 0.658245 0.743026 0.601064 0.734310 0.579787
0 0.790446 0.542553 0.800907 0.513298 0.819735 0.513298 0.824616 0.520612 0.833333 0.519282 0.838912 0.525931 0.854603 0.541223 0.852859 0.589096 0.847280 0.610372 0.850767 0.698138 0.811018 0.720080 0.800907 0.668883 0.798117 0.622340 0.799512 0.597074
0 0.517434 0.537899 0.549163 0.539894 0.547768 0.611702 0.544630 0.749335 0.529637 0.750000 0.519874 0.628989
0 0.491283 0.538564 0.516039 0.539894 0.521967 0.558511 0.520223 0.631649 0.528243 0.748670 0.503138 0.748005 0.492329 0.616356 0.487448 0.567819
0 0.455370 0.549867 0.472106 0.523271 0.485704 0.525931 0.495816 0.605053 0.466527 0.777261 0.433054 0.761303
0 0.415621 0.549867 0.421897 0.523271 0.434449 0.513298 0.445955 0.524601 0.460948 0.551862 0.450837 0.589761 0.427824 0.741356 0.405160 0.729388 0.416667 0.641622
0 0.385983 0.518617 0.370642 0.667553 0.369247 0.747340 0.387378 0.755984 0.395746 0.668883 0.421548 0.559840 0.421548 0.530585 0.414923 0.532580 0.405858 0.511303
0 0.286611 0.513298 0.300907 0.486702 0.322524 0.498670 0.339609 0.500665 0.354254 0.533910 0.330195 0.589761 0.289400 0.722074 0.258020 0.678191 0.284868 0.565824
0 0.229428 0.505984 0.237796 0.475399 0.255927 0.480053 0.264644 0.473404 0.274756 0.481383 0.282078 0.474734 0.293584 0.505984 0.284170 0.552527 0.260460 0.675532 0.223849 0.657580 0.231520 0.561835
