0 0.462713 0.468845 0.459872 0.521277 0.462358 0.541033 0.485440 0.537994 0.492543 0.528875 0.488636 0.438450 0.482599 0.284195 0.479403 0.252280 0.472301 0.226444 0.464134 0.234043 0.458452 0.381459
0 0.437500 0.480243 0.436080 0.522036 0.455256 0.541793 0.464489 0.520517 0.462358 0.418693 0.459162 0.294833 0.458097 0.227964 0.445668 0.226444 0.442472 0.254559 0.442472 0.363982
0 0.415128 0.444529 0.418679 0.521277 0.433239 0.534195 0.444247 0.512918 0.445312 0.473404 0.445668 0.338146 0.447798 0.230243 0.443537 0.184650 0.430398 0.184650 0.426136 0.280395
0 0.353338 0.434650 0.349077 0.474164 0.356179 0.494681 0.384233 0.486322 0.398793 0.446809 0.391335 0.378419 0.383523 0.280395 0.377131 0.240881 0.369318 0.218845 0.356179 0.272796 0.356534 0.358663
0 0.311435 0.421733 0.309659 0.472644 0.339134 0.489362 0.351918 0.458967 0.349787 0.367021 0.348722 0.276596 0.343395 0.225684 0.335582 0.160334 0.330256 0.148176 0.316051 0.145897 0.307884 0.176292 0.303977 0.205927
0 0.492188 0.466565 0.491122 0.488602 0.495739 0.536474 0.503906 0.541793 0.519176 0.537234 0.524148 0.522036 0.520597 0.456687 0.520241 0.354103 0.525568 0.265957 0.524503 0.220365 0.519886 0.208207 0.514560 0.206687 0.507812 0.225684 0.506037 0.278116
0 0.520597 0.449848 0.523438 0.522796 0.533381 0.530395 0.546875 0.516717 0.545810 0.428571 0.545099 0.304711 0.546875 0.237842 0.546520 0.200608 0.539062 0.192249 0.533381 0.202128 0.529119 0.308511 0.522727 0.367021
0 0.546520 0.428571 0.546165 0.496960 0.548295 0.518997 0.565696 0.506079 0.575284 0.493921 0.576705 0.414134 0.568892 0.321429 0.571023 0.246201 0.571023 0.200608 0.561435 0.177052 0.553267 0.226444 0.546165 0.288754 0.546165 0.324468
0 0.669389 0.401216 0.666548 0.442249 0.683239 0.457447 0.715909 0.452888 0.711648 0.389058 0.712713 0.378419 0.714844 0.350304 0.728338 0.304711 0.736861 0.272036 0.739347 0.231003 0.727983 0.202888 0.720170 0.218845 0.690341 0.297112
0 0.628551 0.481003 0.624645 0.497720 0.625000 0.537234 0.638494 0.632979 0.654474 0.709726 0.667259 0.734802 0.690341 0.730243 0.698509 0.677812 0.685369 0.605623 0.676847 0.536474 0.679332 0.490881 0.671875 0.474924 0.658026 0.473404
0 0.594815 0.496960 0.588778 0.512158 0.596591 0.584347 0.621094 0.734802 0.632102 0.770517 0.647017 0.774316 0.649858 0.743921 0.639915 0.652736 0.626776 0.556231 0.623224 0.497720
0 0.577770 0.510638 0.563210 0.517477 0.561080 0.540274 0.572443 0.612462 0.580611 0.708207 0.587713 0.762918 0.600142 0.774316 0.608310 0.757599 0.596946 0.637538 0.592685 0.568389 0.594815 0.541033 0.590909 0.505319
0 0.544744 0.541033 0.539773 0.544833 0.538707 0.580547 0.551847 0.662614 0.566406 0.762918 0.581676 0.806231 0.586293 0.796353 0.588778 0.769757 0.577060 0.664134 0.567472 0.585106 0.561080 0.531915
0 0.524148 0.547112 0.515270 0.556231 0.517756 0.581307 0.529119 0.681611 0.537287 0.765957 0.541193 0.801672 0.546520 0.803951 0.554688 0.793313 0.548651 0.680091 0.540838 0.600304 0.540483 0.564590 0.539418 0.547112
0 0.501420 0.547112 0.494318 0.554711 0.500000 0.598024 0.511364 0.705927 0.518821 0.772796 0.522727 0.804711 0.532670 0.808511 0.534801 0.778875 0.526634 0.656535 0.520597 0.585106 0.516690 0.550152
0 0.480469 0.546353 0.479403 0.577508 0.486861 0.680851 0.496449 0.764438 0.504261 0.785714 0.511719 0.775076 0.508523 0.686170 0.500000 0.573708 0.495739 0.546353
0 0.459162 0.547112 0.459872 0.558511 0.462003 0.668693 0.467330 0.765957 0.478693 0.829027 0.490767 0.828267 0.494318 0.772796 0.485440 0.641337 0.480469 0.574468 0.478693 0.552432
0 0.440341 0.534195 0.434659 0.556991 0.432884 0.624620 0.440341 0.774316 0.455256 0.824468 0.464489 0.832827 0.471591 0.801672 0.462003 0.677812 0.462003 0.605623 0.458807 0.552432 0.457031 0.541033
0 0.420099 0.517477 0.412642 0.532675 0.411577 0.590426 0.413352 0.645897 0.411577 0.754559 0.411222 0.789514 0.416903 0.810790 0.432884 0.789514 0.442116 0.682371 0.443892 0.582067 0.441406 0.534195 0.428977 0.528116
0 0.400213 0.509119 0.386009 0.521277 0.387784 0.560790 0.391690 0.670213 0.390625 0.750760 0.394886 0.787994 0.405185 0.788754 0.412287 0.724924 0.413707 0.620821 0.414062 0.574468 0.421165 0.536474 0.421520 0.525076
0 0.331321 0.502280 0.317827 0.515957 0.308949 0.557751 0.284801 0.592705 0.276989 0.626140 0.288352 0.677812 0.301136 0.682371 0.316051 0.667933 0.337003 0.630699 0.357955 0.581307 0.371094 0.553951 0.372869 0.522796 0.359730 0.508359
