0 0.451591 0.519757 0.484766 0.515957 0.481043 0.438450 0.472580 0.257599 0.442112 0.265198 0.452268 0.420973
0 0.438050 0.521277 0.449560 0.519757 0.457346 0.488602 0.452945 0.446809 0.445159 0.253799 0.421462 0.260638 0.432972 0.430091
0 0.403521 0.500000 0.411984 0.528875 0.420785 0.525836 0.432295 0.493161 0.432972 0.455927 0.433649 0.401216 0.420785 0.246201 0.396073 0.257599 0.403521 0.405775 0.406229 0.462766
0 0.384563 0.498480 0.390318 0.527356 0.402844 0.509878 0.409276 0.508359 0.415030 0.491641 0.411307 0.432371 0.399797 0.283435 0.378808 0.281915 0.387610 0.446809
0 0.367299 0.464286 0.367299 0.506839 0.374746 0.535714 0.384563 0.519757 0.388287 0.493161 0.397427 0.484043 0.389641 0.435410 0.386256 0.270517 0.362221 0.289514 0.368653 0.419453
0 0.332092 0.471125 0.332769 0.504559 0.339878 0.532675 0.357143 0.532675 0.363575 0.518997 0.374746 0.494681 0.372376 0.455927 0.368991 0.430091 0.352065 0.294833 0.300948 0.338146 0.330061 0.443009
0 0.487813 0.518997 0.519973 0.509878 0.513541 0.433891 0.518619 0.233283 0.484089 0.240881 0.483412 0.433891 0.484089 0.487082
0 0.519296 0.511398 0.546716 0.506839 0.547393 0.477204 0.543670 0.408055 0.535884 0.231763 0.510156 0.244681 0.519973 0.427052 0.514895 0.461246
0 0.539607 0.482523 0.549763 0.504559 0.554502 0.514438 0.567705 0.509878 0.574137 0.481763 0.577522 0.454407 0.574137 0.215046 0.548070 0.230243 0.539607 0.427052
0 0.564658 0.446809 0.567028 0.477204 0.570413 0.488602 0.580569 0.495441 0.587001 0.506839 0.600542 0.474164 0.599188 0.445289 0.591401 0.224924 0.569059 0.234802
0 0.587678 0.445289 0.591401 0.477204 0.597156 0.503040 0.604942 0.506079 0.609343 0.511398 0.620176 0.490122 0.625254 0.464286 0.625931 0.401216 0.625254 0.267477 0.604942 0.270517 0.593433 0.422492
0 0.639472 0.509878 0.645565 0.462766 0.656737 0.424012 0.689235 0.283435 0.723764 0.313830 0.702437 0.422492 0.690928 0.462766 0.686527 0.495441 0.685850 0.530395 0.671970 0.550152 0.660460 0.543313 0.643873 0.535714
0 0.491875 0.535714 0.512187 0.531915 0.513541 0.601824 0.509140 0.739362 0.494922 0.734043
0 0.512864 0.532675 0.522343 0.528875 0.529452 0.531915 0.537238 0.556231 0.534529 0.594985 0.528775 0.786474 0.512187 0.784195
0 0.532160 0.610182 0.531483 0.563070 0.532837 0.541793 0.545362 0.535714 0.555518 0.547112 0.561273 0.574468 0.563304 0.838146 0.541638 0.821429
0 0.560257 0.634498 0.558226 0.604863 0.556872 0.584347 0.556872 0.567629 0.572106 0.544833 0.582600 0.547112 0.587001 0.575988 0.587001 0.613222 0.588355 0.661854 0.593433 0.844225 0.577861 0.852584
0 0.590047 0.674772 0.581923 0.619301 0.579892 0.584347 0.582600 0.558511 0.600880 0.554711 0.612390 0.564590 0.615775 0.601824 0.618822 0.832827 0.602911 0.842705
0 0.470210 0.532675 0.494245 0.528875 0.495599 0.769757 0.483412 0.776596
0 0.450237 0.538754 0.471225 0.537234 0.480366 0.778116 0.468179 0.785714
0 0.429248 0.588906 0.426540 0.550152 0.436357 0.535714 0.448883 0.540274 0.455315 0.626140 0.454638 0.851064 0.431280 0.851064
0 0.407583 0.640578 0.403521 0.594985 0.411307 0.567629 0.430603 0.567629 0.430603 0.617781 0.432295 0.828267 0.420785 0.849544
0 0.389641 0.709726 0.385240 0.636018 0.386256 0.575988 0.393365 0.558511 0.409276 0.561550 0.415030 0.572948 0.412661 0.627660 0.409276 0.709726 0.405552 0.834347 0.385917 0.834347
0 0.337170 0.813830 0.342248 0.715046 0.350034 0.658055 0.355789 0.630699 0.355789 0.584347 0.364590 0.567629 0.390318 0.571429 0.400474 0.580547 0.397766 0.627660 0.391672 0.687690 0.380162 0.844225
0 0.296209 0.769757 0.300948 0.705167 0.307041 0.658055 0.313473 0.633739 0.315504 0.587386 0.319228 0.570669 0.342248 0.567629 0.358158 0.582827 0.362898 0.617781 0.350034 0.651976 0.339878 0.699088 0.325660 0.826748
0 0.250846 0.734802 0.250846 0.664894 0.259986 0.630699 0.268111 0.614742 0.270819 0.570669 0.272173 0.545593 0.295870 0.538754 0.312458 0.545593 0.323290 0.554711 0.323290 0.606383 0.309749 0.671733 0.292485 0.747720
