0 0.459514 0.548156 0.485324 0.546107 0.487854 0.509221 0.474190 0.330943 0.462045 0.335041 0.462045 0.485656 0.457490 0.527664
0 0.435223 0.542008 0.461538 0.545082 0.461538 0.501025 0.457490 0.330943 0.444332 0.342213 0.436741 0.485656
0 0.413968 0.551230 0.425101 0.545082 0.437753 0.514344 0.441296 0.483607 0.442814 0.408811 0.422065 0.307377 0.415992 0.315574 0.417510 0.387295 0.410931 0.452869 0.406377 0.531762
0 0.382085 0.516393 0.386134 0.556352 0.406883 0.537910 0.415992 0.532787 0.416498 0.491803 0.404858 0.347336 0.393219 0.342213 0.386134 0.350410 0.388158 0.430328 0.385628 0.502049
0 0.361336 0.531762 0.362854 0.461066 0.355263 0.346311 0.370445 0.342213 0.385628 0.469262 0.389676 0.517418 0.383603 0.540984 0.373988 0.552254
0 0.317308 0.534836 0.326417 0.552254 0.336538 0.550205 0.351215 0.557377 0.358300 0.545082 0.361336 0.491803 0.358300 0.480533 0.360830 0.428279 0.345648 0.327869 0.325405 0.350410 0.316296 0.365779 0.324899 0.464139 0.317814 0.504098
0 0.294534 0.524590 0.307692 0.536885 0.317308 0.525615 0.318826 0.473361 0.323887 0.442623 0.325911 0.403689 0.307692 0.325820 0.280364 0.326844 0.289474 0.420082 0.284919 0.455943 0.277328 0.485656 0.279352 0.515369
0 0.487854 0.547131 0.514676 0.543033 0.512652 0.488730 0.503543 0.331967 0.487854 0.341189 0.489372 0.461066 0.485830 0.509221
0 0.514676 0.539959 0.512652 0.512295 0.515688 0.484631 0.508603 0.347336 0.527834 0.343238 0.530364 0.454918 0.537449 0.524590 0.527328 0.545082
0 0.536437 0.525615 0.552632 0.537910 0.560729 0.526639 0.556174 0.476434 0.552632 0.411885 0.555668 0.309426 0.535931 0.311475 0.537449 0.424180 0.535931 0.507172
0 0.561235 0.525615 0.554150 0.505123 0.555162 0.438525 0.566296 0.306352 0.584514 0.309426 0.582996 0.429303 0.584514 0.483607 0.585526 0.515369 0.573887 0.526639
0 0.636640 0.511270 0.634109 0.442623 0.632591 0.335041 0.670040 0.342213 0.672571 0.471311 0.672065 0.510246 0.645243 0.516393
0 0.670547 0.447746 0.672065 0.306352 0.685223 0.302254 0.698381 0.417008 0.704960 0.480533 0.696862 0.504098 0.678138 0.505123 0.672065 0.491803 0.670547 0.478484
0 0.497470 0.576844 0.515182 0.572746 0.535931 0.717213 0.522773 0.726434
0 0.511134 0.570697 0.531377 0.560451 0.537449 0.608607 0.548583 0.727459 0.537449 0.727459
0 0.534919 0.572746 0.538462 0.553279 0.551113 0.556352 0.558198 0.578893 0.568320 0.763320 0.557692 0.756148 0.546559 0.684426
0 0.560729 0.592213 0.558704 0.556352 0.584008 0.553279 0.586538 0.614754 0.585526 0.671107 0.594130 0.740779 0.576923 0.740779 0.565789 0.674180
0 0.593117 0.623975 0.582996 0.577869 0.584514 0.545082 0.613360 0.553279 0.619433 0.614754 0.628543 0.753074 0.613360 0.747951
0 0.477733 0.575820 0.497976 0.580943 0.511134 0.720287 0.497470 0.734631 0.478239 0.589139
0 0.460020 0.576844 0.480263 0.578893 0.494433 0.691598 0.491903 0.755123 0.470142 0.737705
0 0.432186 0.576844 0.459514 0.565574 0.462045 0.617828 0.475709 0.761270 0.451923 0.752049
0 0.409413 0.584016 0.435223 0.568648 0.446356 0.582992 0.444332 0.618852 0.441296 0.643443 0.436741 0.778689 0.417004 0.775615 0.419534 0.722336 0.411943 0.643443 0.408401 0.601434
0 0.378543 0.648566 0.373988 0.609631 0.379555 0.578893 0.403340 0.580943 0.412449 0.581967 0.414980 0.638320 0.408401 0.693648 0.393725 0.799180 0.377024 0.780738 0.378036 0.712090
