0 0.487410 0.386018 0.483453 0.482523 0.486331 0.556991 0.506835 0.554711 0.506835 0.478723 0.511511 0.379939 0.493165 0.363982
0 0.476619 0.371581 0.469784 0.408815 0.464029 0.462006 0.465827 0.522036 0.476619 0.550912 0.485252 0.522036 0.490288 0.406535 0.491007 0.355623 0.477698 0.347264
0 0.449281 0.359422 0.446403 0.402736 0.438849 0.452128 0.436691 0.495441 0.435612 0.515957 0.443525 0.536474 0.457194 0.544073 0.462950 0.488602 0.462950 0.447568 0.469784 0.370061
0 0.424101 0.367781 0.424101 0.392097 0.424101 0.427052 0.424101 0.460486 0.424101 0.482523 0.424101 0.522036 0.425899 0.542553 0.437770 0.546353 0.450360 0.530395 0.454317 0.511398 0.449281 0.470365 0.444604 0.441489 0.440647 0.402736 0.440647 0.370061 0.435612 0.353343
0 0.403597 0.359422 0.403597 0.394377 0.402878 0.420973 0.400719 0.464286 0.398921 0.509878 0.399640 0.530395 0.408633 0.546353 0.425180 0.537994 0.429137 0.519757 0.426978 0.482523 0.424101 0.446049 0.423022 0.405015 0.423022 0.363982
0 0.369784 0.386018 0.369784 0.423252 0.369784 0.454407 0.367626 0.474924 0.364748 0.503040 0.363669 0.542553 0.376619 0.558511 0.391007 0.550912 0.400719 0.546353 0.406475 0.536474 0.409353 0.505319 0.402878 0.470365 0.397842 0.431611 0.396763 0.394377 0.396763 0.370061 0.388129 0.351064 0.371583 0.359422
0 0.342446 0.370061 0.339568 0.394377 0.335612 0.420973 0.333813 0.455927 0.329856 0.488602 0.326978 0.503040 0.328777 0.531915 0.339568 0.546353 0.357914 0.550912 0.363669 0.544073 0.368705 0.499240 0.365827 0.460486 0.365827 0.414894 0.365827 0.386018 0.367626 0.355623 0.346403 0.347264
0 0.323022 0.335106 0.317986 0.361702 0.313309 0.388298 0.308273 0.408815 0.300719 0.431611 0.292806 0.458207 0.289928 0.476444 0.289928 0.493161 0.294964 0.513678 0.308273 0.523556 0.314388 0.546353 0.325899 0.525836 0.330935 0.488602 0.332734 0.435410 0.335612 0.402736 0.340647 0.357903
0 0.515468 0.376140 0.513669 0.437690 0.513669 0.455927 0.510791 0.481003 0.508633 0.503040 0.510791 0.537994 0.519424 0.556991 0.526978 0.552432 0.530216 0.505319 0.530216 0.464286 0.530216 0.429331 0.532014 0.384498
0 0.533813 0.361702 0.533813 0.392097 0.533813 0.439970 0.533813 0.468085 0.533813 0.517477 0.534892 0.540274 0.542806 0.554711 0.552518 0.542553 0.552518 0.511398 0.552518 0.460486 0.551439 0.417173 0.551439 0.378419 0.550360 0.357903
0 0.560072 0.371581 0.560072 0.386018 0.559353 0.419453 0.557194 0.470365 0.556475 0.511398 0.556475 0.546353 0.561151 0.560790 0.571942 0.560790 0.578777 0.537994 0.578777 0.505319 0.578777 0.474924 0.579496 0.431611 0.579496 0.394377 0.580576 0.376140
0 0.588489 0.367781 0.584532 0.396657 0.580576 0.427052 0.576619 0.474924 0.575899 0.509878 0.575899 0.540274 0.593165 0.564590 0.602878 0.556991 0.603957 0.513678 0.607914 0.429331 0.609712 0.371581
0 0.615468 0.365502 0.615468 0.398936 0.611871 0.431611 0.607914 0.458207 0.605036 0.488602 0.605036 0.522036 0.605036 0.546353 0.611871 0.564590 0.623381 0.563070 0.627338 0.528116 0.627338 0.499240 0.633094 0.464286 0.635971 0.433891 0.635971 0.400456 0.637050 0.359422
0 0.639928 0.357903 0.641007 0.370061 0.635971 0.419453 0.632014 0.449848 0.629137 0.513678 0.629137 0.534195 0.634892 0.542553 0.650719 0.548632 0.660432 0.548632 0.666187 0.528116 0.666187 0.490881 0.665108 0.441489 0.664388 0.411094 0.663309 0.370061 0.663309 0.357903
0 0.671942 0.355623 0.669065 0.429331 0.667986 0.466565 0.670144 0.511398 0.676978 0.531915 0.690647 0.534195 0.702158 0.528116 0.703957 0.488602 0.698201 0.437690 0.693525 0.405015 0.690647 0.359422 0.687410 0.341185
0 0.698201 0.322948 0.692446 0.332827 0.688489 0.355623 0.690647 0.388298 0.693525 0.423252 0.697122 0.452128 0.703237 0.495441 0.707914 0.517477 0.718705 0.523556 0.729496 0.503040 0.743885 0.466565 0.736331 0.441489 0.721583 0.392097 0.713669 0.365502
0 0.525180 0.747720 0.524101 0.735562 0.512590 0.663374 0.506835 0.607903 0.506835 0.589666 0.521223 0.585866 0.523381 0.620061 0.525180 0.647416 0.528058 0.680091 0.532014 0.706687
0 0.546763 0.786474 0.543525 0.753799 0.538849 0.718845 0.530216 0.667933 0.526259 0.630699 0.524101 0.599544 0.533094 0.591945 0.545683 0.593465 0.546763 0.628419 0.544604 0.653495 0.546763 0.682371 0.550360 0.712766 0.551439 0.731003
0 0.571942 0.803191 0.567986 0.776596 0.557194 0.724924 0.550360 0.686170 0.548561 0.655015 0.546763 0.618541 0.547482 0.593465 0.564029 0.591945 0.570863 0.634498 0.573741 0.659574 0.576619 0.692249 0.579496 0.737842 0.582734 0.762158
0 0.598921 0.805471 0.593165 0.776596 0.584532 0.712766 0.580576 0.671733 0.576619 0.636778 0.575899 0.610182 0.584532 0.599544 0.590288 0.599544 0.598201 0.628419 0.602158 0.661854 0.602158 0.700608 0.603957 0.727204 0.607914 0.756079 0.610791 0.782675 0.612590 0.800912
0 0.634892 0.799392 0.625180 0.750000 0.620504 0.724924 0.614748 0.700608 0.608993 0.663374 0.598921 0.636778 0.597122 0.618541 0.605036 0.604103 0.614748 0.599544 0.629137 0.622340 0.632014 0.647416 0.638849 0.704407 0.641007 0.727204 0.649640 0.780395
0 0.670863 0.782675 0.665108 0.758359 0.652518 0.698328 0.644964 0.667933 0.633094 0.624620 0.625180 0.595745 0.637050 0.581307 0.648561 0.579027 0.659353 0.575228 0.678777 0.601824 0.685612 0.636778 0.689568 0.671733 0.699281 0.704407 0.703957 0.739362 0.702158 0.756079
0 0.723381 0.753799 0.714748 0.724924 0.703237 0.702888 0.691367 0.675532 0.683813 0.653495 0.674101 0.599544 0.681655 0.575228 0.699281 0.556991 0.710072 0.552432 0.721583 0.579027 0.731295 0.624620 0.736331 0.669453 0.747842 0.721125
0 0.772302 0.692249 0.759353 0.680091 0.746763 0.659574 0.734173 0.634498 0.724460 0.610182 0.719784 0.585866 0.716906 0.564590 0.718705 0.544073 0.731295 0.530395 0.741007 0.523556 0.747842 0.522036 0.763309 0.571429 0.766187 0.607903 0.778058 0.640578 0.785612 0.671733
0 0.506835 0.765957 0.507554 0.723404 0.509712 0.663374 0.509712 0.636778 0.507554 0.601824 0.500000 0.583587 0.493165 0.583587 0.489209 0.610182 0.491007 0.653495 0.494964 0.671733 0.496043 0.694529 0.494964 0.716565 0.494964 0.756079 0.497122 0.774316
0 0.485252 0.762158 0.488129 0.710486 0.492086 0.667933 0.491007 0.632979 0.487410 0.595745 0.481295 0.581307 0.475540 0.585866 0.471583 0.610182 0.471583 0.630699 0.472662 0.655015 0.472662 0.688450 0.473741 0.712766 0.473741 0.745441 0.473741 0.772036
0 0.461151 0.765957 0.462950 0.737842 0.464029 0.686170 0.465108 0.642857 0.465827 0.591945 0.456115 0.583587 0.450360 0.612462 0.448561 0.634498 0.448561 0.665653 0.447482 0.692249 0.447482 0.739362 0.446403 0.772036
0 0.435612 0.782675 0.440647 0.745441 0.444604 0.700608 0.447482 0.665653 0.452158 0.628419 0.452158 0.606383 0.442446 0.591945 0.429137 0.589666 0.420144 0.610182 0.420144 0.661854 0.420144 0.686170 0.421223 0.712766 0.422302 0.731003 0.421223 0.758359 0.419065 0.788754
0 0.401799 0.797112 0.401799 0.778875 0.408633 0.737842 0.413309 0.712766 0.419065 0.667933 0.421223 0.630699 0.421223 0.607903 0.404676 0.604103 0.396043 0.598024 0.389928 0.601824 0.388129 0.640578 0.388129 0.665653 0.387050 0.696049 0.387050 0.733283 0.387050 0.776596
0 0.300719 0.751520 0.329856 0.688450 0.339568 0.661854 0.350360 0.642857 0.360072 0.628419 0.360791 0.612462 0.349281 0.604103 0.338489 0.593465 0.327698 0.593465 0.316187 0.606383 0.303597 0.632979 0.292806 0.663374 0.287050 0.692249 0.284173 0.729483 0.284173 0.741641
0 0.274460 0.680091 0.287050 0.659574 0.303597 0.622340 0.313309 0.601824 0.316187 0.583587 0.303597 0.566869 0.291727 0.552432 0.285971 0.546353 0.272302 0.566869 0.262590 0.595745 0.252158 0.626900 0.241367 0.663374 0.244245 0.683891 0.263669 0.688450
