0 0.496392 0.577508 0.496032 0.541033 0.502886 0.496201 0.507576 0.351824 0.531385 0.350304 0.528499 0.438450 0.527417 0.505319 0.527417 0.513678 0.528860 0.542553 0.526335 0.576748
0 0.534271 0.357903 0.551587 0.356383 0.550144 0.418693 0.551587 0.474924 0.558442 0.520517 0.559524 0.546353 0.559163 0.568389 0.537879 0.570669 0.534271 0.563830 0.531385 0.534195 0.534993 0.510638 0.534993 0.481003 0.534271 0.392857
0 0.570707 0.346505 0.597042 0.350304 0.591991 0.489362 0.591631 0.543313 0.586219 0.560030 0.564935 0.561550 0.560606 0.549392 0.559524 0.530395 0.564214 0.496960
0 0.603896 0.348024 0.630952 0.351824 0.619408 0.509119 0.622294 0.541793 0.615079 0.559271 0.605339 0.559271 0.597763 0.551672 0.590909 0.545593 0.588023 0.534195 0.587302 0.506079 0.592352 0.492401
0 0.625902 0.350304 0.649351 0.349544 0.642857 0.461246 0.649351 0.515198 0.650433 0.537234 0.638528 0.553191 0.629870 0.552432 0.621212 0.542553 0.617244 0.535714 0.618687 0.518237 0.623016 0.501520
0 0.664141 0.357903 0.652237 0.507599 0.647908 0.537234 0.645743 0.549392 0.649351 0.559271 0.656926 0.570669 0.663420 0.572948 0.672078 0.563070 0.676407 0.563070 0.680014 0.567629 0.684704 0.571429 0.691558 0.568389 0.695527 0.549392 0.698413 0.534954 0.696248 0.518997 0.694805 0.503799 0.691558 0.492401 0.687590 0.452128 0.686508 0.354103
0 0.695166 0.354103 0.718254 0.348784 0.717893 0.418693 0.729437 0.446049 0.738095 0.475684 0.744228 0.506839 0.739899 0.538754 0.737734 0.544073 0.728355 0.532675 0.719336 0.548632 0.710317 0.551672 0.699856 0.538754 0.696609 0.512918 0.696970 0.486322
0 0.718254 0.332067 0.754690 0.316109 0.771284 0.367781 0.779582 0.404255 0.771645 0.451368 0.765152 0.469605 0.744589 0.470365 0.729798 0.445289 0.718615 0.418693 0.718254 0.354103
0 0.467532 0.329787 0.493146 0.336626 0.488817 0.497720 0.492785 0.530395 0.492785 0.576748 0.461039 0.575988
0 0.447330 0.354103 0.465007 0.354103 0.461039 0.566869 0.454906 0.571429 0.442641 0.568389 0.439033 0.563070 0.440115 0.550152 0.440837 0.536474
0 0.415945 0.339666 0.430375 0.347264 0.431457 0.411854 0.438672 0.495441 0.440837 0.518237 0.440115 0.544833 0.436869 0.547872 0.433622 0.563830 0.415224 0.566109 0.410173 0.544073 0.408009 0.493161 0.412338 0.342705
0 0.386003 0.331307 0.403319 0.331307 0.408730 0.428571 0.412698 0.493921 0.416306 0.531155 0.413781 0.550912 0.400072 0.563070 0.392136 0.566109 0.386003 0.557751 0.385642 0.548632 0.383838 0.512158 0.384199 0.492401 0.387446 0.439970 0.387807 0.396657 0.384199 0.347264
0 0.357864 0.335866 0.375902 0.338906 0.376984 0.424772 0.383117 0.493161 0.384560 0.509878 0.386364 0.517477 0.388167 0.534954 0.386003 0.546353 0.375541 0.559271 0.370491 0.560030 0.363636 0.547872 0.357864 0.536474 0.361111 0.502280 0.361833 0.482523
0 0.324315 0.333587 0.352092 0.331307 0.349567 0.412614 0.351371 0.467325 0.356782 0.503799 0.360029 0.519757 0.361833 0.539514 0.359307 0.548632 0.344156 0.553951 0.335498 0.553191 0.331530 0.551672 0.324315 0.559271 0.319625 0.559271 0.317100 0.557751 0.312049 0.544073 0.311328 0.537234 0.313492 0.506079 0.317821 0.484043
0 0.290765 0.351064 0.306999 0.350304 0.306638 0.389818 0.308081 0.436170 0.306999 0.479483 0.310245 0.493921 0.310245 0.512158 0.309885 0.530395 0.300505 0.545593 0.289683 0.547872 0.282468 0.542553 0.279942 0.533435 0.278499 0.531915 0.272727 0.534954 0.268759 0.541033 0.265512 0.541033 0.263348 0.534954 0.261544 0.516717 0.260462 0.497720 0.261905 0.481763 0.266955 0.474924 0.269481 0.465046 0.273449 0.456687 0.277056 0.412614 0.280664 0.395897 0.285714 0.380699 0.288240 0.371581 0.288961 0.360182
0 0.252525 0.313830 0.233766 0.337386 0.229437 0.350304 0.233045 0.360182 0.241703 0.373860 0.247114 0.401976 0.246753 0.413374 0.252525 0.417933 0.266595 0.418693 0.275613 0.414134 0.283911 0.392857 0.301948 0.340426 0.294012 0.320669 0.275974 0.309271 0.256133 0.310030
0 0.498557 0.614742 0.507215 0.616261 0.518038 0.610942 0.518038 0.622340 0.516234 0.643617 0.519120 0.768997 0.494949 0.767477 0.501443 0.678571 0.498557 0.651216
0 0.519841 0.607903 0.544012 0.605623 0.542929 0.629179 0.538600 0.775076 0.521645 0.774316 0.523088 0.657295 0.520202 0.630699
0 0.549423 0.598024 0.569986 0.598784 0.573954 0.612462 0.569264 0.784195 0.541126 0.783435 0.547258 0.655775 0.544733 0.629179 0.546898 0.610182
0 0.584776 0.592705 0.574675 0.604863 0.572511 0.617021 0.577201 0.647416 0.571789 0.806991 0.603175 0.798632 0.599206 0.689210 0.605700 0.635258 0.606061 0.611702 0.601732 0.601064 0.592713 0.594985
0 0.619048 0.590426 0.604257 0.603343 0.606782 0.629939 0.610029 0.794073 0.628427 0.807751 0.639610 0.801672 0.636724 0.645897 0.641414 0.617021 0.634921 0.601064 0.629149 0.599544 0.624098 0.592705
0 0.692280 0.593465 0.697691 0.581307 0.706710 0.578267 0.715007 0.579787 0.718254 0.589666 0.719697 0.599544 0.722944 0.621581 0.725830 0.639818 0.759740 0.761398 0.708153 0.795593 0.683622 0.683891 0.669553 0.648936 0.664141 0.622340 0.664502 0.604103 0.676046 0.599544
0 0.739177 0.576748 0.731241 0.574468 0.727273 0.575988 0.722944 0.586626 0.721501 0.593465 0.722944 0.608663 0.725830 0.623860 0.727633 0.637538 0.730880 0.645897 0.733405 0.655015 0.737013 0.677812 0.738095 0.684650 0.747475 0.715046 0.752886 0.733283 0.771645 0.772796 0.803030 0.761398 0.810967 0.725684 0.792569 0.687690 0.784993 0.662614 0.784271 0.650456 0.782828 0.622340 0.782107 0.601064 0.781385 0.590426 0.775253 0.578267 0.772006 0.576748 0.766595 0.575228 0.761544 0.573708 0.755772 0.566869 0.750722 0.569909 0.747114 0.575228 0.743146 0.578267
0 0.475108 0.610182 0.495310 0.613222 0.496032 0.636018 0.491342 0.792553 0.474747 0.791793 0.478355 0.661854 0.476551 0.645897 0.474747 0.636018 0.474747 0.614742
0 0.455267 0.606383 0.474747 0.613222 0.474387 0.642097 0.473304 0.777356 0.454906 0.778116 0.457431 0.653495 0.452020 0.612462
0 0.435065 0.604103 0.445887 0.603343 0.448052 0.601064 0.451659 0.603343 0.456349 0.648176 0.454185 0.785714 0.436869 0.789514 0.431457 0.715805 0.431097 0.664134 0.433261 0.638298 0.434704 0.622340 0.433622 0.617781
0 0.420635 0.594985 0.410173 0.602584 0.406566 0.608663 0.404762 0.623860 0.403319 0.781915 0.420996 0.794833 0.428571 0.738602 0.432540 0.640578 0.433983 0.619301 0.430014 0.617781
0 0.395022 0.591945 0.384921 0.600304 0.380231 0.604103 0.377706 0.613222 0.379870 0.631459 0.380592 0.636778 0.372294 0.775076 0.380952 0.794073 0.388528 0.792553 0.392496 0.783435 0.405483 0.677052 0.411977 0.617781 0.411977 0.607143 0.407287 0.603343 0.404040 0.601064 0.398268 0.598784
0 0.353175 0.588906 0.358225 0.593465 0.366162 0.594225 0.374459 0.588146 0.380952 0.585866 0.385642 0.594985 0.379149 0.648176 0.377345 0.655775 0.363636 0.797112 0.314935 0.775076 0.329726 0.685410 0.331530 0.646657 0.330808 0.639058 0.334416 0.623100 0.337302 0.605623 0.338745 0.595745 0.344156 0.590426 0.346681 0.588146
0 0.304113 0.582827 0.315296 0.580547 0.318182 0.582827 0.321429 0.580547 0.327922 0.582827 0.331530 0.588146 0.334055 0.592705 0.335137 0.601064 0.335498 0.610942 0.329004 0.641337 0.325758 0.651216 0.298341 0.796353 0.244228 0.756079 0.272727 0.648936 0.274531 0.617021 0.274531 0.600304 0.276335 0.585106 0.279221 0.572948 0.285714 0.570669 0.290765 0.572188 0.292929 0.572948
0 0.250722 0.592705 0.260101 0.585106 0.264069 0.585106 0.268038 0.592705 0.272006 0.601824 0.272367 0.611702 0.272367 0.626900 0.269841 0.635258 0.266234 0.644377 0.234488 0.762918 0.187229 0.734802 0.211039 0.656535 0.216811 0.615502 0.219336 0.591185 0.223304 0.574468 0.230880 0.571429 0.235570 0.575228 0.242424 0.579027 0.244949 0.585106
