0 0.481508 0.554711 0.511603 0.553191 0.516679 0.484043 0.515228 0.295593 0.496737 0.305471 0.484772 0.446809 0.478970 0.496960
0 0.456128 0.545593 0.478970 0.546353 0.486584 0.480243 0.495649 0.313070 0.477883 0.313070 0.457941 0.446809 0.452502 0.509119
0 0.418782 0.537234 0.428934 0.556991 0.454315 0.550912 0.459391 0.496201 0.460479 0.275836 0.439086 0.277356 0.428209 0.425532 0.423858 0.486322
0 0.394489 0.540274 0.402103 0.550912 0.416244 0.541033 0.434735 0.540274 0.440174 0.452128 0.439086 0.273556 0.420595 0.270517 0.399565 0.401216 0.395214 0.469605
0 0.363307 0.535714 0.374184 0.546353 0.382886 0.546353 0.395214 0.553191 0.406454 0.531915 0.406454 0.447568 0.396302 0.286474 0.378535 0.297112 0.370921 0.445289
0 0.330312 0.560030 0.346628 0.566869 0.375997 0.553191 0.368383 0.487842 0.368383 0.333587 0.333938 0.341185 0.331037 0.465046 0.325236 0.518237
0 0.287527 0.574468 0.316896 0.569149 0.328861 0.528116 0.324511 0.457447 0.320885 0.339666 0.302393 0.342705 0.290790 0.449088 0.284627 0.494681 0.279188 0.537234
0 0.513416 0.546353 0.534445 0.562310 0.543510 0.562310 0.553662 0.307751 0.535170 0.305471 0.514141 0.496201
0 0.542785 0.550912 0.569978 0.551672 0.576505 0.321429 0.553662 0.321429 0.547861 0.481003 0.542059 0.506839
0 0.566715 0.556991 0.595359 0.570669 0.606962 0.303951 0.589920 0.300912 0.570703 0.482523 0.565627 0.530395
0 0.591733 0.563830 0.612763 0.578267 0.621465 0.556231 0.620377 0.507599 0.627991 0.325228 0.611313 0.333587 0.590283 0.496960 0.587745 0.546353
0 0.617114 0.572948 0.641769 0.582827 0.651559 0.556991 0.649021 0.500000 0.648296 0.357143 0.630529 0.349544 0.621465 0.457447 0.617839 0.521277 0.615301 0.545593
0 0.644307 0.577508 0.660986 0.593465 0.691443 0.579787 0.696157 0.547872 0.686367 0.344985 0.657360 0.349544 0.648296 0.526596 0.640682 0.550912
0 0.508339 0.588906 0.526831 0.588906 0.526831 0.798632 0.502538 0.805471
0 0.527556 0.588906 0.549674 0.588906 0.545323 0.818389 0.525381 0.818389
0 0.544598 0.643617 0.553662 0.604103 0.563089 0.598784 0.568891 0.602584 0.573241 0.629179 0.573967 0.667933 0.567440 0.853343 0.545323 0.849544 0.551487 0.749240
0 0.595359 0.623860 0.609500 0.617021 0.628716 0.632979 0.631617 0.689210 0.638144 0.862462 0.617114 0.870821 0.598622 0.737082 0.597534 0.677052 0.592458 0.655775
0 0.483684 0.588906 0.505801 0.590426 0.498912 0.822188 0.480421 0.826748
0 0.461929 0.581307 0.484772 0.581307 0.476432 0.832827 0.457578 0.832827
0 0.437636 0.593465 0.460479 0.588906 0.460479 0.713526 0.451051 0.874620 0.432197 0.863982 0.428209 0.699848
0 0.407904 0.601064 0.418782 0.595745 0.437636 0.606383 0.436548 0.648936 0.432560 0.682371 0.411530 0.854863 0.394489 0.848024 0.402828 0.675532 0.403553 0.632979
0 0.377447 0.602584 0.387600 0.595745 0.407179 0.604863 0.409717 0.642857 0.405366 0.670213 0.382886 0.853343 0.365120 0.846505 0.376722 0.685410 0.374909 0.661094
