0 0.482119 0.392097 0.498988 0.394377 0.505061 0.397416 0.504386 0.325988 0.500675 0.149696 0.496289 0.086626 0.483468 0.104863 0.486842 0.183891 0.484818 0.243921 0.481107 0.341945
0 0.452429 0.379939 0.459514 0.397416 0.474696 0.394377 0.480432 0.335866 0.486842 0.227204 0.478408 0.088906 0.458165 0.094985 0.465587 0.225684 0.459852 0.288754 0.454116 0.355623
0 0.432524 0.368541 0.438259 0.397416 0.449730 0.397416 0.458165 0.377660 0.465250 0.318389 0.465250 0.231003 0.458839 0.080547 0.436910 0.088906 0.436910 0.174012 0.435223 0.281155 0.432524 0.329027
0 0.413630 0.329787 0.409582 0.368541 0.417341 0.389058 0.428812 0.390578 0.439609 0.381459 0.446694 0.353343 0.444669 0.316869 0.446694 0.282675 0.435223 0.208207 0.440958 0.098024 0.416667 0.091945 0.410256 0.218085 0.408570 0.255319 0.412281 0.287234 0.413630 0.311550
0 0.317476 0.342705 0.321862 0.364742 0.334683 0.379939 0.359312 0.386018 0.366397 0.347264 0.369433 0.303951 0.367072 0.255319 0.354926 0.126140 0.295884 0.130699 0.302632 0.203647 0.323212 0.303191
0 0.506410 0.398936 0.523617 0.407295 0.532051 0.401976 0.532051 0.311550 0.530702 0.208207 0.533738 0.117781 0.515520 0.126140 0.509784 0.281155 0.505061 0.364742
0 0.533063 0.410334 0.548583 0.405775 0.556680 0.397416 0.553644 0.338906 0.551619 0.219605 0.557355 0.106383 0.540148 0.101824 0.530027 0.227964 0.530027 0.316109 0.531377 0.381459
0 0.554318 0.386018 0.571862 0.418693 0.578273 0.414894 0.586707 0.376140 0.581646 0.337386 0.587382 0.067629 0.566802 0.070669 0.556005 0.235562 0.554318 0.321429 0.554993 0.351824
0 0.577598 0.405775 0.575911 0.357143 0.581646 0.319909 0.583333 0.127660 0.597503 0.132219 0.593792 0.248480 0.599528 0.354103 0.601215 0.392857 0.595479 0.411854
0 0.593117 0.355623 0.590418 0.407295 0.596829 0.414894 0.607625 0.410334 0.614035 0.413374 0.620445 0.397416 0.616734 0.358663 0.618421 0.292553 0.614710 0.127660 0.600202 0.135258 0.597503 0.269757 0.594804 0.340426
0 0.619771 0.175532 0.617746 0.278116 0.614035 0.364742 0.616734 0.401976 0.631242 0.407295 0.644737 0.398936 0.660594 0.392097 0.657895 0.345745 0.657895 0.275836 0.652834 0.130699 0.621120 0.136778
0 0.656208 0.337386 0.654858 0.363222 0.661269 0.389058 0.676451 0.373100 0.685223 0.358663 0.682861 0.305471 0.680837 0.265957 0.696694 0.140578 0.657895 0.149696 0.652159 0.218085 0.654184 0.272796 0.654184 0.306991
0 0.514170 0.489362 0.530027 0.503799 0.535762 0.591185 0.532051 0.780395 0.511471 0.783435 0.509109 0.620821 0.509784 0.544833
0 0.528003 0.494681 0.541498 0.492401 0.549595 0.497720 0.554993 0.510638 0.554318 0.582067 0.564440 0.809271 0.545884 0.811550 0.533063 0.565350
0 0.551619 0.509119 0.565789 0.487842 0.571862 0.489362 0.583333 0.522036 0.581646 0.563830 0.582996 0.648176 0.593117 0.830547 0.572537 0.841945 0.560729 0.609422
0 0.580297 0.510638 0.589069 0.484802 0.598853 0.505319 0.599528 0.556991 0.614710 0.803191 0.599528 0.814590 0.586032 0.709726 0.583333 0.607903 0.583333 0.557751
0 0.597503 0.493921 0.612686 0.474924 0.627530 0.499240 0.626181 0.537994 0.624157 0.576748 0.626181 0.646657 0.658570 0.748480 0.642038 0.767477 0.605263 0.675532 0.602564 0.592705 0.603239 0.547872
0 0.665655 0.544833 0.654184 0.492401 0.650472 0.473404 0.656545 0.460486 0.668016 0.457447 0.674426 0.431611 0.683536 0.439210 0.692982 0.470365 0.697368 0.510638 0.713225 0.556991 0.736167 0.628419 0.705128 0.664134 0.689271 0.638298 0.674426 0.592705
0 0.687922 0.458967 0.685223 0.424772 0.698043 0.416413 0.713900 0.394377 0.719636 0.389058 0.734480 0.450608 0.773954 0.552432 0.741228 0.591185 0.719636 0.550912 0.702429 0.496201 0.692308 0.471884
0 0.492578 0.481003 0.513495 0.492401 0.509784 0.557751 0.507085 0.746201 0.492578 0.737082 0.491903 0.534954
0 0.468286 0.493921 0.489204 0.474924 0.492578 0.575228 0.486842 0.759119 0.471323 0.764438 0.470648 0.570669 0.466937 0.507599
0 0.443320 0.492401 0.459514 0.476444 0.474022 0.492401 0.469636 0.542553 0.466262 0.596505 0.457490 0.804711 0.430162 0.798632 0.438934 0.588146 0.440958 0.518997
0 0.415317 0.496201 0.421053 0.476444 0.435897 0.477964 0.443995 0.507599 0.449730 0.525076 0.442645 0.566869 0.435897 0.720365 0.426788 0.781915 0.406545 0.772036 0.413630 0.635258 0.415317 0.546353 0.415317 0.510638
0 0.397773 0.506079 0.402159 0.463526 0.412955 0.458967 0.420378 0.479483 0.435223 0.484802 0.420040 0.550912 0.411606 0.636778 0.398111 0.790274 0.382254 0.788754 0.388664 0.648176 0.391363 0.537994
0 0.356275 0.529635 0.358300 0.479483 0.359987 0.458967 0.367746 0.449088 0.380567 0.449088 0.393050 0.455927 0.402834 0.450608 0.406545 0.483283 0.402159 0.555471 0.395074 0.638298 0.358300 0.727204 0.326923 0.683131 0.342780 0.605623
0 0.298920 0.510638 0.304656 0.462006 0.312416 0.436170 0.335695 0.443009 0.352901 0.450608 0.360661 0.449088 0.364372 0.473404 0.354251 0.533435 0.341093 0.607903 0.291835 0.720365 0.245614 0.658055 0.275978 0.576748
0 0.202092 0.537994 0.230094 0.479483 0.244939 0.453647 0.251687 0.403495 0.266532 0.387538 0.289474 0.407295 0.323212 0.443009 0.311066 0.474924 0.293185 0.503799 0.273617 0.563830 0.228408 0.628419 0.193995 0.568389
