0 0.492963 0.346505 0.502707 0.436170 0.504150 0.553951 0.487911 0.558511 0.473114 0.568389 0.466619 0.557751 0.464814 0.516717 0.468423 0.476444 0.470227 0.339666 0.492963 0.335866
0 0.466619 0.333587 0.469506 0.408815 0.469145 0.472644 0.469145 0.499240 0.465175 0.528875 0.466619 0.546353 0.464814 0.562310 0.453266 0.562310 0.443522 0.553951 0.439913 0.541033 0.438831 0.529635 0.439913 0.512158 0.440274 0.468845 0.449657 0.335106
0 0.433418 0.306991 0.442079 0.408815 0.442079 0.472644 0.442800 0.496960 0.442800 0.517477 0.440274 0.531915 0.436665 0.548632 0.431974 0.558511 0.422591 0.561550 0.417539 0.562310 0.411404 0.544833 0.406712 0.520517 0.406351 0.500000 0.414291 0.372340 0.421508 0.311550
0 0.410321 0.348024 0.417178 0.430851 0.424756 0.472644 0.423313 0.502280 0.417178 0.513678 0.411043 0.528116 0.408156 0.537994 0.405991 0.540274 0.398412 0.538754 0.392638 0.531915 0.388668 0.515957 0.384699 0.488602 0.395525 0.346505 0.410321 0.339666
0 0.378203 0.346505 0.369903 0.447568 0.363046 0.490122 0.361963 0.504559 0.367376 0.520517 0.374955 0.531155 0.383616 0.525836 0.390112 0.512918 0.395164 0.497720 0.395164 0.467325 0.390112 0.333587 0.379646 0.333587
0 0.271021 0.297112 0.258030 0.369301 0.245399 0.433131 0.262360 0.477204 0.282930 0.486322 0.295561 0.461246 0.297005 0.433131 0.300253 0.377660 0.302057 0.311550
0 0.297366 0.320669 0.301335 0.373860 0.297726 0.419453 0.295922 0.446809 0.295922 0.465046 0.310718 0.497720 0.325875 0.510638 0.337423 0.497720 0.339228 0.465805 0.334175 0.443009 0.335619 0.376900 0.321545 0.317629
0 0.506676 0.364742 0.502707 0.556231 0.513172 0.558511 0.522555 0.563070 0.527968 0.567629 0.536990 0.567629 0.537351 0.549392 0.535186 0.442249 0.531577 0.335106 0.505233 0.335866
0 0.536990 0.333587 0.534103 0.417173 0.536629 0.506079 0.539516 0.557751 0.555395 0.555471 0.561169 0.546353 0.561169 0.531915 0.559726 0.510638 0.552869 0.325988 0.539877 0.324468
0 0.564056 0.308511 0.555395 0.402736 0.559365 0.507599 0.561169 0.524316 0.566582 0.540274 0.574883 0.551672 0.584626 0.554711 0.593288 0.536474 0.594370 0.503040 0.592927 0.481763 0.589679 0.458207 0.577048 0.301672
0 0.597257 0.329787 0.591844 0.468845 0.593649 0.499240 0.596896 0.518237 0.601588 0.536474 0.612414 0.537234 0.618188 0.521277 0.618549 0.507599 0.617827 0.477964 0.615662 0.452128 0.617827 0.331307
0 0.621075 0.335106 0.614940 0.442249 0.612053 0.471125 0.612414 0.498480 0.616384 0.511398 0.623962 0.518997 0.638759 0.528116 0.642367 0.506839 0.641646 0.481003 0.636593 0.452128 0.635150 0.325988
0 0.643089 0.329027 0.639480 0.437690 0.636954 0.455927 0.639480 0.474924 0.644894 0.486322 0.652472 0.499240 0.668351 0.503040 0.674847 0.485562 0.674125 0.332067
0 0.681703 0.313830 0.674486 0.365502 0.674125 0.407295 0.673403 0.440729 0.671238 0.455927 0.671238 0.464286 0.672320 0.479483 0.673042 0.486322 0.674125 0.492401 0.678455 0.503040 0.686395 0.506839 0.693973 0.503799 0.703356 0.496201 0.707326 0.486322 0.713100 0.469605 0.713100 0.459726 0.709130 0.431611 0.707326 0.407295 0.707326 0.376900 0.708048 0.344985 0.708409 0.312310
0 0.715987 0.315350 0.707326 0.364742 0.707326 0.404255 0.709130 0.429331 0.712017 0.446809 0.712378 0.455927 0.710935 0.471125 0.714543 0.496960 0.722483 0.500000 0.728257 0.500760 0.735114 0.496201 0.743775 0.481003 0.749549 0.462766 0.752075 0.446049 0.748466 0.420973 0.741249 0.370821 0.739083 0.344225 0.736196 0.316109
0 0.508842 0.592705 0.508481 0.625380 0.509924 0.746201 0.533742 0.743161 0.529051 0.626900 0.527968 0.588906
0 0.530494 0.580547 0.526525 0.588146 0.528329 0.611702 0.527246 0.627660 0.531577 0.696049 0.541321 0.816109 0.565139 0.797112 0.548538 0.623100 0.548178 0.591185 0.533381 0.577508
0 0.554313 0.565350 0.546734 0.598784 0.548899 0.626900 0.554673 0.689970 0.568026 0.819909 0.592566 0.805471 0.576326 0.626900 0.572717 0.598784 0.571274 0.579027 0.559726 0.561550
0 0.578852 0.562310 0.571274 0.588146 0.573078 0.601824 0.578852 0.650456 0.596175 0.803191 0.622519 0.791793 0.610971 0.661854 0.603392 0.598024 0.599783 0.565350 0.588957 0.553191 0.582822 0.557751
0 0.610249 0.547112 0.601227 0.575988 0.603753 0.607143 0.619632 0.705167 0.641646 0.754559 0.655359 0.746960 0.634789 0.611702 0.631902 0.574468 0.631180 0.555471 0.621075 0.547872
0 0.680621 0.520517 0.667629 0.542553 0.666907 0.559271 0.671238 0.595745 0.679177 0.630699 0.692891 0.658815 0.704800 0.676292 0.712739 0.677812 0.719596 0.675532 0.724648 0.657295 0.726092 0.639818 0.727535 0.620061 0.727535 0.600304 0.721761 0.577508 0.716709 0.558511 0.713461 0.531915 0.709852 0.515198 0.704078 0.504559 0.693612 0.507599 0.684230 0.518997
0 0.744857 0.541033 0.738362 0.556991 0.732588 0.568389 0.731144 0.585106 0.731144 0.597264 0.729700 0.603343 0.727174 0.610942 0.726813 0.618541 0.726453 0.631459 0.727535 0.647416 0.736918 0.670213 0.742692 0.674772 0.756406 0.685410 0.761458 0.686170 0.800433 0.689210 0.802598 0.647416 0.795742 0.603343 0.789246 0.580547 0.773006 0.564590 0.763623 0.556231
0 0.508842 0.589666 0.509924 0.770517 0.490798 0.764438 0.490437 0.689970 0.486467 0.638298 0.484302 0.589666
0 0.483580 0.585106 0.486828 0.639818 0.490798 0.693009 0.491519 0.783435 0.478167 0.789514 0.466979 0.699088 0.464814 0.637538 0.461927 0.617781 0.461927 0.601824 0.461205 0.584347 0.475641 0.582067
0 0.454709 0.574468 0.463010 0.594225 0.463371 0.609422 0.463371 0.624620 0.466258 0.641337 0.469866 0.794073 0.463732 0.831307 0.442440 0.826748 0.434500 0.674772 0.434861 0.626140 0.433778 0.607903 0.435222 0.594225 0.438109 0.579027 0.442800 0.568389 0.448935 0.569909
0 0.426561 0.564590 0.435944 0.589666 0.439553 0.598784 0.437387 0.612462 0.433778 0.618541 0.431613 0.667173 0.419704 0.792553 0.396608 0.784195 0.407795 0.626140 0.407073 0.607143 0.405630 0.594985 0.405991 0.584347 0.409599 0.577508 0.413569 0.572188 0.417900 0.569149
0 0.409239 0.563070 0.400577 0.561550 0.393721 0.558511 0.387586 0.559271 0.384338 0.561550 0.381090 0.567629 0.378925 0.576748 0.377842 0.584347 0.376759 0.610942 0.375316 0.626900 0.361602 0.762918 0.377842 0.779635 0.406712 0.626140 0.411404 0.610182 0.413208 0.597264 0.414291 0.583587 0.414291 0.572948 0.413569 0.566869
0 0.373872 0.546353 0.361963 0.545593 0.355106 0.545593 0.347167 0.547112 0.338506 0.548632 0.335258 0.550152 0.332732 0.557751 0.332371 0.569149 0.332010 0.583587 0.331288 0.601824 0.324792 0.628419 0.308553 0.705167 0.355106 0.759878 0.373150 0.670213 0.377842 0.604103 0.384699 0.588146 0.386864 0.576748 0.390473 0.562310 0.390834 0.553191 0.389751 0.546353 0.385060 0.541033 0.381090 0.541793
0 0.306748 0.493921 0.295922 0.504559 0.292313 0.521277 0.289065 0.544833 0.282930 0.575228 0.263443 0.653495 0.271382 0.680851 0.289065 0.693009 0.298809 0.686930 0.313966 0.669453 0.321905 0.644377 0.327319 0.606383 0.332732 0.592705 0.335619 0.588146 0.341754 0.572188 0.344641 0.560790 0.346806 0.548632 0.345363 0.534954 0.337784 0.528875 0.329845 0.518997 0.321905 0.509878 0.317575 0.503040
0 0.271743 0.497720 0.258030 0.487082 0.246481 0.484802 0.237459 0.488602 0.231685 0.500000 0.229520 0.521277 0.228798 0.551672 0.226272 0.600304 0.225911 0.632219 0.225550 0.653495 0.248286 0.683891 0.271743 0.636778 0.278239 0.586626 0.285096 0.563070 0.288344 0.547112 0.290870 0.530395 0.290870 0.516717 0.289065 0.500000 0.283652 0.495441 0.276435 0.493921
0 0.655359 0.546353 0.665464 0.601824 0.677734 0.645137 0.684951 0.659574 0.686395 0.670973 0.671960 0.680091 0.659690 0.671733 0.651750 0.664134 0.641646 0.643617 0.636593 0.620061 0.632624 0.603343 0.632263 0.592705 0.632263 0.571429 0.633706 0.562310 0.638398 0.556231 0.644533 0.551672
