0 0.496155 0.536474 0.497254 0.561550 0.493592 0.574468 0.473819 0.581307 0.459539 0.573708 0.459539 0.559271 0.460637 0.530395 0.462102 0.503040 0.462102 0.477964 0.464299 0.450608 0.466496 0.425532 0.467594 0.398936 0.469425 0.378419 0.475284 0.357143 0.482241 0.336626 0.501648 0.338906 0.503479 0.366261 0.503479 0.400456 0.501648 0.462006
0 0.433541 0.514438 0.432808 0.541793 0.438667 0.569909 0.445990 0.575988 0.456243 0.559271 0.463933 0.522036 0.462468 0.487082 0.459539 0.455927 0.457708 0.420213 0.457708 0.391337 0.455511 0.360182 0.452948 0.332067 0.441230 0.336626 0.436104 0.373100 0.436104 0.431611 0.433541 0.494681
0 0.409374 0.519757 0.407543 0.559271 0.417063 0.572188 0.432808 0.563070 0.442329 0.563070 0.445990 0.537994 0.445990 0.500000 0.436836 0.443769 0.430978 0.354863 0.415233 0.341945 0.409374 0.371581 0.409374 0.421733 0.410839 0.480243
0 0.384475 0.503040 0.381911 0.564590 0.389967 0.577508 0.403149 0.582827 0.411937 0.579787 0.421091 0.563070 0.421091 0.534195 0.417796 0.489362 0.410106 0.443769 0.407543 0.417933 0.404980 0.391337 0.404980 0.375380 0.390699 0.357143 0.384841 0.421733 0.385573 0.465805
0 0.345661 0.519757 0.343098 0.553951 0.348224 0.579787 0.361406 0.595745 0.374954 0.597264 0.385573 0.594225 0.392530 0.569909 0.394361 0.534195 0.393263 0.509119 0.388869 0.469605 0.384841 0.450608 0.383010 0.427052 0.381911 0.404255 0.380447 0.378419 0.374222 0.346505 0.365434 0.341945 0.356646 0.360182 0.350787 0.395137 0.350055 0.436930
0 0.302819 0.505319 0.298425 0.530395 0.297693 0.561550 0.311607 0.582827 0.321128 0.597264 0.333211 0.594225 0.342732 0.579787 0.345661 0.552432 0.345661 0.512158 0.345661 0.474164 0.345661 0.434650 0.340901 0.396657 0.336873 0.380699 0.330648 0.363982 0.324423 0.353343 0.311607 0.346505 0.297327 0.358663 0.292933 0.389058 0.296595 0.412614 0.303552 0.439970 0.306115 0.479483
0 0.494691 0.572188 0.499817 0.577508 0.507506 0.577508 0.519224 0.577508 0.535701 0.579027 0.537166 0.560030 0.537166 0.526596 0.537166 0.496201 0.538264 0.462006 0.538997 0.422492 0.538997 0.398936 0.538997 0.383739 0.540095 0.351064 0.538264 0.337386 0.534603 0.331307 0.526913 0.327508 0.521421 0.328267 0.513731 0.373100 0.503112 0.488602 0.499817 0.530395
0 0.537166 0.525076 0.536434 0.552432 0.541560 0.572188 0.547052 0.577508 0.555840 0.573708 0.563530 0.559271 0.566825 0.532675 0.566093 0.503040 0.566093 0.465046 0.566093 0.433131 0.566093 0.407295 0.566093 0.375380 0.567924 0.355623 0.555474 0.351824 0.545954 0.362462 0.541560 0.391337 0.538997 0.441489 0.538997 0.477964
0 0.560601 0.503799 0.559868 0.532675 0.564995 0.555471 0.571952 0.577508 0.579275 0.579787 0.586232 0.569909 0.590626 0.548632 0.589528 0.493921 0.588795 0.458207 0.588795 0.427052 0.590260 0.398936 0.590260 0.376900 0.590260 0.351824 0.578176 0.345745 0.570487 0.357143 0.566093 0.424012 0.564262 0.472644
0 0.581106 0.507599 0.579275 0.544833 0.586964 0.559271 0.597217 0.574468 0.606005 0.570669 0.617356 0.560030 0.616624 0.531915 0.615525 0.503799 0.613328 0.477964 0.613328 0.451368 0.612962 0.422492 0.612962 0.396657 0.612962 0.373100 0.612230 0.351064 0.597217 0.340426 0.592091 0.373100 0.589528 0.409574 0.585134 0.455927
0 0.604174 0.503799 0.603442 0.534195 0.611498 0.566869 0.621018 0.569909 0.631637 0.564590 0.638594 0.547112 0.638228 0.509119 0.634200 0.484043 0.634932 0.454407 0.634932 0.427812 0.634932 0.403495 0.634932 0.379939 0.634200 0.355623 0.629074 0.342705 0.615525 0.348024 0.612230 0.384498 0.610765 0.411094 0.610765 0.451368
0 0.634200 0.510638 0.629074 0.531915 0.634200 0.561550 0.648114 0.573708 0.653973 0.568389 0.663859 0.564590 0.670817 0.559271 0.677774 0.530395 0.675211 0.497720 0.672281 0.454407 0.669718 0.416413 0.663859 0.374620 0.660930 0.346505 0.648114 0.332067 0.638228 0.349544 0.636763 0.389058 0.634200 0.465805
0 0.674844 0.494681 0.674112 0.525076 0.680337 0.556231 0.696082 0.565350 0.703039 0.552432 0.718418 0.522036 0.716221 0.492401 0.710729 0.455927 0.705602 0.418693 0.697913 0.371581 0.682168 0.341945 0.670817 0.349544 0.670450 0.400456 0.670450 0.442249
0 0.501648 0.606383 0.498718 0.641337 0.496521 0.677052 0.499817 0.751520 0.502380 0.798632 0.506774 0.830547 0.514464 0.836626 0.521421 0.823708 0.521787 0.792553 0.524350 0.669453 0.525815 0.613982 0.521787 0.602584
0 0.515562 0.607903 0.516294 0.640578 0.521787 0.682371 0.523252 0.726444 0.526181 0.776596 0.526181 0.811550 0.531307 0.852584 0.540095 0.852584 0.542658 0.823708 0.542658 0.796353 0.545222 0.725684 0.545222 0.683891 0.549249 0.646657 0.550348 0.611702 0.545954 0.595745 0.531307 0.588906
0 0.546686 0.607903 0.545222 0.637538 0.545222 0.678571 0.545954 0.724164 0.552911 0.783435 0.558037 0.849544 0.567924 0.854863 0.576346 0.825228 0.577444 0.784195 0.575613 0.725684 0.574149 0.678571 0.576712 0.637538 0.567924 0.603343 0.560601 0.588906 0.551080 0.593465
0 0.569755 0.617781 0.567924 0.644377 0.574881 0.679331 0.577444 0.713526 0.580007 0.765957 0.583669 0.814590 0.590626 0.838146 0.601977 0.836626 0.601977 0.769757 0.601977 0.731763 0.602710 0.675532 0.606005 0.633739 0.604540 0.604863 0.591358 0.591945 0.580740 0.585106
0 0.604174 0.606383 0.599048 0.620821 0.599048 0.655015 0.604174 0.683891 0.607836 0.745441 0.612230 0.793313 0.617356 0.825988 0.630538 0.838146 0.635665 0.759878 0.635665 0.731763 0.634200 0.689970 0.631637 0.655775 0.629806 0.639058 0.630538 0.619301 0.629074 0.603343 0.625412 0.595745 0.616624 0.588906
0 0.632369 0.591945 0.626877 0.610182 0.627975 0.639058 0.633101 0.670213 0.634200 0.709726 0.635665 0.738602 0.637495 0.768997 0.642622 0.798632 0.655071 0.825228 0.662029 0.825228 0.673380 0.818389 0.679605 0.807751 0.683632 0.787994 0.683999 0.762158 0.683999 0.735562 0.680337 0.702888 0.678506 0.683891 0.676675 0.657295 0.673380 0.635258 0.674112 0.621581 0.675943 0.594225 0.672281 0.586626 0.659465 0.588146 0.648847 0.590426 0.640791 0.590426
0 0.674112 0.579027 0.667155 0.607903 0.672647 0.632219 0.678506 0.648176 0.696814 0.762158 0.716953 0.787234 0.737825 0.781915 0.743684 0.747720 0.730135 0.696809 0.722812 0.648176 0.723178 0.603343 0.719517 0.563070 0.704504 0.560030 0.696082 0.581307 0.683632 0.570669
0 0.727206 0.628419 0.722812 0.651976 0.725741 0.683891 0.734529 0.707447 0.744782 0.726444 0.755401 0.743921 0.766752 0.746201 0.777737 0.738602 0.787624 0.718845 0.791651 0.691489 0.790187 0.659574 0.782497 0.628419 0.774442 0.606383 0.756866 0.579027 0.742951 0.588146
0 0.485903 0.597264 0.472721 0.608663 0.473453 0.648176 0.478945 0.695289 0.479678 0.745441 0.480410 0.798632 0.481509 0.825228 0.487733 0.841945 0.500549 0.835866 0.500915 0.797872 0.500915 0.746201 0.499085 0.705927 0.497254 0.670213 0.497986 0.642857 0.500549 0.606383 0.494691 0.598024
0 0.454412 0.597264 0.445990 0.619301 0.450018 0.664894 0.457708 0.737082 0.459905 0.785714 0.462468 0.816869 0.465763 0.841945 0.474551 0.851064 0.482607 0.827508 0.479678 0.789514 0.480776 0.737082 0.478213 0.695289 0.474551 0.658815 0.474551 0.621581 0.474551 0.601064 0.462468 0.595745
0 0.430978 0.602584 0.427682 0.628419 0.424753 0.700608 0.428415 0.768997 0.432442 0.811550 0.450751 0.876140 0.460637 0.869301 0.463933 0.831307 0.456975 0.734802 0.454412 0.702888 0.451849 0.671733 0.453680 0.626900 0.451117 0.594225 0.443793 0.591945
0 0.398023 0.617021 0.392530 0.635258 0.400220 0.696809 0.403149 0.731003 0.403881 0.768997 0.406445 0.811550 0.410106 0.839666 0.415965 0.859422 0.430245 0.857903 0.432808 0.823708 0.430245 0.783435 0.427316 0.724164 0.424753 0.689970 0.427682 0.649696 0.430245 0.621581 0.422190 0.603343 0.407177 0.599544
0 0.372391 0.606383 0.361406 0.626900 0.363603 0.666413 0.366166 0.717325 0.372757 0.800152 0.377517 0.838146 0.386305 0.861702 0.395093 0.848784 0.395826 0.809271 0.395093 0.756839 0.396192 0.702128 0.400586 0.657295 0.402783 0.626140 0.390699 0.611702 0.382278 0.604863
0 0.311241 0.595745 0.302819 0.624620 0.301721 0.649696 0.292933 0.691489 0.286342 0.713526 0.271329 0.740881 0.263640 0.755319 0.266203 0.784195 0.285244 0.814590 0.306481 0.809271 0.320395 0.781915 0.330648 0.750000 0.337605 0.715046 0.345295 0.689970 0.354449 0.664134 0.361406 0.639058 0.356646 0.612462 0.344562 0.610182 0.333211 0.610182 0.328085 0.598024
0 0.261809 0.597264 0.251190 0.602584 0.239839 0.621581 0.231051 0.645897 0.221897 0.659574 0.214573 0.678571 0.213109 0.707447 0.221897 0.734802 0.244233 0.743921 0.261809 0.734802 0.276822 0.720365 0.287807 0.707447 0.296595 0.682371 0.298425 0.639058 0.290736 0.611702 0.271329 0.599544
