0 0.495334 0.441489 0.496716 0.502280 0.489112 0.526596 0.462150 0.512918 0.465952 0.446049 0.467335 0.351824 0.468026 0.274316 0.466989 0.228723 0.466989 0.188450 0.476668 0.180091 0.482890 0.215805
0 0.438645 0.449088 0.438299 0.474924 0.446941 0.497720 0.455582 0.500000 0.465607 0.476444 0.468372 0.417933 0.469409 0.351064 0.470792 0.289514 0.470446 0.239362 0.470446 0.208967 0.465952 0.180851 0.453854 0.185410 0.450743 0.208967 0.447632 0.308511
0 0.416868 0.437690 0.418597 0.470365 0.425510 0.503799 0.442793 0.500760 0.449706 0.478723 0.451089 0.452128 0.444867 0.396657 0.440028 0.308511 0.440028 0.278116 0.436225 0.245441 0.433460 0.210486 0.432077 0.198328 0.422745 0.189970 0.416177 0.204407 0.413757 0.234043 0.413757 0.283435
0 0.395783 0.456687 0.395783 0.487082 0.406153 0.500000 0.418597 0.475684 0.421016 0.472644 0.433460 0.462006 0.433460 0.431611 0.428966 0.357143 0.422745 0.272036 0.422399 0.255319 0.420325 0.229483 0.415486 0.223404 0.410301 0.218085 0.402005 0.220365 0.395783 0.232523 0.390598 0.272036
0 0.341168 0.422492 0.347045 0.453647 0.359834 0.460486 0.363636 0.472644 0.377117 0.475684 0.391635 0.458967 0.395092 0.407295 0.390252 0.354103 0.389561 0.310790 0.386796 0.270517 0.385413 0.241641 0.379191 0.218845 0.374698 0.215805 0.363291 0.228723 0.356032 0.278116 0.349810 0.348024
0 0.309022 0.364742 0.305219 0.401976 0.309367 0.426292 0.320429 0.424012 0.329070 0.439970 0.340131 0.435410 0.347390 0.418693 0.351193 0.363982 0.356032 0.310790 0.358451 0.259119 0.358451 0.225684 0.349810 0.209726 0.325959 0.198328 0.314207 0.198328 0.311441 0.275076 0.313170 0.322948
0 0.495334 0.438450 0.495679 0.498480 0.504321 0.522036 0.522987 0.517477 0.527480 0.468085 0.522987 0.386018 0.527480 0.291033 0.527480 0.234043 0.524715 0.196809 0.510197 0.185410 0.498099 0.203647 0.497062 0.338146
0 0.524024 0.449088 0.526097 0.483283 0.533356 0.505319 0.544763 0.500000 0.545800 0.435410 0.545109 0.339666 0.545109 0.268997 0.543726 0.222644 0.538887 0.191489 0.528517 0.204407 0.522987 0.263678
0 0.545800 0.424012 0.543381 0.476444 0.548220 0.498480 0.558244 0.507599 0.570342 0.490122 0.570342 0.414134 0.570688 0.336626 0.570688 0.277356 0.570688 0.227964 0.569305 0.187690 0.563429 0.168693 0.549948 0.196809 0.548220 0.269757 0.545109 0.340426
0 0.582786 0.395137 0.586588 0.443009 0.590736 0.465046 0.601452 0.479483 0.614933 0.472644 0.617352 0.443009 0.611476 0.369301 0.608711 0.312310 0.610093 0.231763 0.610439 0.212006 0.610439 0.187690 0.604217 0.182371 0.592810 0.191489 0.585897 0.234043 0.584514 0.279635 0.580712 0.332067
0 0.630833 0.379939 0.633944 0.415653 0.642586 0.430091 0.654684 0.431611 0.663671 0.431611 0.674732 0.424772 0.676806 0.374620 0.675769 0.332067 0.675423 0.287994 0.674041 0.259119 0.668165 0.221125 0.663325 0.204407 0.654338 0.189970 0.649844 0.185410 0.642586 0.184650 0.632907 0.217325 0.633944 0.291033 0.632907 0.337386
0 0.515036 0.534954 0.515036 0.560030 0.515036 0.606383 0.513999 0.671733 0.518493 0.734043 0.524024 0.768997 0.535085 0.765957 0.537504 0.610942 0.537159 0.549392 0.530245 0.540274 0.519876 0.536474
0 0.539924 0.534954 0.534048 0.547112 0.537159 0.585106 0.540270 0.647416 0.543381 0.696049 0.553059 0.752280 0.557553 0.787234 0.571725 0.791033 0.579675 0.761398 0.566194 0.639058 0.563429 0.571429 0.559972 0.541033
0 0.559627 0.533435 0.552022 0.554711 0.558244 0.588906 0.572416 0.668693 0.577255 0.712006 0.582786 0.765957 0.593847 0.778875 0.604908 0.758359 0.600760 0.689970 0.591428 0.621581 0.589008 0.568389 0.583477 0.515957 0.570342 0.506079 0.555824 0.527356
0 0.580366 0.515957 0.575527 0.549392 0.586588 0.586626 0.592810 0.623100 0.604217 0.685410 0.618735 0.738602 0.631524 0.755319 0.641549 0.749240 0.640857 0.711246 0.626685 0.644377 0.620118 0.588906 0.614241 0.544073 0.613550 0.513678 0.589354 0.491641
0 0.606982 0.479483 0.603180 0.511398 0.613896 0.555471 0.624957 0.600304 0.632216 0.655015 0.643277 0.707447 0.663671 0.734043 0.685793 0.740881 0.698928 0.720365 0.701694 0.673252 0.687176 0.629939 0.671621 0.576748 0.659523 0.536474 0.654338 0.487082 0.651918 0.465046 0.642586 0.467325 0.634981 0.462006 0.621155 0.471125
0 0.495334 0.549392 0.492568 0.560030 0.493951 0.605623 0.494642 0.662614 0.495679 0.714286 0.505358 0.779635 0.514345 0.783435 0.516419 0.737082 0.516073 0.623100 0.515382 0.550912 0.509851 0.536474
0 0.654684 0.453647 0.653647 0.469605 0.657449 0.514438 0.663671 0.550912 0.675769 0.605623 0.694435 0.644377 0.711718 0.680091 0.730384 0.692249 0.742482 0.651976 0.732458 0.590426 0.710681 0.531915 0.705496 0.484802 0.693052 0.435410 0.676806 0.427052 0.662288 0.450608
0 0.694089 0.431611 0.697891 0.460486 0.705150 0.500000 0.708953 0.532675 0.730038 0.586626 0.743865 0.617781 0.760802 0.624620 0.771863 0.585106 0.762530 0.541793 0.750086 0.513678 0.743173 0.452128 0.738334 0.407295 0.726581 0.398936 0.712755 0.396657 0.696854 0.414134
0 0.479087 0.532675 0.470792 0.547112 0.472866 0.614742 0.471829 0.665653 0.470792 0.714286 0.470792 0.755319 0.470792 0.791033 0.482198 0.806991 0.493951 0.766717 0.494642 0.664894 0.493951 0.598784 0.494297 0.551672 0.485655 0.532675
0 0.446941 0.538754 0.445904 0.582067 0.452126 0.644377 0.451434 0.689970 0.451434 0.743921 0.455582 0.782675 0.470792 0.787234 0.474248 0.660334 0.470792 0.600304 0.472866 0.553951 0.467335 0.534954
0 0.430349 0.543313 0.423436 0.554711 0.423436 0.583587 0.417560 0.645897 0.412375 0.704407 0.409955 0.750760 0.413066 0.781915 0.424819 0.781915 0.434151 0.734043 0.447287 0.645897 0.452471 0.600304 0.453854 0.560030 0.446941 0.536474 0.438645 0.538754
0 0.396820 0.554711 0.395783 0.612462 0.391635 0.697568 0.387141 0.741641 0.393363 0.776596 0.405461 0.772036 0.414103 0.735562 0.424127 0.627660 0.430349 0.583587 0.432077 0.554711 0.425510 0.551672 0.421016 0.522796 0.408918 0.524316
0 0.378154 0.517477 0.373315 0.587386 0.363291 0.657295 0.356377 0.693009 0.347736 0.742401 0.359834 0.776596 0.384030 0.730243 0.396820 0.622340 0.411338 0.569909 0.417560 0.537994 0.408918 0.518997 0.404424 0.517477 0.398203 0.500760
0 0.345662 0.481763 0.332872 0.488602 0.332872 0.528116 0.328725 0.573708 0.313170 0.627660 0.300035 0.645897 0.284134 0.684650 0.295887 0.741641 0.317318 0.749240 0.346353 0.717325 0.361908 0.648936 0.380919 0.566109 0.391635 0.527356 0.391635 0.498480 0.380574 0.496960 0.373661 0.493921 0.364673 0.478723 0.353267 0.484802
0 0.290356 0.469605 0.286899 0.511398 0.281023 0.551672 0.260975 0.608663 0.247494 0.619301 0.248877 0.661094 0.267888 0.686930 0.295887 0.659574 0.312478 0.621581 0.331144 0.562310 0.347736 0.497720 0.349464 0.470365 0.339786 0.462006 0.327688 0.457447 0.317663 0.438450 0.306948 0.443769 0.301763 0.443009
