0 0.468827 0.601064 0.502642 0.601064 0.502642 0.543313 0.489609 0.346505 0.473758 0.350304 0.469179 0.547112
0 0.447693 0.601064 0.463896 0.598024 0.474463 0.569909 0.472349 0.364742 0.453681 0.363222 0.444875 0.493921 0.443114 0.563830 0.445579 0.589666
0 0.419514 0.589666 0.429729 0.598024 0.447341 0.594225 0.451215 0.534195 0.436774 0.338906 0.421275 0.336626 0.420923 0.424012 0.414583 0.481003 0.415992 0.550912
0 0.366678 0.583587 0.376893 0.601824 0.392039 0.592705 0.395562 0.571429 0.398732 0.467325 0.377246 0.332067 0.358577 0.339666 0.370201 0.435410 0.370553 0.507599 0.367031 0.530395 0.365269 0.562310
0 0.327580 0.596505 0.340261 0.592705 0.356816 0.598024 0.365269 0.585866 0.366678 0.515198 0.306446 0.327508 0.287777 0.368541 0.296583 0.446809 0.317365 0.518237 0.321592 0.555471 0.324410 0.587386
0 0.286016 0.601064 0.296936 0.605623 0.315956 0.615502 0.328285 0.585866 0.329694 0.560030 0.312434 0.501520 0.277210 0.370061 0.254315 0.402736 0.257485 0.461246 0.276506 0.518997 0.280733 0.562310 0.279324 0.587386
0 0.501233 0.598024 0.517083 0.600304 0.535400 0.591185 0.533639 0.526596 0.523776 0.354863 0.509334 0.358663 0.505812 0.487842 0.504051 0.535714 0.500176 0.558511 0.500881 0.581307
0 0.534343 0.581307 0.539274 0.592705 0.563579 0.586626 0.564283 0.563070 0.562170 0.514438 0.559000 0.424012 0.551955 0.340426 0.536104 0.348024 0.535752 0.467325 0.532934 0.528116 0.532934 0.552432
0 0.560409 0.575228 0.566044 0.592705 0.580134 0.594225 0.590349 0.575228 0.588940 0.513678 0.588588 0.412614 0.595985 0.332067 0.578373 0.329027 0.567453 0.399696 0.565340 0.481003 0.562522 0.518997 0.559352 0.530395
0 0.615358 0.564590 0.622402 0.575228 0.635787 0.583587 0.648116 0.560030 0.642832 0.495441 0.635787 0.405015 0.641071 0.346505 0.627334 0.345745 0.615710 0.430851 0.616766 0.479483 0.616414 0.501520 0.613596 0.510638 0.611131 0.539514
0 0.645650 0.560030 0.651638 0.569909 0.666432 0.563070 0.682282 0.543313 0.681578 0.491641 0.699190 0.342705 0.678408 0.335866 0.661501 0.393617 0.655513 0.452888 0.646707 0.487082 0.643889 0.490881 0.641423 0.524316
0 0.504403 0.617781 0.527298 0.609422 0.542445 0.815350 0.526594 0.824468
0 0.527651 0.609422 0.540683 0.601064 0.553012 0.609422 0.559352 0.680851 0.574498 0.849544 0.551955 0.848784 0.550546 0.773556 0.535400 0.699848 0.532230 0.658055 0.528355 0.638298
0 0.550546 0.632219 0.555125 0.615502 0.564283 0.605623 0.580486 0.615502 0.582247 0.654255 0.583304 0.699088 0.583656 0.731763 0.601268 0.845745 0.587179 0.854863 0.567453 0.746201 0.559000 0.672492
0 0.579782 0.615502 0.604438 0.605623 0.611483 0.626900 0.615005 0.664894 0.617119 0.689210 0.634731 0.848784 0.619232 0.854863 0.600916 0.765198 0.588940 0.682371 0.579782 0.662614 0.579782 0.634498
0 0.643889 0.596505 0.680874 0.583587 0.689327 0.630699 0.693202 0.666413 0.726312 0.778875 0.705178 0.806231 0.675590 0.737842 0.655160 0.672492 0.646707 0.670213 0.643536 0.632219
0 0.675590 0.581307 0.676999 0.563830 0.695667 0.543313 0.718915 0.537234 0.725960 0.560790 0.729834 0.626900 0.753082 0.708967 0.733709 0.749240 0.712575 0.708967 0.696724 0.680851 0.686862 0.640578 0.685100 0.620821
0 0.484678 0.620061 0.505812 0.617781 0.515322 0.708967 0.524128 0.832827 0.507925 0.840426 0.497710 0.719605 0.492427 0.680851 0.487143 0.661094
0 0.464952 0.616261 0.486791 0.613222 0.501233 0.815350 0.488552 0.822948
0 0.442057 0.617781 0.469532 0.613222 0.470588 0.650456 0.477633 0.840426 0.457908 0.841185
0 0.420923 0.617021 0.432194 0.606383 0.445932 0.605623 0.456147 0.627660 0.454385 0.658815 0.454385 0.768997 0.446284 0.870061 0.430081 0.862462 0.433251 0.771277 0.423741 0.677812
0 0.398732 0.617781 0.409651 0.605623 0.430785 0.612462 0.440296 0.626900 0.432547 0.677812 0.421275 0.780395 0.400845 0.856383 0.382881 0.837386 0.393801 0.759878 0.396971 0.693769
0 0.349067 0.608663 0.356111 0.606383 0.379359 0.636018 0.389926 0.639058 0.395562 0.657295 0.390278 0.681611 0.357520 0.746960 0.313491 0.818389 0.294470 0.796353 0.305741 0.731003 0.325114 0.682371 0.342726 0.620061
