0 0.488542 0.528875 0.483681 0.265957 0.451042 0.274316 0.453819 0.534954
0 0.454861 0.532675 0.450000 0.265957 0.427083 0.276596 0.422222 0.392097 0.430208 0.469605 0.428125 0.522036
0 0.423958 0.531155 0.430208 0.463526 0.421181 0.261398 0.395486 0.272036 0.402431 0.534954
0 0.401389 0.526596 0.407292 0.468085 0.398264 0.263678 0.381597 0.270517 0.377431 0.426292 0.372569 0.531155
0 0.373611 0.524316 0.384375 0.458967 0.378472 0.268237 0.355556 0.278875 0.354861 0.446049 0.354861 0.537234
0 0.355556 0.519757 0.358681 0.454407 0.353819 0.268237 0.319792 0.278875 0.317014 0.498480
0 0.318056 0.500760 0.319792 0.272036 0.276389 0.265957 0.275347 0.474164
0 0.489583 0.537234 0.487500 0.278875 0.524306 0.276596 0.523264 0.528875
0 0.524306 0.526596 0.522222 0.274316 0.552083 0.276596 0.548264 0.531155
0 0.554167 0.255319 0.548264 0.537234 0.576042 0.528875 0.575000 0.253040
0 0.573958 0.522036 0.569792 0.461246 0.576042 0.246201 0.606597 0.253040 0.606597 0.481003 0.599653 0.526596
0 0.603819 0.511398 0.595833 0.469605 0.608681 0.246201 0.632292 0.261398 0.632292 0.515957
0 0.630556 0.509119 0.626389 0.448328 0.645486 0.294073 0.686111 0.300912 0.673958 0.509119
0 0.680903 0.496201 0.673958 0.411094 0.687847 0.272036 0.723611 0.302432 0.717708 0.408815 0.724653 0.484802
0 0.723611 0.481003 0.715972 0.405015 0.724653 0.298632 0.753472 0.300912 0.759375 0.454407
0 0.498611 0.528875 0.511458 0.803951 0.531250 0.791033 0.520486 0.524316
0 0.522222 0.524316 0.531250 0.802432 0.552083 0.795593 0.545139 0.526596
0 0.547222 0.534954 0.553125 0.808511 0.580903 0.793313 0.572917 0.524316
0 0.572917 0.522036 0.582986 0.802432 0.609722 0.784954 0.601736 0.519757
0 0.598611 0.526596 0.616667 0.782675 0.647222 0.762918 0.632292 0.509119
0 0.667014 0.547872 0.715972 0.726444 0.746528 0.654255 0.703819 0.484802
0 0.749653 0.654255 0.702778 0.489362 0.751389 0.450608 0.793056 0.607143 0.756597 0.674012
0 0.499653 0.531155 0.510417 0.817629 0.485764 0.813070 0.475694 0.531155
0 0.475694 0.531155 0.487500 0.821429 0.465625 0.815350 0.451042 0.531155
0 0.450000 0.526596 0.466667 0.825988 0.436111 0.815350 0.429167 0.630699 0.426042 0.528875
0 0.426042 0.544073 0.436111 0.817629 0.416319 0.813070 0.404167 0.615502 0.401389 0.580547 0.408333 0.539514
0 0.412153 0.552432 0.412153 0.589666 0.395486 0.810790 0.382639 0.784954 0.374653 0.544073
0 0.352778 0.537234 0.319792 0.743161 0.276389 0.696049 0.313889 0.502280
0 0.313889 0.511398 0.273264 0.706687 0.226736 0.632979 0.267361 0.468085
