0 0.469123 0.480243 0.489474 0.495441 0.504912 0.495441 0.504912 0.434650 0.507018 0.398176 0.507018 0.354103 0.512632 0.252280 0.512632 0.170213 0.492281 0.163374 0.484561 0.254559 0.480000 0.315350 0.474386 0.351824 0.472281 0.389818 0.469123 0.414894 0.468772 0.456687
0 0.455088 0.506079 0.469123 0.495441 0.476842 0.487082 0.478947 0.452128 0.472982 0.411854 0.472281 0.362462 0.474386 0.279635 0.461053 0.217325 0.446316 0.218845 0.451930 0.293313 0.451228 0.333587 0.447719 0.389818 0.445614 0.433131 0.445614 0.482523
0 0.425965 0.503040 0.432982 0.517477 0.444912 0.506079 0.449474 0.495441 0.450175 0.484043 0.454737 0.449848 0.455789 0.426292 0.455789 0.401216 0.449474 0.355623 0.447719 0.291033 0.436842 0.164894 0.421404 0.177052 0.417544 0.297872 0.418246 0.370821 0.420702 0.405015 0.420702 0.456687 0.418947 0.490881
0 0.397895 0.504559 0.405614 0.517477 0.418246 0.521277 0.423860 0.517477 0.432281 0.512918 0.436140 0.502280 0.437895 0.472644 0.440000 0.431611 0.440000 0.402736 0.434737 0.355623 0.425263 0.180091 0.404211 0.183131 0.405965 0.379179 0.405965 0.423252 0.401754 0.457447
0 0.375439 0.497720 0.387018 0.512918 0.398947 0.519757 0.404211 0.511398 0.411930 0.470365 0.409123 0.433131 0.408070 0.283435 0.402105 0.205167 0.384561 0.214286 0.379298 0.382979 0.379298 0.431611 0.374737 0.465805 0.375439 0.482523
0 0.292982 0.492401 0.308421 0.503040 0.320000 0.503040 0.338596 0.493921 0.348070 0.481003 0.348772 0.434650 0.345965 0.411094 0.341754 0.391337 0.338947 0.376140 0.336491 0.306231 0.303860 0.250760 0.282807 0.269757 0.286667 0.343465 0.286667 0.391337 0.296491 0.409574 0.289825 0.426292 0.289474 0.446809 0.286667 0.478723
0 0.508772 0.492401 0.515088 0.490881 0.532982 0.492401 0.539298 0.472644 0.542105 0.430091 0.542105 0.405015 0.545263 0.367021 0.549123 0.322188 0.544561 0.253040 0.537544 0.138298 0.506316 0.144377 0.512632 0.313830 0.509474 0.380699 0.508772 0.404255 0.503158 0.465046 0.503158 0.475684
0 0.533684 0.456687 0.536140 0.474164 0.543158 0.484043 0.556491 0.484043 0.562456 0.484043 0.566667 0.456687 0.566667 0.426292 0.566667 0.389818 0.570175 0.358663 0.571930 0.315350 0.573333 0.232523 0.567368 0.189970 0.547018 0.200608 0.552632 0.311550 0.551579 0.338906 0.543158 0.404255
0 0.559298 0.446809 0.563158 0.465805 0.566667 0.495441 0.575088 0.509119 0.585965 0.504559 0.592281 0.478723 0.594737 0.453647 0.594737 0.426292 0.591579 0.406535 0.596842 0.306231 0.593684 0.239362 0.585263 0.161094 0.568772 0.161854 0.570175 0.267477 0.570175 0.343465 0.565614 0.380699 0.562456 0.428571
0 0.616491 0.500760 0.612632 0.471884 0.612632 0.450608 0.617895 0.430091 0.617895 0.370821 0.615789 0.313830 0.614737 0.239362 0.614737 0.195289 0.633684 0.221884 0.638947 0.306231 0.641404 0.382979 0.648421 0.443769 0.654737 0.449848 0.650877 0.484043 0.639649 0.512918 0.624912 0.507599
0 0.675439 0.496201 0.669474 0.480243 0.667719 0.455167 0.670175 0.436930 0.677193 0.426292 0.699649 0.289514 0.738947 0.313830 0.727018 0.384498 0.721754 0.417933 0.723860 0.442249 0.727018 0.465046 0.723860 0.506079 0.714386 0.507599 0.703509 0.507599 0.684912 0.507599
0 0.512632 0.529635 0.524211 0.521277 0.528070 0.521277 0.534386 0.525836 0.534386 0.573708 0.534386 0.615502 0.534386 0.670973 0.536140 0.814590 0.519649 0.810030 0.518246 0.696809 0.516491 0.648176 0.516491 0.626140 0.516491 0.604103
0 0.535439 0.522796 0.552281 0.521277 0.556491 0.521277 0.564211 0.537994 0.556491 0.582067 0.551579 0.680091 0.552632 0.818389 0.538596 0.811550 0.533684 0.686930 0.533684 0.626140 0.536842 0.604103
0 0.555439 0.569909 0.561053 0.543313 0.564912 0.531155 0.570526 0.528116 0.580351 0.544833 0.582105 0.578267 0.584211 0.615502 0.586667 0.708207 0.577544 0.844985 0.553333 0.836626 0.563158 0.762158 0.559298 0.693009 0.559298 0.649696 0.556491 0.617021 0.554737 0.587386
0 0.585965 0.604103 0.580351 0.580547 0.579649 0.563830 0.581404 0.533435 0.587719 0.528116 0.600000 0.525836 0.608772 0.547872 0.610877 0.576748 0.610175 0.610942 0.612281 0.656535 0.610175 0.715046 0.603158 0.841945 0.585263 0.823708 0.592982 0.713526 0.589825 0.655775
0 0.604561 0.569909 0.602456 0.546353 0.605263 0.532675 0.624912 0.518237 0.631930 0.515957 0.638947 0.536474 0.639649 0.575228 0.638947 0.613982 0.638947 0.662614 0.635789 0.702128 0.633333 0.782675 0.617193 0.801672 0.608772 0.747720 0.610877 0.693009 0.610877 0.615502 0.608772 0.590426
0 0.663860 0.544833 0.664561 0.529635 0.682807 0.521277 0.695088 0.517477 0.709825 0.515957 0.715439 0.529635 0.717544 0.575228 0.727719 0.610942 0.746667 0.673252 0.756491 0.701368 0.755789 0.720365 0.705965 0.746960 0.708421 0.712006 0.703509 0.681611 0.692632 0.669453 0.688070 0.661094 0.677895 0.640578 0.674035 0.610942 0.664561 0.597264 0.660000 0.585106
0 0.712982 0.515957 0.725614 0.511398 0.740351 0.500760 0.749825 0.496201 0.758246 0.528116 0.760000 0.573708 0.765965 0.607143 0.783860 0.661094 0.758947 0.686930 0.738947 0.656535 0.731579 0.620821 0.723158 0.594225 0.711579 0.533435
0 0.485263 0.525836 0.510526 0.517477 0.514386 0.595745 0.514386 0.627660 0.514386 0.686930 0.518947 0.767477 0.513333 0.828267 0.503158 0.801672 0.500000 0.696809 0.497193 0.648176 0.493333 0.613982 0.486316 0.582067
0 0.461754 0.524316 0.480000 0.524316 0.491579 0.525836 0.493333 0.566869 0.493333 0.609422 0.501754 0.713526 0.507018 0.777356 0.509474 0.838146 0.497895 0.830547 0.482807 0.735562 0.480000 0.701368 0.476842 0.670973 0.469123 0.625380 0.461053 0.588906 0.458947 0.551672
0 0.437895 0.543313 0.445614 0.521277 0.457193 0.529635 0.467368 0.568389 0.478947 0.625380 0.480702 0.681611 0.480702 0.739362 0.482105 0.796353 0.465263 0.847264 0.461053 0.797872 0.457193 0.728723 0.449474 0.689970 0.444912 0.632219 0.438596 0.587386 0.436842 0.560030
0 0.406667 0.556991 0.416140 0.539514 0.423158 0.533435 0.432982 0.537994 0.437895 0.550152 0.443860 0.558511 0.443860 0.593465 0.446316 0.637538 0.448070 0.671733 0.455088 0.775836 0.449474 0.814590 0.428421 0.794833 0.421404 0.696809 0.420702 0.673252 0.413684 0.609422 0.412632 0.590426
0 0.365263 0.534954 0.384561 0.533435 0.398596 0.532675 0.411930 0.539514 0.412982 0.571429 0.405614 0.617781 0.396491 0.677812 0.386316 0.779635 0.327719 0.731763 0.338947 0.656535 0.348772 0.630699 0.354386 0.601824 0.358246 0.568389
0 0.307719 0.578267 0.308421 0.546353 0.314737 0.515957 0.320702 0.500760 0.338596 0.512918 0.356842 0.528116 0.362105 0.537994 0.363509 0.563070 0.353684 0.607143 0.346667 0.641337 0.307018 0.764438 0.284211 0.739362 0.289474 0.659574 0.300000 0.617021
