0 0.478595 0.566869 0.503344 0.570669 0.505017 0.523556 0.499331 0.443009 0.496321 0.329787 0.480602 0.337386 0.477926 0.468845 0.479264 0.520517
0 0.466555 0.568389 0.481271 0.565350 0.479264 0.499240 0.477258 0.353343 0.463545 0.360182 0.460870 0.481763 0.460870 0.520517 0.459197 0.560790
0 0.437124 0.559271 0.454515 0.566869 0.462207 0.550912 0.459866 0.429331 0.455184 0.329787 0.438796 0.341945 0.438796 0.481763 0.437124 0.525076
0 0.416054 0.549392 0.419398 0.556991 0.427090 0.566869 0.435452 0.554711 0.438462 0.568389 0.446823 0.563830 0.451505 0.526596 0.449498 0.481003 0.442475 0.321429 0.423411 0.333587 0.420067 0.471884 0.417726 0.512918
0 0.402676 0.571429 0.407692 0.569909 0.416388 0.555471 0.421070 0.564590 0.428094 0.560030 0.432776 0.537994 0.430435 0.493921 0.422074 0.319149 0.402676 0.323708 0.398328 0.484043 0.396990 0.522036 0.398662 0.561550
0 0.376589 0.573708 0.383946 0.569909 0.392977 0.576748 0.400669 0.571429 0.410702 0.572948 0.413712 0.559271 0.415385 0.541793 0.413712 0.500000 0.388294 0.311550 0.363211 0.315350 0.372910 0.477964 0.371906 0.509878 0.368562 0.543313 0.370569 0.566869
0 0.342140 0.542553 0.351171 0.544833 0.362207 0.555471 0.370903 0.561550 0.379264 0.540274 0.384615 0.512918 0.384281 0.457447 0.373244 0.309271 0.351839 0.314590 0.345485 0.401216 0.341472 0.452128 0.338127 0.481763 0.338127 0.496960 0.336789 0.520517 0.337458 0.534954
0 0.315719 0.504559 0.325084 0.512158 0.329766 0.520517 0.336120 0.522036 0.344816 0.522796 0.355853 0.523556 0.357860 0.514438 0.356522 0.462006 0.355184 0.421733 0.343478 0.320669 0.327425 0.327508 0.332776 0.385258 0.331104 0.416413 0.325753 0.437690 0.317391 0.458207 0.314381 0.481763
0 0.505351 0.569149 0.529431 0.569909 0.531438 0.528116 0.528094 0.506079 0.527425 0.452128 0.521739 0.307751 0.505686 0.314590 0.510702 0.474924 0.504348 0.522036 0.504013 0.551672
0 0.532441 0.563830 0.537458 0.568389 0.543478 0.565350 0.547826 0.554711 0.547492 0.531915 0.548829 0.502280 0.539465 0.314590 0.527425 0.321429 0.530769 0.485562 0.529431 0.534195
0 0.547157 0.563070 0.556187 0.579027 0.567224 0.574468 0.570569 0.554711 0.571237 0.540274 0.568227 0.503040 0.569231 0.453647 0.564214 0.340426 0.553177 0.341945 0.551171 0.431611 0.549833 0.480243 0.546154 0.536474
0 0.572910 0.576748 0.579933 0.561550 0.585953 0.579027 0.590635 0.583587 0.596321 0.553191 0.597324 0.522036 0.594983 0.452128 0.597659 0.346505 0.571906 0.348784 0.569231 0.458967 0.567893 0.515957 0.564883 0.537234 0.564883 0.561550 0.569565 0.576748
0 0.588629 0.583587 0.595987 0.577508 0.612040 0.585866 0.616054 0.544833 0.617726 0.495441 0.614381 0.345745 0.596321 0.351824 0.588963 0.491641 0.585953 0.544833 0.585953 0.576748
0 0.609365 0.586626 0.618395 0.593465 0.628763 0.595745 0.632107 0.588146 0.641137 0.593465 0.646823 0.585866 0.648495 0.561550 0.645485 0.537234 0.648495 0.360182 0.615719 0.362462 0.616722 0.488602 0.614047 0.516717 0.608027 0.552432 0.608027 0.581307
0 0.647492 0.569149 0.654181 0.575988 0.667559 0.567629 0.670569 0.560790 0.679599 0.561550 0.683278 0.547872 0.683278 0.531915 0.681271 0.503799 0.677592 0.474164 0.673913 0.414894 0.675585 0.344985 0.651839 0.356383 0.649498 0.452888 0.647492 0.492401 0.645819 0.516717 0.644482 0.542553 0.644482 0.560790
0 0.679264 0.541033 0.684950 0.547872 0.692977 0.546353 0.696656 0.531915 0.703010 0.533435 0.711037 0.517477 0.713378 0.509119 0.708361 0.480243 0.705686 0.465805 0.693645 0.440729 0.686622 0.330547 0.673244 0.338146 0.672575 0.450608 0.672241 0.494681 0.674247 0.524316
0 0.503679 0.592705 0.521739 0.592705 0.520067 0.642857 0.514047 0.780395 0.505686 0.778116
0 0.524080 0.595745 0.536120 0.594225 0.542140 0.610182 0.539799 0.630699 0.531104 0.801672 0.516054 0.807751
0 0.544816 0.602584 0.558528 0.599544 0.563880 0.622340 0.561538 0.658055 0.548161 0.828267 0.533445 0.832067 0.539130 0.676292 0.541137 0.619301
0 0.559866 0.614742 0.565217 0.618541 0.569565 0.602584 0.576589 0.604863 0.587625 0.618541 0.583946 0.675532 0.581605 0.712766 0.584950 0.841185 0.571906 0.842705 0.563545 0.706687 0.560870 0.655775 0.558194 0.626900
0 0.579933 0.621581 0.590635 0.611702 0.598662 0.610182 0.605351 0.613982 0.607023 0.625380 0.610033 0.646657 0.611371 0.689210 0.613712 0.830547 0.602341 0.832827 0.583612 0.669453 0.579599 0.663374 0.578595 0.651976 0.579264 0.629939
0 0.638796 0.616261 0.646488 0.595745 0.658528 0.595745 0.674582 0.585866 0.686288 0.599544 0.688629 0.620821 0.691639 0.644377 0.729431 0.756079 0.700334 0.802432 0.670903 0.731003 0.654515 0.680851 0.646823 0.665653 0.642475 0.664134 0.637124 0.631459
0 0.676589 0.591945 0.681271 0.577508 0.688963 0.568389 0.693980 0.563830 0.698662 0.554711 0.702341 0.543313 0.709030 0.536474 0.716722 0.543313 0.725084 0.566869 0.769231 0.722644 0.758863 0.734043 0.718395 0.679331 0.703679 0.658815 0.694314 0.638298 0.685619 0.623860 0.677926 0.607903
0 0.486288 0.598024 0.496990 0.593465 0.503344 0.594985 0.503010 0.640578 0.497659 0.781915 0.485619 0.783435
0 0.465217 0.590426 0.482943 0.593465 0.484281 0.648936 0.483278 0.786474 0.472910 0.782675 0.465217 0.621581
0 0.445819 0.591185 0.451839 0.591185 0.455853 0.588906 0.460201 0.598024 0.463880 0.613982 0.466890 0.635258 0.469565 0.816869 0.454849 0.819149 0.445819 0.697568 0.444147 0.664894 0.443813 0.619301
0 0.419064 0.592705 0.428094 0.582067 0.434448 0.584347 0.437793 0.594225 0.442809 0.599544 0.446823 0.600304 0.447826 0.625380 0.445819 0.651216 0.444816 0.704407 0.438796 0.821429 0.426087 0.810790 0.426756 0.713526 0.423077 0.661094 0.419064 0.626900
0 0.397993 0.603343 0.404348 0.588906 0.411371 0.582067 0.420401 0.588906 0.426756 0.583587 0.430435 0.602584 0.430769 0.639818 0.425418 0.659574 0.422074 0.690729 0.401338 0.821429 0.389632 0.808511 0.398997 0.718845 0.401003 0.698328 0.401338 0.659574 0.398662 0.647416 0.396990 0.626900
0 0.340134 0.569909 0.349164 0.573708 0.358528 0.579027 0.368227 0.579787 0.375585 0.586626 0.380268 0.598024 0.374582 0.619301 0.373913 0.649696 0.369565 0.661854 0.358863 0.664134 0.353512 0.677052 0.342809 0.705927 0.310702 0.756839 0.289967 0.716565 0.308696 0.661854 0.316054 0.643617 0.326756 0.610182 0.325753 0.591945 0.331104 0.578267
0 0.305017 0.516717 0.315050 0.528116 0.315385 0.534954 0.322408 0.537234 0.329766 0.556991 0.339130 0.558511 0.339465 0.574468 0.329431 0.617021 0.316054 0.642857 0.278261 0.708207 0.253512 0.664894 0.281940 0.586626 0.286957 0.556991 0.300000 0.526596
