0 0.502766 0.329787 0.502766 0.375380 0.500692 0.464286 0.502766 0.503040 0.487898 0.522796 0.485131 0.496960 0.487898 0.439970 0.479253 0.381459 0.475104 0.316869 0.485131 0.297112 0.497925 0.310030
0 0.471300 0.316869 0.465422 0.314590 0.453320 0.342705 0.451591 0.383739 0.452282 0.411854 0.452282 0.459726 0.452282 0.507599 0.468188 0.512158 0.482019 0.453647 0.482019 0.386018
0 0.428769 0.310030 0.428769 0.368541 0.425657 0.431611 0.421853 0.496960 0.441563 0.518237 0.453320 0.484043 0.453320 0.418693 0.459198 0.342705 0.458506 0.297112 0.442600 0.290274
0 0.403873 0.297112 0.397994 0.332067 0.393154 0.409574 0.384163 0.479483 0.393154 0.515957 0.417704 0.515957 0.419779 0.459726 0.425657 0.386018 0.428769 0.329787 0.417704 0.292553
0 0.379322 0.297112 0.372407 0.305471 0.356501 0.373100 0.355809 0.423252 0.355809 0.477204 0.357538 0.515957 0.393154 0.520517 0.397303 0.485562 0.397994 0.431611 0.396266 0.370821 0.394191 0.303191 0.391079 0.290274
0 0.358575 0.284195 0.340941 0.286474 0.321923 0.307751 0.320885 0.373100 0.311203 0.429331 0.311203 0.462006 0.330913 0.485562 0.351660 0.470365 0.357538 0.433891 0.359613 0.386018 0.364454 0.335866
0 0.519710 0.303191 0.514523 0.338146 0.512794 0.398936 0.510719 0.472644 0.515560 0.515957 0.531466 0.531155 0.535270 0.496960 0.536307 0.462006 0.536307 0.411854 0.536307 0.338146
0 0.539419 0.299392 0.535270 0.329787 0.535270 0.381459 0.533541 0.431611 0.535270 0.485562 0.548409 0.518237 0.559129 0.492401 0.561203 0.424772 0.562932 0.340426 0.561203 0.299392
0 0.568119 0.294833 0.561203 0.314590 0.553250 0.377660 0.553250 0.398936 0.559129 0.453647 0.560166 0.509878 0.572960 0.518237 0.577801 0.487842 0.576763 0.444529 0.585754 0.357903 0.586791 0.318389
0 0.584716 0.322948 0.578838 0.401216 0.575035 0.455167 0.573997 0.503040 0.597510 0.507599 0.613416 0.485562 0.610650 0.444529 0.603734 0.360182 0.601660 0.292553
0 0.598548 0.322948 0.598548 0.338146 0.593707 0.398936 0.595781 0.457447 0.611342 0.485562 0.625173 0.479483 0.631397 0.477204 0.631397 0.416413 0.630360 0.355623 0.632089 0.305471 0.625173 0.268997 0.607538 0.281915
0 0.651107 0.259878 0.641079 0.259878 0.631397 0.284195 0.628285 0.340426 0.627248 0.409574 0.629322 0.455167 0.635201 0.494681 0.650069 0.466565 0.674620 0.449088 0.671853 0.424772 0.668741 0.401216 0.660788 0.360182 0.659059 0.325228 0.656985 0.277356
0 0.502766 0.689970 0.500692 0.648936 0.498963 0.624620 0.496888 0.596505 0.495851 0.568389 0.495851 0.548632 0.502766 0.533435 0.513831 0.533435 0.514523 0.568389 0.515560 0.603343 0.515560 0.644377 0.516598 0.674772 0.513831 0.718085 0.505878 0.712006
0 0.524550 0.718085 0.521438 0.696809 0.520747 0.655015 0.514523 0.598784 0.514523 0.563830 0.518672 0.542553 0.527663 0.529635 0.535270 0.557751 0.535270 0.579027 0.535270 0.620821 0.535270 0.651216 0.541494 0.679331 0.540456 0.718085 0.533541 0.728723
0 0.543223 0.728723 0.538382 0.666413 0.534578 0.636018 0.534578 0.601064 0.537344 0.548632 0.543223 0.540274 0.554288 0.553191 0.557054 0.588146 0.563970 0.624620 0.569156 0.666413 0.569156 0.709726 0.560166 0.740122
0 0.577801 0.712006 0.567082 0.687690 0.562932 0.646657 0.560166 0.616261 0.565007 0.540274 0.577801 0.537994 0.583679 0.557751 0.584716 0.609422 0.587828 0.668693 0.595781 0.707447 0.585754 0.737842
0 0.604426 0.707447 0.604426 0.685410 0.604426 0.653495 0.604426 0.616261 0.604426 0.581307 0.607538 0.544833 0.598548 0.514438 0.582988 0.531155 0.583679 0.572948 0.591632 0.626900 0.591632 0.666413
0 0.672891 0.655015 0.665975 0.644377 0.630360 0.607903 0.620332 0.592705 0.619295 0.570669 0.615491 0.550912 0.629322 0.527356 0.653873 0.515957 0.672891 0.560030 0.707469 0.618541 0.708506 0.659574
0 0.702282 0.444529 0.675657 0.455167 0.658022 0.479483 0.671853 0.544833 0.714385 0.618541 0.729945 0.624620 0.729253 0.577508 0.705394 0.507599
0 0.492047 0.692249 0.498963 0.638298 0.498963 0.585866 0.488935 0.533435 0.483057 0.550912 0.478216 0.611702 0.479253 0.679331
0 0.479253 0.707447 0.479253 0.672492 0.479253 0.596505 0.474066 0.550912 0.464385 0.542553 0.454357 0.557751 0.457469 0.609422 0.464385 0.681611 0.470263 0.720365 0.482019 0.731003
0 0.470263 0.731003 0.463347 0.707447 0.460235 0.624620 0.457469 0.570669 0.452282 0.550912 0.443638 0.540274 0.435685 0.550912 0.435685 0.624620 0.441563 0.689970 0.453320 0.746201
0 0.443638 0.727204 0.444675 0.655015 0.439488 0.583587 0.429806 0.531155 0.417704 0.544833 0.412863 0.598784 0.418741 0.715805 0.425657 0.731003
0 0.408022 0.722644 0.417012 0.659574 0.417704 0.605623 0.412863 0.566109 0.406985 0.544833 0.395228 0.544833 0.391079 0.581307 0.390387 0.631459 0.389350 0.683891 0.389350 0.722644 0.402144 0.740122
0 0.322960 0.700608 0.343707 0.672492 0.370332 0.601064 0.392116 0.553191 0.363416 0.522796 0.345781 0.520517 0.329876 0.568389 0.301176 0.651216 0.298409 0.681611
0 0.293223 0.646657 0.284578 0.623100 0.279391 0.572948 0.286307 0.533435 0.297372 0.500760 0.305325 0.484043 0.323997 0.492401 0.339903 0.531155 0.342669 0.548632 0.322960 0.590426 0.304288 0.633739
