0 0.475071 0.518997 0.505698 0.511398 0.510684 0.452888 0.508191 0.242401 0.482194 0.246960 0.475783 0.418693 0.470798 0.481003 0.472578 0.504559
0 0.441239 0.480243 0.443376 0.509878 0.450142 0.513678 0.456553 0.515198 0.465456 0.508359 0.470798 0.489362 0.478276 0.435410 0.480057 0.237082 0.467593 0.240881 0.448362 0.411094 0.446937 0.442249
0 0.414530 0.459726 0.412037 0.482523 0.423433 0.512158 0.431980 0.513678 0.441952 0.492401 0.446937 0.463526 0.448362 0.427052 0.446581 0.234043 0.423433 0.240122 0.412037 0.392857
0 0.382835 0.449848 0.382835 0.465046 0.387821 0.496201 0.391026 0.520517 0.406339 0.504559 0.414174 0.492401 0.421652 0.482523 0.418447 0.402736 0.410969 0.199088 0.380342 0.231763 0.383547 0.402736
0 0.352920 0.471884 0.355057 0.490881 0.361823 0.506079 0.372863 0.509878 0.381766 0.503040 0.391026 0.501520 0.398860 0.480243 0.399573 0.452888 0.398148 0.406535 0.389245 0.224924 0.362536 0.235562 0.358262 0.392097
0 0.279915 0.462006 0.292023 0.474164 0.298433 0.480243 0.309117 0.475684 0.325142 0.480243 0.334046 0.455167 0.328704 0.414894 0.325142 0.360182 0.282407 0.202128 0.254986 0.221125 0.254986 0.347264 0.275997 0.394377
0 0.507479 0.471884 0.509259 0.515198 0.542023 0.522036 0.548077 0.477204 0.543091 0.432371 0.541311 0.349544 0.536681 0.223404 0.515313 0.223404 0.509259 0.397416
0 0.547721 0.437690 0.547009 0.499240 0.554487 0.509878 0.565883 0.513678 0.574786 0.500000 0.576923 0.468085 0.576923 0.421733 0.569801 0.240881 0.556980 0.247720 0.545584 0.359422
0 0.583333 0.512158 0.580128 0.501520 0.576211 0.455167 0.577635 0.418693 0.585114 0.361702 0.592593 0.221125 0.611111 0.219605 0.608618 0.394377 0.607194 0.446049 0.606838 0.477204 0.601496 0.501520 0.591524 0.509878
0 0.601140 0.475684 0.606125 0.490881 0.613248 0.503040 0.627849 0.504559 0.637821 0.504559 0.638533 0.452888 0.636040 0.370061 0.618234 0.202128 0.606838 0.202128 0.604345 0.335866 0.606838 0.409574
0 0.628917 0.449848 0.629630 0.484043 0.633903 0.513678 0.644231 0.516717 0.658120 0.516717 0.665242 0.508359 0.665954 0.455167 0.660256 0.398176 0.646724 0.216565 0.636040 0.219605 0.627137 0.345745 0.632123 0.435410
0 0.681268 0.496201 0.668447 0.477204 0.663462 0.444529 0.663818 0.408055 0.671652 0.373860 0.688746 0.216565 0.732550 0.234043 0.714744 0.378419 0.709758 0.418693 0.705840 0.455167 0.703348 0.475684 0.687322 0.490881
0 0.500000 0.537994 0.526709 0.532675 0.524573 0.734802 0.506410 0.741641
0 0.526709 0.537234 0.551994 0.528875 0.547721 0.627660 0.550926 0.756839 0.533120 0.765198
0 0.555199 0.626900 0.550214 0.584347 0.552707 0.528875 0.562678 0.516717 0.576211 0.532675 0.577991 0.573708 0.576211 0.630699 0.575499 0.789514 0.556980 0.797112
0 0.585826 0.645897 0.581909 0.575228 0.581197 0.532675 0.589387 0.516717 0.601140 0.516717 0.615741 0.537994 0.608618 0.606383 0.598291 0.774316 0.583689 0.784195 0.581909 0.683891
0 0.613248 0.639818 0.611111 0.598024 0.610399 0.553191 0.610399 0.528875 0.627849 0.520517 0.636752 0.518997 0.641026 0.566869 0.639957 0.618541 0.642806 0.784195 0.616809 0.793313 0.612536 0.713526
0 0.672721 0.632219 0.660256 0.601824 0.653846 0.569149 0.650641 0.544833 0.653846 0.520517 0.668447 0.506839 0.681624 0.508359 0.692664 0.554711 0.705128 0.598024 0.740385 0.696049 0.704060 0.721884
0 0.705840 0.575988 0.699074 0.569149 0.686966 0.544833 0.684473 0.513678 0.689459 0.485562 0.711182 0.462006 0.719373 0.452888 0.728989 0.485562 0.735755 0.525076 0.769587 0.626900 0.743946 0.653495
0 0.481481 0.532675 0.503561 0.544073 0.503561 0.753040 0.479701 0.753799
0 0.454060 0.615502 0.451567 0.547872 0.453348 0.532675 0.473291 0.532675 0.477564 0.568389 0.478989 0.607143 0.482194 0.756839 0.468661 0.781155
0 0.431268 0.768997 0.421652 0.672492 0.420940 0.566869 0.425570 0.528875 0.433048 0.520517 0.449074 0.527356 0.455484 0.585866 0.471154 0.822188 0.440171 0.835106
0 0.389957 0.803191 0.389245 0.737842 0.391026 0.670213 0.389957 0.618541 0.390670 0.558511 0.393875 0.532675 0.400641 0.508359 0.417735 0.527356 0.426638 0.546353 0.426638 0.680851 0.433048 0.836626 0.408476 0.846505
0 0.371439 0.759119 0.365741 0.694529 0.366453 0.632979 0.366453 0.582067 0.370014 0.535714 0.385328 0.518997 0.405627 0.520517 0.399929 0.613222 0.398860 0.677812 0.391026 0.803951
0 0.290598 0.721884 0.308405 0.667173 0.319801 0.613222 0.329416 0.594225 0.341524 0.566869 0.344729 0.528875 0.341524 0.515198 0.330128 0.504559 0.316595 0.497720 0.300926 0.490881 0.291311 0.489362 0.284900 0.549392 0.253917 0.651216 0.253917 0.727964
