0 0.465715 0.414894 0.466759 0.442249 0.467804 0.484043 0.465715 0.524316 0.461887 0.551672 0.459102 0.579027 0.471632 0.600304 0.484163 0.600304 0.490080 0.591945 0.491820 0.564590 0.491124 0.522036 0.487296 0.473404 0.486251 0.433891 0.486251 0.410334
0 0.447616 0.395897 0.439610 0.435410 0.436826 0.494681 0.436826 0.518237 0.440654 0.562310 0.447616 0.595745 0.461190 0.579027 0.461887 0.547872 0.459102 0.505319 0.459102 0.469605 0.460146 0.423252 0.460146 0.393617
0 0.427080 0.393617 0.422207 0.420973 0.419422 0.456687 0.415593 0.488602 0.413505 0.519757 0.412809 0.562310 0.412809 0.583587 0.424295 0.594225 0.431953 0.576748 0.436826 0.560030 0.435781 0.530395 0.435781 0.503040 0.435781 0.473404 0.438914 0.442249 0.443787 0.401976 0.436826 0.385258
0 0.400278 0.404255 0.400278 0.423252 0.400278 0.480243 0.399234 0.515957 0.394361 0.551672 0.394361 0.587386 0.402019 0.598024 0.413505 0.583587 0.416638 0.543313 0.416638 0.505319 0.417682 0.416413 0.420466 0.378419
0 0.374869 0.397416 0.373129 0.458967 0.373129 0.518237 0.369300 0.560030 0.368256 0.589666 0.382875 0.595745 0.393317 0.587386 0.397146 0.557751 0.398190 0.522036 0.398190 0.475684 0.398190 0.427052 0.398190 0.385258
0 0.331361 0.401976 0.323703 0.490881 0.321963 0.566869 0.321963 0.602584 0.344936 0.619301 0.360599 0.602584 0.363383 0.551672 0.359554 0.522036 0.359554 0.481763 0.359554 0.429331 0.358510 0.414894 0.354682 0.385258
0 0.291681 0.385258 0.290985 0.412614 0.290985 0.458967 0.290985 0.505319 0.287852 0.534954 0.284024 0.556231 0.313261 0.598024 0.319875 0.591945 0.326488 0.560030 0.322659 0.500760 0.317786 0.452888 0.317786 0.423252 0.319875 0.386778 0.301427 0.376900
0 0.507483 0.378419 0.506439 0.473404 0.502611 0.519757 0.497738 0.556231 0.500522 0.595745 0.521058 0.604863 0.532544 0.570669 0.529760 0.522036 0.526627 0.465046 0.526627 0.395897 0.518970 0.372340
0 0.530804 0.393617 0.528716 0.456687 0.528716 0.500760 0.529760 0.543313 0.533589 0.585866 0.541246 0.598024 0.552036 0.576748 0.553777 0.528875 0.548207 0.475684 0.548207 0.424772 0.544031 0.386778
0 0.547163 0.391337 0.552732 0.420973 0.553777 0.467325 0.553777 0.511398 0.553777 0.551672 0.558649 0.587386 0.568395 0.598024 0.584755 0.579027 0.584755 0.518237 0.577097 0.471884 0.573268 0.418693 0.571180 0.380699 0.559694 0.378419
0 0.581970 0.367781 0.580926 0.412614 0.578837 0.469605 0.574313 0.522036 0.572224 0.566869 0.576053 0.585866 0.588583 0.595745 0.598329 0.594225 0.604943 0.562310 0.601114 0.519757 0.601114 0.462766 0.603202 0.393617
0 0.609816 0.405775 0.609119 0.442249 0.603202 0.490881 0.601114 0.532675 0.600418 0.576748 0.604246 0.606383 0.621650 0.604863 0.629307 0.594225 0.633136 0.572948 0.635225 0.524316 0.631048 0.465046 0.630352 0.437690 0.630352 0.397416
0 0.644622 0.376900 0.639053 0.433891 0.635225 0.469605 0.632092 0.541033 0.632092 0.562310 0.640794 0.570669 0.656457 0.564590 0.664114 0.551672 0.665855 0.518237 0.666899 0.469605 0.666899 0.424772 0.672816 0.366261
0 0.683258 0.372340 0.679429 0.397416 0.672816 0.437690 0.670031 0.475684 0.670031 0.519757 0.671772 0.551672 0.676645 0.568389 0.689175 0.570669 0.699965 0.564590 0.702750 0.551672 0.702750 0.534954 0.702750 0.503040 0.699965 0.465046 0.697877 0.427052 0.699965 0.361702 0.696136 0.348784 0.688131 0.344985
0 0.509224 0.800912 0.508528 0.762918 0.504699 0.714286 0.497738 0.659574 0.495997 0.623860 0.502611 0.621581 0.513401 0.627660 0.516185 0.663374 0.516185 0.693009 0.518970 0.722644 0.518970 0.766717 0.521058 0.804711
0 0.525931 0.815350 0.524887 0.737842 0.521058 0.703647 0.520014 0.674012 0.520014 0.642857 0.523843 0.629939 0.533589 0.625380 0.541246 0.642857 0.544031 0.659574 0.542290 0.689210 0.540202 0.718845 0.539506 0.741641 0.538462 0.779635 0.537417 0.823708
0 0.544031 0.822188 0.545075 0.785714 0.543334 0.714286 0.545075 0.686930 0.547163 0.663374 0.559694 0.623860 0.569440 0.633739 0.575009 0.648936 0.573268 0.676292 0.571180 0.709726 0.568395 0.747720 0.565611 0.781915 0.563522 0.815350 0.562478 0.838906
0 0.591716 0.860182 0.585799 0.836626 0.578141 0.798632 0.574313 0.754559 0.572224 0.703647 0.572224 0.682371 0.575009 0.638298 0.583014 0.625380 0.590672 0.627660 0.599373 0.648936 0.600418 0.678571 0.598329 0.724924 0.597285 0.781915 0.598329 0.804711 0.601114 0.849544
0 0.622346 0.819909 0.611904 0.777356 0.601114 0.722644 0.597285 0.686930 0.597285 0.655015 0.604246 0.636018 0.613644 0.638298 0.623390 0.667933 0.625479 0.697568 0.628263 0.750000 0.631048 0.781915 0.635225 0.819909 0.629307 0.844985
0 0.672816 0.608663 0.665158 0.640578 0.667943 0.661854 0.683258 0.695289 0.694048 0.722644 0.703794 0.752280 0.715280 0.768997 0.725026 0.768997 0.727811 0.739362 0.721197 0.680851 0.710407 0.640578 0.699965 0.614742 0.686391 0.594225
0 0.702750 0.562310 0.728855 0.547872 0.740341 0.547872 0.748347 0.595745 0.752175 0.614742 0.757745 0.648936 0.762617 0.686930 0.747302 0.709726 0.726766 0.703647 0.717369 0.671733 0.708667 0.638298 0.698921 0.604863 0.695092 0.581307
0 0.286112 0.570669 0.271493 0.594225 0.257919 0.610942 0.247477 0.633739 0.238775 0.671733 0.241559 0.705927 0.253046 0.722644 0.294814 0.674012 0.303515 0.657295 0.313261 0.644377 0.316046 0.632219 0.308388 0.610942 0.295858 0.591945
0 0.328576 0.617021 0.320919 0.627660 0.310129 0.655015 0.298643 0.684650 0.292725 0.727204 0.287852 0.758359 0.292725 0.784195 0.317786 0.762918 0.344936 0.695289 0.350853 0.680851 0.357466 0.655015
0 0.486251 0.792553 0.485207 0.762918 0.483119 0.716565 0.482423 0.676292 0.492865 0.629939 0.477550 0.623860 0.466759 0.623860 0.465019 0.651216 0.466759 0.693009 0.466759 0.731003 0.466759 0.762918 0.470588 0.806991
0 0.466759 0.790274 0.468848 0.739362 0.465019 0.671733 0.461190 0.644377 0.455273 0.627660 0.442743 0.623860 0.435781 0.644377 0.435781 0.659574 0.439610 0.699848 0.442743 0.733283 0.445527 0.775836 0.450400 0.811550 0.465019 0.815350
0 0.420466 0.623860 0.413505 0.627660 0.410721 0.661854 0.410721 0.686930 0.413505 0.716565 0.422207 0.758359 0.425339 0.785714 0.430908 0.825988 0.443787 0.828267 0.442743 0.756839 0.439610 0.724924 0.436826 0.670213 0.436826 0.625380
0 0.395405 0.619301 0.385660 0.632219 0.383571 0.659574 0.385660 0.703647 0.388444 0.756839 0.399234 0.803191 0.407936 0.842705 0.417682 0.828267 0.417682 0.765198 0.412809 0.705927 0.412809 0.663374 0.405848 0.638298
0 0.378698 0.629939 0.364427 0.633739 0.359554 0.651216 0.360599 0.699848 0.362339 0.743921 0.366168 0.803191 0.369997 0.853343 0.381831 0.819909 0.385660 0.768997 0.389488 0.718845 0.390533 0.665653 0.389488 0.629939
