0 0.495423 0.373100 0.501056 0.589666 0.500704 0.600304 0.493662 0.602584 0.482394 0.606383 0.474296 0.607143 0.470070 0.595745 0.470775 0.545593 0.470775 0.382979
0 0.472183 0.379179 0.470775 0.509119 0.467606 0.586626 0.464789 0.598024 0.460211 0.602584 0.452113 0.607903 0.450352 0.606383 0.446479 0.594985 0.448944 0.578267 0.443662 0.531155 0.450352 0.382219
0 0.438380 0.367021 0.444014 0.427052 0.446479 0.469605 0.445070 0.514438 0.445070 0.548632 0.446479 0.560030 0.447535 0.569149 0.447535 0.581307 0.445775 0.594225 0.443662 0.604103 0.440141 0.616261 0.436972 0.620821 0.433451 0.621581 0.431690 0.620061 0.426408 0.613982 0.417958 0.601824 0.417958 0.569909 0.417606 0.506839 0.419718 0.398176 0.420423 0.367781
0 0.400704 0.392857 0.415493 0.500760 0.426408 0.555471 0.428521 0.588906 0.426056 0.616261 0.412676 0.608663 0.403873 0.604863 0.395070 0.613982 0.391197 0.610182 0.390845 0.589666 0.393662 0.559271 0.394718 0.470365 0.392958 0.401216 0.397887 0.397416
0 0.373239 0.407295 0.370070 0.516717 0.365493 0.579027 0.365845 0.604103 0.370070 0.616261 0.378873 0.619301 0.387676 0.621581 0.392958 0.617021 0.397535 0.611702 0.400000 0.600304 0.400000 0.585866 0.397535 0.564590 0.394014 0.523556 0.393310 0.436930 0.387324 0.384498 0.373239 0.391337
0 0.318310 0.407295 0.344014 0.509878 0.357746 0.556991 0.363028 0.576748 0.360915 0.596505 0.355986 0.607143 0.340141 0.608663 0.335915 0.616261 0.333803 0.615502 0.325704 0.616261 0.318662 0.607143 0.313380 0.585106 0.312676 0.548632 0.304225 0.469605 0.295070 0.420213
0 0.269718 0.414134 0.276761 0.484043 0.274648 0.531915 0.273944 0.560790 0.279225 0.587386 0.282394 0.599544 0.292606 0.608663 0.298239 0.596505 0.307394 0.598784 0.312676 0.603343 0.317254 0.594225 0.321479 0.578267 0.316549 0.563070 0.310211 0.530395 0.303169 0.481003 0.291549 0.410334
0 0.498944 0.373860 0.500704 0.598784 0.501408 0.603343 0.507746 0.603343 0.522183 0.606383 0.533099 0.604103 0.534155 0.590426 0.533803 0.556991 0.528169 0.507599 0.527817 0.418693 0.524296 0.373100
0 0.529225 0.368541 0.531690 0.451368 0.535211 0.506839 0.534859 0.550152 0.534859 0.578267 0.535915 0.591945 0.540845 0.594985 0.553873 0.594985 0.558451 0.582067 0.559507 0.544833 0.553873 0.443009 0.553169 0.374620
0 0.557394 0.375380 0.563380 0.510638 0.562676 0.539514 0.559859 0.561550 0.561620 0.572188 0.566901 0.590426 0.570423 0.601064 0.576408 0.603343 0.586620 0.589666 0.589789 0.561550 0.585915 0.486322 0.581690 0.372340
0 0.580986 0.379939 0.587676 0.502280 0.581338 0.535714 0.578873 0.552432 0.579225 0.581307 0.581690 0.593465 0.586620 0.607143 0.596831 0.601064 0.603169 0.594985 0.609507 0.597264 0.614437 0.597264 0.615493 0.585866 0.614085 0.545593 0.608803 0.458967 0.603169 0.367021
0 0.603521 0.366261 0.610915 0.492401 0.610915 0.544073 0.608099 0.560790 0.607394 0.572188 0.609155 0.591185 0.612324 0.598024 0.619366 0.602584 0.627817 0.599544 0.639437 0.591185 0.645775 0.584347 0.642958 0.547872 0.623239 0.376900
0 0.690493 0.397416 0.674648 0.506079 0.672887 0.565350 0.686972 0.586626 0.697183 0.579027 0.709507 0.575228 0.719718 0.569909 0.725000 0.543313 0.718662 0.490881 0.711268 0.388298 0.692958 0.383739
0 0.502465 0.590426 0.503873 0.782675 0.529225 0.778116 0.525000 0.610182 0.524296 0.588906
0 0.523944 0.585866 0.525000 0.662614 0.531690 0.793313 0.552817 0.793313 0.546831 0.651216 0.547535 0.621581 0.549648 0.588906 0.542254 0.585106
0 0.554930 0.585866 0.548592 0.607903 0.547535 0.629179 0.547887 0.670213 0.553521 0.744681 0.560915 0.835106 0.585563 0.823708 0.572535 0.656535 0.572535 0.632979 0.573592 0.604863 0.562676 0.586626
0 0.579577 0.601064 0.573239 0.610942 0.572535 0.636018 0.575352 0.666413 0.583451 0.777356 0.591197 0.826748 0.611620 0.816109 0.602113 0.688450 0.599296 0.642857 0.602465 0.626140 0.600000 0.609422 0.594366 0.603343 0.587676 0.607143
0 0.613732 0.602584 0.603169 0.598784 0.600000 0.607903 0.597887 0.628419 0.604930 0.648176 0.607042 0.684650 0.620775 0.836626 0.651056 0.831307 0.628169 0.642857 0.629577 0.627660 0.629577 0.620061 0.628521 0.604863 0.623239 0.601064
0 0.647887 0.582067 0.637676 0.589666 0.625352 0.600304 0.627817 0.620821 0.632746 0.645137 0.640493 0.723404 0.663028 0.822188 0.709859 0.752280 0.678873 0.639818 0.678521 0.614742 0.678521 0.600304 0.677817 0.586626 0.673239 0.575228 0.660211 0.576748
0 0.689437 0.583587 0.680634 0.590426 0.675704 0.598784 0.675352 0.604103 0.677465 0.625380 0.682394 0.641337 0.701408 0.715046 0.735211 0.775076 0.757394 0.730243 0.748944 0.686170 0.738380 0.662614 0.730282 0.645897 0.729930 0.618541 0.729930 0.585106 0.725352 0.568389 0.720070 0.568389 0.710915 0.574468 0.706338 0.576748 0.695070 0.579787
0 0.764789 0.574468 0.747887 0.589666 0.745070 0.596505 0.737324 0.606383 0.734507 0.614742 0.731338 0.629939 0.730634 0.643617 0.733803 0.658055 0.739789 0.665653 0.745070 0.677052 0.756690 0.706687 0.767254 0.731003 0.792254 0.702888 0.801761 0.670213 0.788380 0.624620 0.775704 0.592705
0 0.500704 0.590426 0.504577 0.811550 0.482042 0.805471 0.480634 0.630699 0.477465 0.588906
0 0.477113 0.585106 0.481690 0.636778 0.482042 0.821429 0.459507 0.814590 0.459507 0.658055 0.457394 0.632979 0.454225 0.595745
0 0.451761 0.599544 0.457042 0.622340 0.459859 0.658815 0.460211 0.846505 0.434155 0.840426 0.433099 0.721884 0.435563 0.682371 0.434507 0.656535 0.434507 0.636018 0.438732 0.616261 0.442254 0.604863 0.445423 0.601824 0.448944 0.601064
0 0.427465 0.606383 0.431338 0.620821 0.435563 0.620821 0.437676 0.625380 0.438380 0.632219 0.438732 0.636018 0.437676 0.645897 0.436972 0.651976 0.436268 0.658055 0.435211 0.664894 0.433803 0.670973 0.435211 0.699088 0.434155 0.737082 0.434155 0.839666 0.409859 0.838146 0.406690 0.766717 0.410211 0.691489 0.409155 0.662614 0.408451 0.638298 0.410915 0.623100 0.415141 0.613982 0.421479 0.607903
0 0.404930 0.607903 0.408099 0.617781 0.413380 0.616261 0.419718 0.617021 0.422535 0.623100 0.421831 0.631459 0.419718 0.643617 0.417958 0.655015 0.415845 0.667173 0.413028 0.677812 0.411972 0.682371 0.410563 0.689970 0.408099 0.727964 0.408803 0.768997 0.409507 0.838146 0.379225 0.831307 0.378873 0.740122 0.384507 0.687690 0.383099 0.656535 0.385211 0.626140 0.388732 0.616261 0.399296 0.609422 0.402817 0.607903
0 0.363732 0.606383 0.370070 0.614742 0.379225 0.618541 0.384859 0.619301 0.393310 0.617021 0.395423 0.620821 0.395070 0.632219 0.394718 0.642097 0.392606 0.659574 0.387676 0.671733 0.383099 0.688450 0.380282 0.725684 0.372535 0.772796 0.359155 0.849544 0.301761 0.809271 0.332746 0.686930 0.342254 0.664894 0.340141 0.652736 0.339085 0.639818 0.339789 0.627660 0.342958 0.610182 0.347887 0.606383 0.356690 0.607903
0 0.312324 0.602584 0.306338 0.598024 0.297535 0.597264 0.294366 0.607903 0.292606 0.615502 0.290845 0.621581 0.289437 0.632979 0.290141 0.645137 0.289085 0.655015 0.283803 0.677052 0.277817 0.702888 0.261620 0.742401 0.261268 0.774316 0.279225 0.792553 0.299648 0.774316 0.325704 0.715805 0.338732 0.662614 0.345775 0.647416 0.346479 0.629939 0.339085 0.617021 0.334155 0.614742 0.330282 0.618541 0.327113 0.618541 0.325352 0.615502 0.317958 0.605623
0 0.270423 0.581307 0.257746 0.582827 0.248239 0.579787 0.240141 0.583587 0.234859 0.595745 0.232042 0.614742 0.230986 0.642857 0.227817 0.670213 0.219366 0.724164 0.241901 0.754559 0.260563 0.747720 0.269718 0.727964 0.277465 0.707447 0.284507 0.676292 0.290141 0.652736 0.292958 0.638298 0.294718 0.626140 0.293310 0.614742 0.288732 0.608663 0.284507 0.602584 0.280634 0.593465 0.274648 0.589666
