0 0.447651 0.547872 0.445638 0.607903 0.453691 0.623860 0.464430 0.621581 0.472483 0.595745 0.469128 0.512158 0.470134 0.452888 0.472819 0.389818 0.469799 0.353343 0.464430 0.347264 0.454362 0.376900
0 0.431208 0.547872 0.425503 0.568389 0.430872 0.590426 0.438926 0.595745 0.450000 0.584347 0.455034 0.556231 0.455034 0.509119 0.454362 0.443769 0.455705 0.378419 0.452685 0.334347 0.445638 0.334347 0.441946 0.361702 0.440604 0.462766
0 0.416779 0.507599 0.412416 0.541033 0.414765 0.574468 0.423154 0.584347 0.437919 0.569149 0.438255 0.524316 0.438255 0.444529 0.442282 0.372340 0.440604 0.322948 0.428523 0.337386 0.426846 0.367781
0 0.387248 0.537994 0.383893 0.563830 0.394966 0.593465 0.419463 0.591185 0.427517 0.565350 0.424832 0.509119 0.425839 0.439210 0.425839 0.386778 0.424832 0.349544 0.419128 0.338906 0.408725 0.347264 0.396644 0.344985 0.381544 0.371581 0.381544 0.411854 0.388255 0.455927 0.392282 0.500000
0 0.351678 0.560030 0.360403 0.575988 0.379866 0.588146 0.391946 0.582067 0.397315 0.557751 0.400000 0.493921 0.404027 0.452888 0.404027 0.395137 0.397987 0.355623 0.386913 0.341945 0.373154 0.346505 0.366779 0.368541 0.365101 0.399696 0.365436 0.458967 0.361074 0.507599 0.357047 0.519757 0.353020 0.533435
0 0.323826 0.524316 0.325168 0.544073 0.337584 0.566869 0.360067 0.566109 0.364094 0.542553 0.368121 0.501520 0.372148 0.472644 0.376510 0.447568 0.379866 0.398936 0.379866 0.362462 0.378523 0.341185 0.374497 0.328267 0.369128 0.316869 0.359060 0.319909 0.353691 0.329787 0.353691 0.359422 0.355034 0.383739 0.346644 0.447568 0.332886 0.487842
0 0.548322 0.554711 0.549664 0.585106 0.550671 0.629939 0.561074 0.642097 0.569128 0.620821 0.568121 0.548632 0.567785 0.447568 0.564430 0.399696 0.562416 0.365502 0.552349 0.363222 0.548993 0.396657 0.548993 0.444529
0 0.560403 0.588146 0.565436 0.603343 0.577517 0.623860 0.587248 0.613982 0.588255 0.584347 0.582886 0.538754 0.579866 0.453647 0.578523 0.396657 0.577517 0.369301 0.571812 0.355623 0.565101 0.359422 0.560403 0.371581 0.559060 0.401216
0 0.575839 0.557751 0.574497 0.574468 0.581879 0.607903 0.593289 0.620061 0.599329 0.600304 0.601678 0.568389 0.595973 0.500000 0.593289 0.427052 0.589262 0.371581 0.582550 0.365502 0.575168 0.379939 0.572148 0.408055 0.572483 0.443769
0 0.592617 0.547112 0.590940 0.556991 0.593624 0.595745 0.597651 0.608663 0.605705 0.615502 0.615436 0.607903 0.624161 0.598784 0.634228 0.565350 0.618792 0.511398 0.614094 0.453647 0.614094 0.407295 0.611409 0.375380 0.604027 0.368541 0.596644 0.377660 0.593960 0.408055
0 0.618792 0.533435 0.619463 0.550912 0.627517 0.583587 0.639597 0.579027 0.659732 0.568389 0.663758 0.535714 0.652349 0.481003 0.642282 0.408055 0.637919 0.366261 0.632550 0.352584 0.621812 0.361702 0.617785 0.401216
0 0.644966 0.531915 0.651678 0.556231 0.662416 0.559271 0.685906 0.521277 0.688591 0.496960 0.677181 0.449848 0.667114 0.392857 0.657718 0.340426 0.652685 0.326748 0.643624 0.328267 0.636913 0.344985 0.633893 0.452888 0.639262 0.510638
0 0.505369 0.642097 0.502685 0.703647 0.500671 0.770517 0.499664 0.803951 0.504027 0.817629 0.509396 0.813070 0.518121 0.742401 0.524832 0.654255 0.523490 0.638298 0.512081 0.635258
0 0.522483 0.665653 0.515436 0.739362 0.513423 0.788754 0.514094 0.820669 0.518456 0.832827 0.525168 0.824468 0.528188 0.768997 0.538591 0.688450 0.542617 0.644377 0.536242 0.639818 0.524161 0.636018
0 0.542282 0.639058 0.538926 0.642857 0.537584 0.654255 0.533557 0.706687 0.527517 0.772796 0.523490 0.810030 0.530201 0.830547 0.538255 0.820669 0.549329 0.757599 0.552349 0.684650 0.555034 0.651976 0.552013 0.644377
0 0.555705 0.644377 0.554698 0.653495 0.549664 0.720365 0.545302 0.782675 0.547987 0.833587 0.549329 0.863222 0.558725 0.869301 0.567114 0.861702 0.567785 0.797872 0.572148 0.702128 0.574832 0.669453 0.566443 0.648936
0 0.565772 0.670213 0.568121 0.706687 0.571141 0.791793 0.575168 0.837386 0.584228 0.860182 0.593289 0.854103 0.594631 0.819149 0.591275 0.703647 0.592282 0.651976 0.583893 0.641337 0.573154 0.648936
0 0.580201 0.664134 0.589262 0.718845 0.592282 0.788754 0.600336 0.824468 0.607383 0.842705 0.617450 0.844985 0.622148 0.834347 0.618792 0.791033 0.610067 0.715805 0.607383 0.668693 0.602013 0.642097 0.589933 0.632219 0.581544 0.639818
0 0.604698 0.668693 0.623154 0.708207 0.648322 0.745441 0.666107 0.779635 0.682215 0.769757 0.687584 0.738602 0.677852 0.702128 0.658054 0.659574 0.651007 0.629179 0.643624 0.618541 0.631544 0.608663 0.620134 0.607903 0.606711 0.623860
0 0.635235 0.612462 0.640940 0.642097 0.658389 0.669453 0.682550 0.693769 0.696980 0.705167 0.717114 0.709726 0.726846 0.685410 0.716779 0.648936 0.702013 0.632219 0.694295 0.603343 0.687248 0.581307 0.672483 0.569149 0.661745 0.563830 0.648993 0.578267 0.638255 0.598784
0 0.489933 0.632979 0.485235 0.715805 0.483221 0.765957 0.483221 0.799392 0.483557 0.819149 0.489933 0.822188 0.496644 0.816109 0.501342 0.739362 0.505369 0.678571 0.507383 0.648176 0.499329 0.633739
0 0.465772 0.659574 0.461745 0.756839 0.461745 0.788754 0.461745 0.829787 0.465772 0.848784 0.476510 0.842705 0.481879 0.808511 0.485906 0.711246 0.487919 0.660334 0.488591 0.633739 0.479866 0.626140 0.467450 0.629179 0.465101 0.647416
0 0.439262 0.651976 0.438255 0.702888 0.438926 0.750760 0.436913 0.800152 0.438255 0.822188 0.452685 0.827508 0.460403 0.797112 0.466443 0.714286 0.468456 0.653495 0.462081 0.632979 0.449664 0.632979 0.442282 0.639818
0 0.416107 0.638298 0.412416 0.668693 0.411409 0.721884 0.411409 0.756839 0.406040 0.787234 0.409396 0.803951 0.421477 0.812310 0.430872 0.794073 0.441946 0.703647 0.448993 0.648936 0.446980 0.624620 0.438926 0.618541 0.430201 0.618541
