0 0.461246 0.545593 0.501384 0.531915 0.497232 0.296353 0.475779 0.296353 0.461246 0.470365 0.459862 0.515957
0 0.448443 0.550152 0.465744 0.498480 0.476471 0.302432 0.463668 0.303951 0.438754 0.448328 0.435640 0.501520 0.440138 0.531915
0 0.411419 0.542553 0.431488 0.560030 0.447751 0.533435 0.440830 0.476444 0.428028 0.329027 0.410035 0.344985 0.414187 0.493921 0.412111 0.533435
0 0.393080 0.573708 0.420069 0.582067 0.428720 0.529635 0.401384 0.341945 0.380969 0.362462 0.393772 0.486322 0.389965 0.554711
0 0.372318 0.598784 0.391349 0.611702 0.405190 0.598784 0.403806 0.567629 0.376471 0.371581 0.360208 0.384498 0.370242 0.517477 0.368512 0.569149
0 0.339446 0.623860 0.348789 0.619301 0.358131 0.625380 0.375779 0.606383 0.377855 0.563070 0.365744 0.525076 0.365744 0.483283 0.340138 0.384498 0.313149 0.411094 0.321453 0.504559 0.331488 0.545593 0.327336 0.586626
0 0.289619 0.636778 0.310727 0.642857 0.335294 0.614742 0.328028 0.553191 0.321453 0.455927 0.299308 0.373100 0.264360 0.421733 0.289619 0.537994 0.289619 0.561550 0.281661 0.578267 0.285121 0.628419
0 0.501384 0.534954 0.542215 0.541033 0.539100 0.467325 0.532180 0.306231 0.517647 0.300912 0.504152 0.446809 0.498616 0.498480
0 0.537024 0.520517 0.556401 0.545593 0.561938 0.541033 0.567820 0.492401 0.564014 0.409574 0.549827 0.293313 0.535640 0.302432 0.537024 0.477964
0 0.560554 0.539514 0.570588 0.561550 0.584775 0.558511 0.594810 0.539514 0.593426 0.511398 0.592042 0.406535 0.598270 0.341945 0.585467 0.334347 0.569204 0.408055 0.565052 0.474924 0.559170 0.503040
0 0.589273 0.563070 0.600692 0.558511 0.610381 0.567629 0.622837 0.550152 0.620415 0.508359 0.619031 0.473404 0.629758 0.343465 0.604152 0.341945 0.587543 0.458207 0.581315 0.495441 0.578547 0.531155 0.586159 0.558511
0 0.623529 0.545593 0.642561 0.474924 0.658478 0.389058 0.697578 0.402736 0.680277 0.500000 0.674740 0.515957 0.676125 0.556231 0.670588 0.591185 0.659170 0.606383 0.623529 0.575228
0 0.669896 0.592705 0.676817 0.607903 0.708997 0.616261 0.721799 0.575228 0.719031 0.522036 0.742561 0.415653 0.732526 0.390578 0.704844 0.381459 0.691003 0.439210 0.681315 0.512918 0.670588 0.553191
0 0.503460 0.570669 0.529066 0.567629 0.508651 0.791793 0.494810 0.796353
0 0.526990 0.556991 0.553633 0.570669 0.536332 0.793313 0.520069 0.788754
0 0.549827 0.572188 0.565744 0.575228 0.579931 0.633739 0.571972 0.815350 0.549135 0.818389 0.544983 0.607903
0 0.569204 0.603343 0.588235 0.576748 0.604844 0.595745 0.607612 0.647416 0.604152 0.664894 0.599654 0.846505 0.584775 0.844985 0.573356 0.653495
0 0.599654 0.604863 0.608997 0.585106 0.622837 0.583587 0.634256 0.598784 0.635640 0.629939 0.633218 0.658055 0.627682 0.740122 0.633910 0.832067 0.616955 0.844985 0.604844 0.694529 0.602768 0.651976 0.596886 0.622340
0 0.630450 0.610182 0.645675 0.601824 0.683391 0.616261 0.687543 0.642857 0.680623 0.689970 0.688927 0.837386 0.659170 0.854103 0.639100 0.772796 0.633910 0.681611 0.626298 0.651976 0.625606 0.626900
0 0.677509 0.631459 0.691696 0.616261 0.707612 0.620821 0.721799 0.616261 0.729758 0.633739 0.733910 0.675532 0.735294 0.743161 0.746021 0.844985 0.708304 0.868541 0.700346 0.808511 0.682699 0.694529 0.674048 0.666413
0 0.729758 0.738602 0.731142 0.703647 0.731834 0.685410 0.741869 0.658815 0.756055 0.674012 0.815917 0.756839 0.808304 0.800912 0.758824 0.780395 0.732526 0.765198
0 0.476125 0.567629 0.505882 0.560030 0.497578 0.802432 0.488235 0.797872
0 0.454671 0.575228 0.478893 0.567629 0.484429 0.647416 0.488235 0.822948 0.479585 0.827508 0.453287 0.620821
0 0.437370 0.589666 0.448789 0.581307 0.459516 0.586626 0.463322 0.647416 0.475433 0.832067 0.458131 0.837386 0.436678 0.700608 0.435294 0.631459
0 0.407612 0.623860 0.416955 0.589666 0.441869 0.616261 0.442561 0.653495 0.441869 0.849544 0.419031 0.840426 0.412457 0.688450 0.406228 0.638298
0 0.396886 0.641337 0.414533 0.617781 0.421799 0.610182 0.430450 0.633739 0.442561 0.636778 0.441869 0.683131 0.426644 0.713526 0.396194 0.870061 0.384775 0.868541
0 0.353979 0.632979 0.381315 0.623860 0.405536 0.645897 0.411073 0.675532 0.396886 0.724164 0.376125 0.870061 0.339100 0.863982 0.350519 0.715046 0.348443 0.661854
0 0.307612 0.642857 0.331834 0.636778 0.357439 0.647416 0.356747 0.706687 0.351211 0.727204 0.330450 0.870061 0.302076 0.862462 0.300692 0.712006 0.299654 0.689970
