0 0.470508 0.453647 0.468121 0.496201 0.468803 0.520517 0.476645 0.534195 0.503580 0.530395 0.505626 0.501520 0.504603 0.436170 0.504944 0.370061 0.504944 0.320669 0.504603 0.271277 0.496761 0.221125 0.492329 0.191489 0.484146 0.182371 0.478350 0.237842 0.470508 0.442249
0 0.440846 0.449088 0.439141 0.487842 0.448005 0.514438 0.462666 0.511398 0.471190 0.482523 0.468462 0.378419 0.462325 0.302432 0.458575 0.260638 0.446983 0.215805 0.440846 0.238602 0.440846 0.317629
0 0.407433 0.462006 0.404705 0.491641 0.412547 0.526596 0.425162 0.534954 0.438459 0.510638 0.440846 0.487842 0.438459 0.405775 0.437777 0.287234 0.435390 0.239362 0.431299 0.218845 0.425162 0.215046 0.417320 0.227964 0.414252 0.252280 0.417320 0.307751 0.412547 0.392857
0 0.382884 0.475684 0.377770 0.509878 0.389021 0.528116 0.409137 0.519757 0.419366 0.500000 0.414593 0.429331 0.412547 0.322948 0.409819 0.255319 0.406751 0.235562 0.399591 0.232523 0.391408 0.256079 0.391408 0.300152 0.385612 0.430091
0 0.504603 0.464286 0.503921 0.515198 0.504944 0.531915 0.537675 0.530395 0.541084 0.522036 0.540743 0.465805 0.537334 0.368541 0.536993 0.288754 0.533242 0.237082 0.530174 0.202128 0.518241 0.202128 0.511763 0.223404 0.512445 0.315350
0 0.540061 0.465046 0.539720 0.512918 0.547562 0.534195 0.558473 0.534195 0.568360 0.504559 0.563246 0.415653 0.563246 0.312310 0.563928 0.262918 0.561882 0.246960 0.554381 0.244681 0.546539 0.273556 0.543471 0.339666 0.540061 0.392097
0 0.564610 0.463526 0.564951 0.503799 0.571088 0.528116 0.578929 0.542553 0.591885 0.535714 0.598363 0.524316 0.595636 0.461246 0.590181 0.363222 0.591544 0.329027 0.594954 0.268997 0.596659 0.248480 0.595295 0.226444 0.589840 0.221884 0.577225 0.245441 0.571429 0.362462 0.564610 0.426292
0 0.583362 0.476444 0.581657 0.519757 0.594613 0.544073 0.602114 0.537234 0.618479 0.549392 0.624616 0.534954 0.623935 0.449848 0.619502 0.344225 0.618138 0.308511 0.615411 0.262158 0.609615 0.247720 0.599045 0.253799 0.590863 0.362462
0 0.612342 0.484802 0.612342 0.510638 0.614388 0.530395 0.624275 0.537994 0.631776 0.541793 0.646096 0.542553 0.652915 0.529635 0.651892 0.467325 0.646096 0.385258 0.640982 0.319149 0.634845 0.278875 0.629049 0.268997 0.619161 0.278875 0.616093 0.395897 0.617457 0.449088
0 0.506308 0.563830 0.505285 0.591185 0.505285 0.663374 0.508012 0.778875 0.517559 0.807751 0.527446 0.791793 0.527446 0.663374 0.527105 0.598784 0.527446 0.569909 0.520286 0.562310
0 0.533924 0.560790 0.526764 0.569909 0.526083 0.606383 0.526423 0.686170 0.528810 0.768997 0.532901 0.811550 0.541084 0.811550 0.549949 0.800152 0.547221 0.679331 0.549949 0.597264 0.549267 0.568389 0.545857 0.563830
0 0.556427 0.563830 0.546539 0.579787 0.546880 0.605623 0.549267 0.668693 0.552335 0.779635 0.553699 0.814590 0.564610 0.811550 0.574156 0.732523 0.572792 0.630699 0.576543 0.587386 0.573474 0.566869
0 0.586430 0.567629 0.578248 0.587386 0.573133 0.588906 0.570065 0.609422 0.575520 0.634498 0.576884 0.725684 0.579611 0.780395 0.583021 0.795593 0.595977 0.793313 0.602455 0.664134 0.605523 0.594985 0.601432 0.566869
0 0.623253 0.565350 0.616093 0.568389 0.616093 0.592705 0.628367 0.650456 0.638936 0.742401 0.654620 0.792553 0.665530 0.806991 0.679168 0.802432 0.680191 0.730243 0.666212 0.634498 0.667576 0.593465 0.654620 0.563070 0.651892 0.555471 0.646437 0.550912 0.636550 0.562310
0 0.657347 0.532675 0.652233 0.550152 0.662121 0.597264 0.674054 0.665653 0.694170 0.743161 0.702353 0.769757 0.714968 0.769757 0.725537 0.753040 0.713263 0.670973 0.701671 0.606383 0.702353 0.544833 0.698943 0.521277 0.686328 0.512158 0.670985 0.524316
0 0.489260 0.563070 0.484828 0.563070 0.482441 0.595745 0.482782 0.691489 0.483464 0.768997 0.488919 0.803951 0.497102 0.801672 0.502557 0.648176 0.503580 0.594225 0.503921 0.564590 0.495397 0.564590 0.493011 0.564590
0 0.468803 0.557751 0.461302 0.564590 0.458234 0.611702 0.457211 0.700608 0.455165 0.784195 0.463007 0.810030 0.475281 0.800912 0.480055 0.651976 0.484487 0.593465 0.481759 0.558511 0.475281 0.558511
0 0.437436 0.549392 0.429594 0.570669 0.431640 0.619301 0.428571 0.684650 0.430617 0.744681 0.429935 0.786474 0.430617 0.810030 0.437777 0.819149 0.449369 0.780395 0.452779 0.693009 0.457893 0.613222 0.460621 0.566109 0.457552 0.557751 0.448687 0.548632 0.444596 0.547112
0 0.413911 0.556231 0.404364 0.571429 0.405728 0.607903 0.406069 0.679331 0.404023 0.753799 0.409137 0.794833 0.415274 0.801672 0.426185 0.759878 0.428230 0.639058 0.434708 0.597264 0.435731 0.574468 0.430958 0.564590 0.423116 0.550152
0 0.390385 0.552432 0.380157 0.554711 0.374361 0.582067 0.376747 0.633739 0.369587 0.737082 0.370610 0.781155 0.379816 0.797872 0.393454 0.757599 0.399250 0.655775 0.407774 0.604863 0.412888 0.574468 0.411524 0.553191 0.394136 0.548632
0 0.351517 0.527356 0.332083 0.539514 0.335152 0.590426 0.322878 0.727204 0.329356 0.778116 0.337879 0.793313 0.365837 0.717325 0.374020 0.624620 0.386294 0.560790 0.385612 0.535714 0.368565 0.527356
0 0.303444 0.489362 0.293897 0.509119 0.288783 0.589666 0.277872 0.671733 0.280259 0.725684 0.292192 0.740881 0.325946 0.661854 0.336175 0.575988 0.346403 0.529635 0.341289 0.503040
