0 0.457687 0.321429 0.457687 0.370061 0.457687 0.389058 0.457687 0.431611 0.457687 0.456687 0.457687 0.480243 0.457687 0.492401 0.475317 0.499240 0.487306 0.499240 0.487306 0.473404 0.486248 0.433891 0.482370 0.382979 0.479196 0.325988 0.478491 0.302432
0 0.431241 0.300912 0.427362 0.323708 0.426305 0.357903 0.429478 0.397416 0.432299 0.424772 0.433357 0.458967 0.433357 0.486322 0.442172 0.511398 0.454866 0.490881 0.455924 0.475684 0.454866 0.439970 0.449929 0.395897 0.449929 0.363982 0.450987 0.329787 0.450987 0.294073
0 0.394922 0.291793 0.394217 0.310790 0.400917 0.372340 0.403032 0.385258 0.403032 0.420973 0.403738 0.443769 0.405853 0.481763 0.409732 0.505319 0.420663 0.511398 0.429478 0.484043 0.430183 0.446049 0.426305 0.376900 0.425599 0.338906 0.426305 0.281915 0.410790 0.277356
0 0.485190 0.290274 0.482370 0.363982 0.482370 0.423252 0.486248 0.465046 0.489069 0.477964 0.500705 0.494681 0.512694 0.492401 0.513752 0.462766 0.509520 0.433891 0.507757 0.391337 0.507757 0.336626 0.507757 0.283435
0 0.518336 0.281915 0.516573 0.338906 0.515515 0.382979 0.515515 0.433891 0.516573 0.490881 0.540197 0.480243 0.535261 0.412614 0.535261 0.382979 0.535261 0.348784 0.535261 0.298632
0 0.546897 0.277356 0.549013 0.319909 0.543018 0.348784 0.540197 0.397416 0.540197 0.424772 0.543018 0.452888 0.549013 0.481763 0.565585 0.465046 0.565585 0.433891 0.565585 0.385258 0.567348 0.336626 0.569464 0.291793 0.565585 0.258359
0 0.568406 0.266717 0.567348 0.302432 0.566643 0.342705 0.566643 0.382979 0.565585 0.420973 0.565585 0.458967 0.573343 0.481763 0.586037 0.481763 0.594852 0.471884 0.597673 0.433891 0.595910 0.393617 0.593794 0.353343 0.593089 0.302432 0.593794 0.279635
0 0.506700 0.709726 0.502821 0.661854 0.496827 0.614742 0.491890 0.579027 0.489069 0.549392 0.486248 0.524316 0.495063 0.515957 0.505642 0.511398 0.508815 0.526596 0.510578 0.566869 0.510578 0.589666 0.511636 0.613222 0.514457 0.657295 0.516573 0.690729 0.517630 0.705927
0 0.534203 0.709726 0.534203 0.665653 0.534203 0.613222 0.534203 0.568389 0.532087 0.532675 0.530324 0.513678 0.515515 0.503040 0.501763 0.534954 0.501763 0.560030 0.505642 0.606383 0.510578 0.638298 0.514457 0.676292 0.521509 0.722644
0 0.573343 0.718845 0.567348 0.699848 0.566643 0.663374 0.566643 0.619301 0.565585 0.587386 0.562412 0.562310 0.561707 0.537234 0.557828 0.518237 0.549013 0.511398 0.537024 0.518237 0.535966 0.541033 0.540903 0.576748 0.544076 0.621581 0.544076 0.657295 0.547955 0.697568 0.551834 0.724924 0.560649 0.728723
0 0.590973 0.709726 0.587094 0.676292 0.588858 0.595745 0.588858 0.579027 0.588152 0.549392 0.577221 0.518237 0.561707 0.522036 0.559591 0.537234 0.563470 0.575228 0.566643 0.600304 0.568406 0.636018 0.568406 0.670213 0.570522 0.705927 0.573343 0.720365
0 0.617419 0.709726 0.616361 0.682371 0.616361 0.636018 0.615303 0.608663 0.614598 0.585866 0.612482 0.553951 0.605783 0.528875 0.589915 0.519757 0.582158 0.526596 0.583216 0.566869 0.590973 0.606383 0.593089 0.648936 0.594852 0.690729 0.603667 0.724924
0 0.732017 0.693009 0.729901 0.665653 0.724260 0.625380 0.718265 0.602584 0.715444 0.566869 0.711566 0.524316 0.702750 0.505319 0.685120 0.505319 0.673131 0.509878 0.663611 0.530395 0.660437 0.557751 0.669252 0.608663 0.674189 0.646657 0.677010 0.705927 0.687941 0.722644 0.708392 0.716565
0 0.485190 0.731003 0.482370 0.676292 0.479196 0.625380 0.478491 0.589666 0.479196 0.556231 0.479196 0.541033 0.468618 0.528875 0.458745 0.538754 0.466502 0.587386 0.470381 0.621581 0.470381 0.657295 0.472496 0.695289
0 0.464739 0.722644 0.464739 0.699848 0.462623 0.670213 0.461566 0.623860 0.461566 0.595745 0.461566 0.568389 0.461566 0.545593 0.457687 0.530395 0.443935 0.519757 0.438293 0.528875 0.442172 0.562310 0.446051 0.589666 0.446051 0.625380 0.446051 0.663374 0.446051 0.712006 0.449929 0.735562
0 0.438293 0.722644 0.438293 0.682371 0.440056 0.640578 0.442172 0.595745 0.442172 0.562310 0.438999 0.534954 0.420663 0.513678 0.416784 0.526596 0.412553 0.551672 0.412553 0.575228 0.414669 0.602584 0.419605 0.632219 0.421368 0.674012 0.421368 0.697568 0.421368 0.735562
0 0.404795 0.760638 0.408674 0.728723 0.411848 0.680851 0.412553 0.644377 0.412553 0.600304 0.412553 0.572948 0.410790 0.557751 0.400917 0.549392 0.389281 0.545593 0.387165 0.579027 0.392102 0.619301 0.394217 0.655015 0.394217 0.690729 0.392102 0.718845 0.390339 0.758359
0 0.377292 0.746201 0.382228 0.697568 0.386107 0.663374 0.392102 0.629939 0.395980 0.602584 0.398096 0.568389 0.398096 0.551672 0.389281 0.534954 0.362835 0.515957 0.363893 0.570669 0.362835 0.606383 0.362835 0.651216 0.361777 0.676292 0.359661 0.708207 0.357898 0.724924
0 0.306770 0.724924 0.312764 0.695289 0.316643 0.671733 0.321580 0.640578 0.324401 0.623860 0.331453 0.604863 0.337447 0.581307 0.343089 0.537234 0.323695 0.526596 0.317701 0.526596 0.307828 0.518237 0.301128 0.519757 0.295134 0.557751 0.290197 0.587386 0.283498 0.617021 0.270804 0.651216 0.270804 0.665653 0.291255 0.703647
