0 0.496459 0.351064 0.501855 0.581307 0.473187 0.580547 0.469815 0.556231 0.472175 0.512158 0.471838 0.357903
0 0.468465 0.353343 0.472175 0.515198 0.469140 0.550152 0.462395 0.566109 0.455649 0.553951 0.449578 0.540274 0.449578 0.518237 0.453288 0.496201 0.453626 0.354103
0 0.445194 0.343465 0.454975 0.498480 0.454975 0.512158 0.454975 0.522036 0.453288 0.538754 0.450927 0.555471 0.446880 0.570669 0.442159 0.575228 0.435750 0.569909 0.430017 0.553951 0.426981 0.537994 0.427656 0.522036 0.432040 0.498480 0.433390 0.466565 0.430691 0.344985
0 0.423272 0.340426 0.432715 0.487842 0.435076 0.498480 0.436762 0.506839 0.436762 0.520517 0.436762 0.531915 0.436425 0.542553 0.434739 0.552432 0.431703 0.562310 0.426307 0.570669 0.419224 0.573708 0.413491 0.568389 0.409106 0.562310 0.406408 0.550152 0.406071 0.536474 0.408432 0.521277 0.410793 0.503799 0.411467 0.474924 0.411467 0.335866
0 0.400337 0.334347 0.411130 0.493921 0.413153 0.503799 0.414165 0.512918 0.414840 0.522036 0.415514 0.531915 0.415514 0.541793 0.415177 0.551672 0.412479 0.561550 0.408769 0.567629 0.401012 0.569909 0.394941 0.569909 0.389882 0.566869 0.385497 0.553951 0.383474 0.541793 0.383811 0.522036 0.384486 0.504559 0.386847 0.334347
0 0.373356 0.330547 0.384823 0.508359 0.387858 0.518237 0.387858 0.528116 0.388196 0.539514 0.388196 0.552432 0.386172 0.560030 0.382462 0.565350 0.375379 0.573708 0.363912 0.569909 0.356830 0.566109 0.349410 0.557751 0.345025 0.541033 0.345025 0.522036 0.345700 0.490122 0.352782 0.332827
0 0.345700 0.322188 0.345700 0.496960 0.345700 0.513678 0.345700 0.527356 0.345700 0.537234 0.342664 0.544833 0.338954 0.552432 0.328499 0.556991 0.321417 0.551672 0.316358 0.544833 0.312310 0.536474 0.308938 0.524316 0.307251 0.506079 0.309275 0.493161 0.311636 0.471884 0.326138 0.319909
0 0.318381 0.310790 0.308938 0.474924 0.311298 0.484802 0.311636 0.494681 0.310287 0.504559 0.307589 0.516717 0.305902 0.525836 0.302192 0.531915 0.299157 0.534195 0.295110 0.534954 0.291062 0.533435 0.287015 0.527356 0.279933 0.522036 0.274874 0.515198 0.269815 0.509878 0.267454 0.490881 0.267116 0.471125 0.270152 0.445289 0.295784 0.303951
0 0.502192 0.350304 0.502192 0.579787 0.532884 0.582067 0.534907 0.553191 0.531197 0.530395 0.532546 0.351824
0 0.532884 0.357143 0.531197 0.527356 0.533221 0.541033 0.535582 0.550152 0.535582 0.564590 0.543676 0.576748 0.549410 0.572948 0.552782 0.568389 0.555481 0.560790 0.557167 0.548632 0.557167 0.537994 0.556492 0.527356 0.554806 0.516717 0.554132 0.498480 0.552782 0.355623
0 0.552782 0.367021 0.554806 0.506079 0.553794 0.518237 0.553457 0.527356 0.554132 0.537994 0.557504 0.550912 0.561214 0.572188 0.568634 0.589666 0.581113 0.577508 0.582799 0.558511 0.581450 0.541033 0.579427 0.522796 0.575042 0.490122 0.576728 0.356383 0.553120 0.354863
0 0.603035 0.372340 0.601012 0.513678 0.600337 0.522796 0.597639 0.535714 0.596627 0.547112 0.598988 0.557751 0.602361 0.568389 0.608094 0.576748 0.620573 0.583587 0.629005 0.555471 0.626644 0.529635 0.623272 0.503040 0.615514 0.356383 0.611467 0.338906 0.600337 0.338906
0 0.625295 0.383739 0.623609 0.472644 0.620573 0.484043 0.621585 0.496201 0.622934 0.504559 0.623609 0.514438 0.625295 0.522796 0.627656 0.531155 0.632715 0.534954 0.637437 0.534954 0.643845 0.535714 0.646206 0.535714 0.648567 0.532675 0.648904 0.525076 0.651602 0.507599 0.651939 0.489362 0.648904 0.444529 0.646543 0.376900
0 0.664418 0.360182 0.653963 0.404255 0.649578 0.435410 0.649241 0.468085 0.652277 0.504559 0.650253 0.524316 0.648904 0.556231 0.654975 0.574468 0.664081 0.577508 0.675548 0.575988 0.683980 0.560790 0.689713 0.544833 0.692074 0.526596 0.692074 0.492401 0.690051 0.346505 0.667454 0.341945
0 0.693086 0.342705 0.687352 0.395137 0.687015 0.424012 0.689039 0.452128 0.688702 0.474924 0.688702 0.496960 0.691400 0.516717 0.694098 0.537234 0.699494 0.550912 0.706577 0.552432 0.711298 0.552432 0.715683 0.543313 0.718718 0.541793 0.726813 0.531915 0.730860 0.522796 0.732884 0.512918 0.729174 0.472644 0.719393 0.412614 0.712310 0.330547 0.693761 0.330547
0 0.504216 0.608663 0.503541 0.813070 0.522766 0.813070 0.525126 0.607903
0 0.525126 0.607903 0.522766 0.816869 0.541315 0.817629 0.549410 0.655015 0.550422 0.610182
0 0.550084 0.607903 0.547386 0.860942 0.577066 0.859422 0.575042 0.659574 0.576391 0.647416 0.576391 0.632979 0.573019 0.618541 0.569646 0.608663
0 0.577066 0.617781 0.569309 0.626900 0.566610 0.634498 0.568634 0.646657 0.572344 0.659574 0.576391 0.667933 0.585160 0.856383 0.606745 0.848024 0.595278 0.657295 0.596290 0.645137 0.596965 0.629939 0.596290 0.620821 0.593592 0.612462 0.589207 0.609422 0.581788 0.609422
0 0.602698 0.608663 0.597302 0.616261 0.593929 0.626900 0.591568 0.635258 0.594266 0.658055 0.615177 0.848784 0.638786 0.828267 0.622597 0.664134 0.621248 0.639818 0.621585 0.623860 0.618550 0.607903 0.612816 0.599544
0 0.636425 0.592705 0.630017 0.600304 0.622934 0.606383 0.617201 0.610182 0.612479 0.616261 0.611467 0.626900 0.612816 0.641337 0.617201 0.661094 0.624958 0.673252 0.655987 0.826748 0.691737 0.777356 0.662732 0.642857 0.654637 0.592705 0.647218 0.584347
0 0.673524 0.577508 0.656324 0.588906 0.658685 0.622340 0.694772 0.791033 0.733558 0.740122 0.704890 0.617021 0.703541 0.600304 0.702867 0.586626 0.700169 0.577508 0.696121 0.571429 0.690051 0.567629 0.685666 0.569149 0.680270 0.572948
0 0.721079 0.541033 0.708263 0.551672 0.700169 0.559271 0.697470 0.572948 0.696459 0.585106 0.698820 0.606383 0.706577 0.621581 0.743339 0.741641 0.779764 0.688450 0.739629 0.523556 0.727150 0.531915
0 0.503541 0.607903 0.503541 0.831307 0.488027 0.829027 0.481956 0.608663
0 0.482293 0.604103 0.492411 0.854103 0.470489 0.852584 0.462395 0.642097 0.461383 0.606383
0 0.456998 0.598024 0.463406 0.621581 0.471838 0.859422 0.447555 0.857903 0.440809 0.645137 0.437774 0.618541 0.441147 0.602584 0.449241 0.594225
0 0.433052 0.594225 0.436088 0.602584 0.439798 0.614742 0.440135 0.631459 0.443508 0.839666 0.412816 0.825228 0.415514 0.639058 0.412816 0.620061 0.414840 0.606383 0.419899 0.593465
0 0.407083 0.591185 0.413828 0.601824 0.414165 0.612462 0.414165 0.627660 0.412479 0.829787 0.379764 0.816869 0.385835 0.591945 0.397976 0.584347
0 0.343676 0.568389 0.327150 0.560030 0.320067 0.566869 0.316020 0.579027 0.312648 0.594225 0.307589 0.614742 0.281619 0.746201 0.325464 0.790274 0.370320 0.610182 0.365261 0.585866
0 0.265430 0.518997 0.256998 0.556231 0.246880 0.612462 0.230354 0.686170 0.261383 0.726444 0.282293 0.693769 0.302192 0.636018 0.317707 0.591185 0.322091 0.566869 0.308263 0.537994 0.294098 0.532675 0.277572 0.518237
