0 0.466029 0.547112 0.478320 0.550152 0.486173 0.547872 0.489928 0.547872 0.490611 0.497720 0.480369 0.284195 0.462274 0.292553 0.467054 0.367781 0.467395 0.389818 0.467395 0.416413 0.467054 0.484043 0.465688 0.509119 0.464664 0.534954
0 0.445545 0.543313 0.451007 0.544833 0.458177 0.544833 0.462274 0.547112 0.465688 0.535714 0.467395 0.464286 0.470126 0.281155 0.452031 0.277356 0.451007 0.386018 0.446910 0.415653 0.446569 0.468845 0.443155 0.504559 0.443155 0.530395
0 0.406965 0.520517 0.413793 0.525076 0.421304 0.528116 0.424718 0.527356 0.426425 0.518237 0.428132 0.510638 0.430522 0.490122 0.429157 0.456687 0.422670 0.250760 0.408672 0.263678 0.406623 0.393617 0.406965 0.410334 0.406965 0.430851 0.404234 0.452128 0.404575 0.478723 0.405599 0.503040
0 0.360874 0.518237 0.363264 0.525076 0.368727 0.525076 0.373848 0.528116 0.378969 0.531915 0.385114 0.531915 0.391601 0.514438 0.390577 0.456687 0.382383 0.256079 0.363264 0.271277 0.364288 0.406535 0.362240 0.436930 0.362240 0.463526 0.357801 0.471125 0.357801 0.492401
0 0.283032 0.522796 0.296005 0.519757 0.305565 0.522036 0.312052 0.522796 0.319904 0.525076 0.321270 0.515198 0.317856 0.463526 0.308638 0.319149 0.291567 0.326748 0.289519 0.433131 0.289519 0.446809 0.288494 0.461246 0.285763 0.474164 0.283715 0.481763 0.281666 0.495441 0.280642 0.509878
0 0.491977 0.545593 0.503243 0.545593 0.515193 0.545593 0.518266 0.534954 0.517241 0.491641 0.522704 0.284195 0.503585 0.284954 0.498122 0.410334 0.494025 0.471884 0.491294 0.499240
0 0.517924 0.541033 0.524752 0.552432 0.528849 0.550912 0.533971 0.547872 0.535678 0.541033 0.539775 0.474924 0.536702 0.398936 0.540799 0.307751 0.529532 0.314590 0.521680 0.401216 0.519290 0.423252 0.519290 0.456687 0.517241 0.487082
0 0.533971 0.525836 0.538409 0.537994 0.540116 0.545593 0.549334 0.557751 0.553773 0.557751 0.556845 0.557751 0.559577 0.532675 0.559577 0.497720 0.559577 0.433891 0.561284 0.281155 0.547627 0.274316 0.540799 0.400456 0.539092 0.424012 0.538409 0.462006 0.537726 0.482523 0.535678 0.512918
0 0.555821 0.501520 0.552407 0.527356 0.552748 0.547872 0.552748 0.563830 0.564015 0.562310 0.573233 0.573708 0.581769 0.560030 0.580061 0.495441 0.586548 0.297872 0.569136 0.294833 0.562991 0.400456 0.559577 0.444529 0.559235 0.471884 0.557187 0.487842
0 0.571868 0.558511 0.571868 0.545593 0.573916 0.524316 0.579379 0.500000 0.592352 0.302432 0.609082 0.303951 0.602253 0.420973 0.601229 0.471125 0.602595 0.525076 0.603619 0.550912 0.603619 0.570669 0.598839 0.578267 0.595425 0.578267 0.592352 0.578267 0.586890 0.573708 0.581769 0.568389 0.576306 0.565350
0 0.623762 0.554711 0.626152 0.522796 0.637760 0.487082 0.665415 0.357903 0.682144 0.376140 0.667122 0.428571 0.661659 0.503040 0.665415 0.534954 0.663708 0.556231 0.657221 0.567629 0.651417 0.565350 0.644930 0.560790 0.632298 0.560790
0 0.675657 0.565350 0.668829 0.565350 0.664732 0.565350 0.660294 0.552432 0.663708 0.525076 0.664049 0.478723 0.665415 0.406535 0.671902 0.401216 0.677364 0.455927 0.678389 0.469605 0.680096 0.492401 0.683168 0.525836 0.682485 0.553191 0.681120 0.560030
0 0.487197 0.572948 0.503585 0.578267 0.507682 0.594225 0.502561 0.630699 0.495391 0.792553 0.484466 0.785714 0.482759 0.691489
0 0.504268 0.575228 0.510413 0.575228 0.519631 0.575228 0.523728 0.572948 0.527142 0.607903 0.510072 0.800152 0.500171 0.794073 0.502219 0.687690 0.502219 0.669453 0.504268 0.630699 0.504268 0.608663 0.503585 0.588146
0 0.523045 0.636018 0.528508 0.594225 0.540116 0.594225 0.547627 0.623860 0.548993 0.645897 0.540799 0.702128 0.526118 0.824468 0.515876 0.819149 0.517241 0.729483 0.521680 0.702128 0.523045 0.677812 0.524752 0.651216
0 0.637419 0.651216 0.639809 0.630699 0.642540 0.609422 0.644589 0.603343 0.659269 0.601064 0.663025 0.601064 0.676681 0.613982 0.680096 0.649696 0.693411 0.775076 0.666098 0.787994 0.643223 0.689210
0 0.467054 0.575228 0.486173 0.573708 0.484124 0.605623 0.482076 0.618541 0.480710 0.656535 0.476272 0.765198 0.463981 0.760638 0.464664 0.677812 0.468078 0.617021
0 0.446910 0.560030 0.468078 0.568389 0.461250 0.608663 0.462615 0.773556 0.443155 0.778116 0.444179 0.647416 0.443496 0.601064
0 0.425743 0.553191 0.442130 0.558511 0.445545 0.598784 0.446569 0.664894 0.440765 0.823708 0.421646 0.811550 0.423694 0.727204 0.423011 0.687690 0.423011 0.656535 0.420280 0.606383
0 0.398771 0.601064 0.397405 0.563830 0.406965 0.550912 0.413793 0.547112 0.422328 0.553191 0.429840 0.575988 0.423694 0.613222 0.417890 0.719605 0.392967 0.851064 0.385114 0.821429 0.385114 0.778875 0.396381 0.719605
0 0.374872 0.626900 0.377945 0.601824 0.382724 0.575988 0.387163 0.571429 0.391943 0.575228 0.395015 0.575228 0.398429 0.586626 0.396722 0.656535 0.388529 0.747720 0.373506 0.832067 0.359850 0.825988 0.361898 0.795593 0.371116 0.740122
0 0.315466 0.601824 0.326733 0.571429 0.348925 0.578267 0.352339 0.585866 0.353363 0.618541 0.350632 0.651976 0.294981 0.757599 0.284739 0.738602 0.282690 0.712006
0 0.246159 0.664134 0.262206 0.626140 0.274496 0.600304 0.280300 0.565350 0.284056 0.539514 0.298737 0.542553 0.310003 0.550152 0.317173 0.553191 0.322636 0.556231 0.322294 0.578267 0.306931 0.620821 0.293274 0.645897 0.260840 0.699848
