0 0.496899 0.303951 0.498622 0.531915 0.461061 0.529635 0.463473 0.481763 0.471399 0.275076 0.500000 0.271277
0 0.468642 0.268237 0.464507 0.485562 0.461751 0.524316 0.440731 0.517477 0.440041 0.501520 0.440041 0.482523 0.440041 0.462766 0.444176 0.264438
0 0.432116 0.249240 0.440386 0.468085 0.439697 0.511398 0.430737 0.529635 0.423501 0.531915 0.419711 0.520517 0.415920 0.507599 0.413508 0.496960 0.412474 0.481003 0.409373 0.242401 0.433150 0.234802
0 0.399035 0.259119 0.411440 0.416413 0.417298 0.455927 0.422467 0.476444 0.424190 0.499240 0.421089 0.515957 0.414197 0.522796 0.408684 0.528116 0.398346 0.533435 0.395245 0.529635 0.390765 0.514438 0.389042 0.497720 0.389042 0.461246 0.383873 0.261398
0 0.360441 0.297872 0.372846 0.492401 0.372157 0.534195 0.362509 0.540274 0.350103 0.541793 0.332874 0.543313 0.329083 0.528116 0.328394 0.516717 0.331840 0.485562 0.334941 0.294073 0.361130 0.284195
0 0.321502 0.302432 0.333908 0.421733 0.330806 0.510638 0.329083 0.540274 0.318746 0.537234 0.310131 0.531915 0.298070 0.525076 0.294624 0.522796 0.290489 0.501520 0.290834 0.445289 0.287388 0.322188
0 0.518952 0.256839 0.499655 0.462766 0.501723 0.534954 0.533770 0.531915 0.535148 0.500000 0.544452 0.277356
0 0.541351 0.265198 0.533770 0.528875 0.544797 0.534954 0.556168 0.529635 0.557547 0.492401 0.564783 0.287234
0 0.580979 0.246201 0.559614 0.468085 0.555824 0.512158 0.564438 0.548632 0.577877 0.551672 0.584080 0.525076 0.586492 0.503799 0.589593 0.462766 0.609580 0.278875
0 0.611647 0.265198 0.591316 0.452128 0.584425 0.474164 0.577877 0.481763 0.576499 0.493921 0.577877 0.506839 0.578222 0.522036 0.580289 0.531155 0.585803 0.537994 0.591316 0.545593 0.596141 0.547872 0.603032 0.553191 0.607857 0.542553 0.611303 0.530395 0.611992 0.508359 0.615438 0.481003 0.617505 0.424772 0.619917 0.386018 0.626809 0.349544 0.632667 0.284954
0 0.631978 0.290274 0.616816 0.430851 0.609580 0.483283 0.603377 0.513678 0.602688 0.537234 0.609235 0.552432 0.620951 0.556991 0.625775 0.556991 0.630944 0.543313 0.635768 0.519757 0.637147 0.482523 0.654721 0.295593
0 0.667126 0.319909 0.638525 0.452128 0.633356 0.525076 0.628877 0.556991 0.659201 0.564590 0.675052 0.566109 0.674018 0.529635 0.678842 0.500760 0.684700 0.452128 0.696416 0.338906
0 0.696761 0.339666 0.681254 0.475684 0.674707 0.510638 0.675741 0.549392 0.679531 0.561550 0.690558 0.569909 0.702274 0.564590 0.714680 0.553191 0.721916 0.533435 0.728119 0.338146 0.698828 0.331307
0 0.504135 0.545593 0.506203 0.775076 0.526878 0.769757 0.528946 0.607903 0.527567 0.577508 0.528256 0.544073
0 0.529290 0.540274 0.526878 0.578267 0.528256 0.788754 0.547898 0.786474 0.548587 0.595745 0.549276 0.547872
0 0.549966 0.547872 0.547898 0.797112 0.571675 0.794833 0.573398 0.617781 0.573053 0.589666 0.573398 0.553951
0 0.583046 0.558511 0.574087 0.583587 0.571330 0.799392 0.597174 0.796353 0.599586 0.608663 0.602343 0.569909
0 0.610613 0.566869 0.599242 0.588146 0.597174 0.604863 0.599586 0.621581 0.607857 0.826748 0.639904 0.803951 0.628187 0.633739 0.633012 0.596505 0.621296 0.573708
0 0.677119 0.582067 0.657822 0.600304 0.661613 0.638298 0.694693 0.797872 0.739835 0.744681 0.718125 0.627660 0.705720 0.572188 0.691247 0.574468
0 0.741213 0.526596 0.714335 0.557751 0.705720 0.572188 0.713990 0.607143 0.742936 0.753799 0.793246 0.676292 0.760855 0.553951
0 0.504135 0.544073 0.508615 0.791793 0.488629 0.790274 0.483460 0.610182 0.483115 0.543313
0 0.483115 0.539514 0.490007 0.802432 0.465886 0.804711 0.458649 0.601064 0.461406 0.575228 0.457615 0.544073
0 0.444176 0.539514 0.435217 0.549392 0.434528 0.559271 0.434528 0.572948 0.435562 0.588146 0.436251 0.604103 0.435217 0.832827 0.463818 0.833587 0.457960 0.597264 0.462095 0.572188 0.457271 0.540274
0 0.427981 0.546353 0.437629 0.571429 0.438663 0.584347 0.437629 0.591945 0.434183 0.601824 0.433150 0.613982 0.437285 0.797112 0.413163 0.791033 0.411785 0.617021 0.409717 0.601824 0.409373 0.577508 0.410407 0.564590 0.413508 0.553191 0.422467 0.546353
0 0.409028 0.559271 0.414197 0.573708 0.413853 0.582827 0.413163 0.591185 0.412130 0.598024 0.409717 0.611702 0.396623 0.827508 0.374914 0.817629 0.382150 0.627660 0.386285 0.604103 0.386285 0.582067 0.384907 0.565350 0.389731 0.555471 0.395934 0.553951
0 0.375603 0.557751 0.383873 0.562310 0.385596 0.575228 0.385941 0.594985 0.386630 0.607143 0.384907 0.622340 0.381806 0.632219 0.376637 0.787234 0.324259 0.756079 0.341833 0.620061 0.348036 0.620821 0.352516 0.596505 0.352516 0.578267 0.350793 0.563070 0.353549 0.559271 0.360441 0.561550
0 0.339076 0.559271 0.331151 0.547112 0.325637 0.542553 0.316678 0.541793 0.314611 0.544833 0.311509 0.553191 0.309097 0.560030 0.305307 0.568389 0.302550 0.596505 0.298759 0.633739 0.274294 0.727204 0.324604 0.761398 0.342178 0.620061 0.347347 0.618541 0.352516 0.610942 0.353894 0.595745 0.353894 0.581307 0.349414 0.566869
0 0.276706 0.506839 0.258442 0.508359 0.250172 0.541793 0.227085 0.687690 0.274294 0.727964 0.298070 0.632219 0.302205 0.595745 0.304618 0.567629 0.310131 0.557751 0.311165 0.550152 0.307374 0.536474 0.303239 0.531915 0.298070 0.522796 0.293935 0.515957 0.286010 0.509878
