0 0.492058 0.584347 0.491367 0.514438 0.489296 0.474924 0.488260 0.424012 0.488260 0.389818 0.484461 0.356383 0.472030 0.339666 0.461326 0.360942 0.459599 0.402736 0.459599 0.449088 0.463398 0.500000 0.463398 0.537994 0.466160 0.588906 0.475829 0.598784
0 0.463398 0.533435 0.463398 0.579787 0.448895 0.601064 0.440262 0.571429 0.439572 0.541793 0.439572 0.508359 0.436464 0.468085 0.436464 0.430091 0.436464 0.388298 0.438536 0.351824 0.447169 0.331307 0.454765 0.360942 0.461326 0.402736 0.461326 0.445289 0.463398 0.484802
0 0.436464 0.465805 0.440262 0.506079 0.442334 0.548632 0.442334 0.582067 0.437500 0.598784 0.426796 0.609422 0.413674 0.597264 0.407804 0.567629 0.410566 0.529635 0.411602 0.478723 0.411602 0.445289 0.412638 0.408815 0.412638 0.379939 0.413674 0.337386 0.422997 0.329027 0.436464 0.354103 0.436464 0.398936
0 0.412638 0.443009 0.412638 0.481003 0.419199 0.533435 0.421271 0.563070 0.413674 0.594985 0.400898 0.605623 0.381906 0.588906 0.380870 0.556991 0.390539 0.500000 0.397099 0.459726 0.397099 0.417933 0.397099 0.379939 0.397099 0.348024 0.405732 0.324468 0.413674 0.343465 0.415401 0.386018
0 0.390539 0.462006 0.391575 0.508359 0.395373 0.535714 0.392265 0.578267 0.386740 0.597264 0.372238 0.597264 0.361878 0.584347 0.358771 0.560790 0.363605 0.503799 0.365677 0.470365 0.366367 0.434650 0.368439 0.407295 0.368439 0.369301 0.379834 0.348024 0.389503 0.351824 0.396409 0.381459 0.396409 0.421733
0 0.356008 0.434650 0.361878 0.481003 0.367403 0.514438 0.373273 0.541793 0.368439 0.582067 0.367403 0.601064 0.352210 0.605623 0.342541 0.597264 0.331146 0.597264 0.323204 0.578267 0.328039 0.535714 0.331146 0.491641 0.331837 0.453647 0.331837 0.421733 0.331146 0.383739 0.331146 0.356383 0.344613 0.350304 0.353246 0.358663 0.354972 0.400456
0 0.320442 0.411094 0.325276 0.465805 0.331837 0.514438 0.331837 0.554711 0.322514 0.582067 0.304213 0.582067 0.288674 0.571429 0.284185 0.548632 0.285912 0.503799 0.289710 0.462006 0.293508 0.432371 0.298343 0.417933 0.306975 0.381459 0.313881 0.377660
0 0.310083 0.383739 0.301450 0.417933 0.294544 0.445289 0.283149 0.457447 0.269682 0.440729 0.258978 0.411094 0.256215 0.386018 0.262086 0.360942 0.275552 0.341945 0.283149 0.324468 0.296616 0.305471 0.306975 0.286474 0.319406 0.278116 0.333909 0.272036 0.337707 0.291033 0.330110 0.313830 0.321478 0.335106
0 0.492058 0.508359 0.493094 0.546353 0.495166 0.586626 0.505525 0.592705 0.525898 0.588906 0.524862 0.548632 0.518992 0.506079 0.518992 0.478723 0.518992 0.438450 0.518992 0.405015 0.522790 0.369301 0.522790 0.343465 0.511395 0.320669 0.496892 0.322948 0.488260 0.360942 0.489296 0.402736 0.489296 0.426292 0.489296 0.465805
0 0.518992 0.508359 0.521754 0.552432 0.528660 0.582067 0.543163 0.586626 0.548688 0.559271 0.549724 0.521277 0.544890 0.481003 0.542127 0.451368 0.543854 0.398936 0.543854 0.369301 0.544890 0.339666 0.522790 0.331307 0.517956 0.364742 0.517956 0.408815 0.517956 0.451368
0 0.543163 0.476444 0.543854 0.531915 0.549724 0.588906 0.566989 0.598784 0.575622 0.567629 0.576657 0.525076 0.574586 0.483283 0.574586 0.440729 0.574586 0.408815 0.574586 0.377660 0.575622 0.348024 0.569061 0.322948 0.556285 0.322948 0.544890 0.354103 0.543163 0.415653
0 0.570787 0.474924 0.568025 0.525076 0.575622 0.586626 0.581492 0.592705 0.589088 0.582067 0.593923 0.559271 0.598757 0.512918 0.599448 0.474924 0.592887 0.443009 0.592887 0.411094 0.594959 0.386018 0.593923 0.337386 0.577693 0.329027 0.573550 0.354103 0.571823 0.436930
0 0.593923 0.483283 0.587017 0.529635 0.593923 0.571429 0.609116 0.588906 0.619820 0.588906 0.627417 0.552432 0.628453 0.516717 0.626381 0.478723 0.622583 0.443009 0.622583 0.411094 0.626381 0.375380 0.625345 0.345745 0.612224 0.332827 0.605318 0.332827 0.596685 0.358663 0.594959 0.408815 0.592887 0.445289
0 0.621547 0.502280 0.618785 0.533435 0.624655 0.575988 0.633978 0.584347 0.645718 0.582067 0.657113 0.582067 0.668508 0.565350 0.666782 0.516717 0.666782 0.481003 0.666782 0.424012 0.670580 0.392097 0.671616 0.354103 0.661948 0.339666 0.652279 0.329027 0.632251 0.343465 0.626381 0.379939 0.621547 0.430091
0 0.664710 0.483283 0.659876 0.525076 0.671616 0.573708 0.689917 0.575988 0.707873 0.560790 0.707873 0.516717 0.703039 0.474924 0.699240 0.432371 0.700276 0.402736 0.703039 0.373100 0.704075 0.343465 0.698550 0.324468 0.691644 0.318389 0.674378 0.332827 0.671616 0.381459 0.666782 0.430091
0 0.492058 0.616261 0.491367 0.645897 0.494130 0.696049 0.495856 0.769757 0.498964 0.820669 0.503798 0.837386 0.514157 0.835866 0.515193 0.791033 0.514157 0.738602 0.515193 0.685410 0.515193 0.630699 0.511395 0.601064
0 0.514157 0.609422 0.512431 0.664894 0.513122 0.719605 0.513122 0.761398 0.512431 0.807751 0.517265 0.844225 0.524862 0.860942 0.535221 0.829027 0.534530 0.784954 0.532459 0.719605 0.535221 0.681611 0.537293 0.645897 0.539019 0.616261 0.529696 0.601064
0 0.539019 0.613982 0.533494 0.658055 0.532459 0.708967 0.536257 0.772036 0.542127 0.810030 0.548688 0.852584 0.556285 0.871581 0.569751 0.852584 0.568025 0.810030 0.565953 0.757599 0.561119 0.708967 0.560428 0.674772 0.558356 0.632979 0.558356 0.611702 0.549724 0.598784
0 0.560428 0.622340 0.560428 0.666413 0.559392 0.719605 0.569751 0.780395 0.570787 0.816869 0.570787 0.852584 0.576657 0.867021 0.595649 0.854863 0.594959 0.801672 0.592887 0.750760 0.592887 0.702888 0.590124 0.651976 0.590124 0.611702 0.583218 0.601064 0.570787 0.598784
0 0.590124 0.611702 0.590815 0.662614 0.593923 0.717325 0.601519 0.780395 0.609116 0.820669 0.616713 0.845745 0.629489 0.844225 0.638812 0.816869 0.635014 0.769757 0.631215 0.723404 0.625345 0.687690 0.620856 0.639058 0.614986 0.607903 0.600483 0.598784
0 0.617749 0.613982 0.616022 0.670973 0.631215 0.719605 0.642610 0.761398 0.652279 0.795593 0.659185 0.818389 0.670580 0.826748 0.686809 0.810030 0.698550 0.791033 0.693715 0.750760 0.681285 0.721884 0.671616 0.673252 0.668508 0.645897 0.664710 0.607903 0.658149 0.597264 0.643646 0.592705 0.626381 0.594985
0 0.662983 0.603343 0.661948 0.647416 0.678177 0.683891 0.696478 0.717325 0.707182 0.750760 0.716506 0.774316 0.728246 0.795593 0.741713 0.799392 0.752072 0.769757 0.747238 0.734043 0.733771 0.702888 0.724448 0.666413 0.714779 0.622340 0.704075 0.579787 0.694406 0.569909 0.681285 0.578267
0 0.706146 0.578267 0.712707 0.628419 0.727210 0.683891 0.736878 0.715046 0.746202 0.736322 0.754834 0.750760 0.770373 0.750760 0.781768 0.717325 0.774171 0.674772 0.762776 0.639058 0.755870 0.601064 0.752072 0.560790 0.739641 0.550912 0.726174 0.560790 0.716506 0.556991
0 0.492058 0.616261 0.495856 0.664894 0.494130 0.700608 0.497928 0.755319 0.497928 0.791033 0.500691 0.835866 0.491367 0.852584 0.480663 0.835866 0.480663 0.788754 0.475829 0.725684 0.474793 0.683891 0.472030 0.630699 0.478591 0.605623
0 0.474793 0.628419 0.474793 0.683891 0.479627 0.734043 0.480663 0.776596 0.480663 0.818389 0.480663 0.845745 0.467196 0.848024 0.459599 0.812310 0.459599 0.742401 0.454765 0.685410 0.448204 0.643617 0.453729 0.611702 0.466160 0.611702
0 0.446133 0.641337 0.454765 0.685410 0.459599 0.717325 0.459599 0.757599 0.459599 0.801672 0.459599 0.831307 0.452003 0.858663 0.435428 0.873860 0.422997 0.844225 0.424033 0.795593 0.424033 0.740881 0.419199 0.696049 0.418163 0.645897 0.422307 0.616261 0.435428 0.616261 0.447169 0.620061
0 0.425069 0.636778 0.429903 0.664894 0.425069 0.693769 0.425069 0.740881 0.422307 0.782675 0.420235 0.831307 0.416436 0.869301 0.400898 0.886018 0.389503 0.873860 0.393301 0.833587 0.393301 0.788754 0.393301 0.742401 0.393301 0.696049 0.393301 0.662614 0.395373 0.630699 0.407804 0.611702 0.417472 0.617781
0 0.404006 0.630699 0.404006 0.674772 0.393301 0.706687 0.388467 0.750760 0.385704 0.788754 0.379144 0.825228 0.370511 0.854863 0.353936 0.858663 0.353246 0.820669 0.362569 0.769757 0.361878 0.723404 0.358771 0.683891 0.358771 0.651976 0.364641 0.609422 0.377072 0.598784 0.386740 0.616261
0 0.335981 0.666413 0.324240 0.698328 0.302141 0.721884 0.286948 0.742401 0.269682 0.768237 0.258287 0.782675 0.247583 0.765957 0.252417 0.725684 0.265884 0.689970 0.278315 0.655775 0.285912 0.620061 0.291782 0.590426 0.311809 0.578267 0.314572 0.590426 0.326312 0.601064 0.333909 0.624620 0.342541 0.635258
0 0.281077 0.664894 0.270718 0.681611 0.251381 0.698328 0.236878 0.704407 0.221685 0.712766 0.201657 0.717325 0.191989 0.712766 0.191989 0.679331 0.205456 0.651976 0.218923 0.636778 0.230318 0.605623 0.244820 0.579787 0.260014 0.579787 0.270718 0.586626 0.272445 0.611702 0.281077 0.636778
