0 0.497096 0.600304 0.499146 0.630699 0.498121 0.667933 0.498121 0.699848 0.498121 0.727964 0.495388 0.780395 0.491288 0.813070 0.479672 0.810790 0.481722 0.739362 0.482405 0.671733 0.476597 0.610942 0.477622 0.595745
0 0.477622 0.598024 0.477622 0.671733 0.480697 0.730243 0.480697 0.769757 0.480697 0.803951 0.464981 0.803951 0.461223 0.743161 0.459173 0.682371 0.459173 0.635258 0.456098 0.587386 0.464981 0.585106
0 0.455073 0.593465 0.459173 0.639058 0.459173 0.674012 0.460198 0.712766 0.461906 0.780395 0.460198 0.819149 0.448241 0.828267 0.436625 0.787234 0.434575 0.734802 0.432866 0.674012 0.432866 0.623860 0.432866 0.602584 0.441408 0.576748 0.454390 0.572188
0 0.436625 0.602584 0.438674 0.648176 0.437649 0.702128 0.440724 0.754559 0.436625 0.800152 0.423984 0.832827 0.415101 0.791033 0.413393 0.732523 0.408268 0.658815 0.406560 0.622340 0.410318 0.598024 0.419201 0.578267
0 0.420225 0.600304 0.418176 0.648176 0.407243 0.699848 0.401435 0.743161 0.397677 0.775836 0.377178 0.773556 0.374103 0.721884 0.378203 0.678571 0.378203 0.630699 0.380936 0.595745 0.388794 0.582827 0.399727 0.585106 0.410318 0.585106
0 0.398702 0.598024 0.392894 0.620061 0.382986 0.661094 0.379228 0.712766 0.365562 0.758359 0.358729 0.787234 0.346771 0.802432 0.328323 0.802432 0.325248 0.773556 0.323539 0.727964 0.330372 0.671733 0.332081 0.645897 0.333106 0.632979 0.337205 0.591945 0.338914 0.574468 0.351896 0.563070 0.358729 0.576748 0.372395 0.578267 0.386061 0.576748 0.401435 0.576748
0 0.347796 0.593465 0.335155 0.630699 0.323539 0.684650 0.312607 0.717325 0.300991 0.739362 0.283567 0.747720 0.274684 0.715046 0.270584 0.680851 0.272634 0.641337 0.283567 0.613222 0.290400 0.589666 0.296208 0.567629 0.303041 0.545593 0.315682 0.532675 0.323539 0.547872 0.335155 0.550152 0.344038 0.561550
0 0.312607 0.561550 0.290400 0.598024 0.273659 0.613222 0.259993 0.635258 0.243252 0.656535 0.234711 0.665653 0.231636 0.632979 0.230612 0.610942 0.240519 0.572188 0.251110 0.544073 0.261018 0.517477 0.270584 0.483283 0.286300 0.481003 0.290400 0.502280 0.300991 0.506839 0.314657 0.534954
0 0.501196 0.598024 0.500171 0.648176 0.500171 0.689210 0.501196 0.745441 0.503929 0.793313 0.515887 0.797872 0.519645 0.775836 0.519645 0.719605 0.519645 0.671733 0.518620 0.626140 0.516570 0.593465
0 0.519645 0.600304 0.518620 0.686930 0.521695 0.773556 0.519645 0.806231 0.532286 0.821429 0.542193 0.795593 0.543218 0.732523 0.543902 0.667933 0.543902 0.610942 0.543902 0.582827
0 0.542193 0.589666 0.542193 0.671733 0.541168 0.741641 0.549026 0.791033 0.554834 0.825988 0.563717 0.825988 0.572258 0.800152 0.571233 0.721884 0.565425 0.656535 0.569525 0.600304 0.564400 0.582827 0.558592 0.572188
0 0.563717 0.587386 0.561667 0.628419 0.566450 0.686930 0.569525 0.750000 0.576358 0.797872 0.590024 0.788754 0.592757 0.715046 0.592757 0.628419 0.592757 0.587386 0.581141 0.578267
0 0.590024 0.585106 0.585924 0.628419 0.592757 0.697568 0.593782 0.760638 0.608473 0.780395 0.625214 0.737082 0.623164 0.661094 0.622139 0.600304 0.615306 0.567629
0 0.648446 0.576748 0.644687 0.608663 0.665186 0.658815 0.675777 0.699848 0.694568 0.737082 0.711992 0.767477 0.728732 0.765198 0.735565 0.715046 0.731466 0.661094 0.705159 0.589666 0.693543 0.544073 0.684660 0.537234 0.665186 0.552432
0 0.687393 0.534954 0.692518 0.587386 0.716775 0.628419 0.731466 0.671733 0.748206 0.686930 0.764605 0.691489 0.774513 0.645897 0.756748 0.589666 0.743082 0.539514 0.729416 0.487082 0.716775 0.484802 0.715750 0.504559 0.698326 0.509119
0 0.500171 0.539514 0.500171 0.569909 0.521695 0.589666 0.528528 0.565350 0.530236 0.515198 0.531261 0.476444 0.532286 0.430851 0.532286 0.393617 0.528528 0.378419 0.510762 0.378419 0.507004 0.439210 0.501196 0.491641
0 0.537069 0.424012 0.532286 0.491641 0.528528 0.532675 0.533311 0.572188 0.543902 0.598024 0.559617 0.552432 0.555859 0.469605 0.559617 0.420213 0.559617 0.367781 0.556884 0.357143 0.543218 0.357143
0 0.558592 0.450608 0.554834 0.515198 0.553809 0.541793 0.574308 0.572188 0.581141 0.522036 0.581141 0.481003 0.580116 0.437690 0.583191 0.411094 0.583191 0.361702 0.573283 0.344225 0.559617 0.354863
0 0.575333 0.478723 0.571233 0.519757 0.569525 0.556991 0.584899 0.556991 0.597882 0.567629 0.604715 0.537234 0.606423 0.489362 0.605398 0.450608 0.606423 0.407295 0.604715 0.374620 0.591049 0.367781 0.584216 0.398176
0 0.598565 0.489362 0.592757 0.522036 0.602665 0.561550 0.621114 0.561550 0.631022 0.537234 0.632046 0.519757 0.627947 0.476444 0.627947 0.439210 0.627947 0.411094 0.627947 0.385258 0.623164 0.372340 0.611548 0.372340 0.601640 0.428571
0 0.620089 0.489362 0.620089 0.528875 0.626922 0.565350 0.640588 0.561550 0.660061 0.559271 0.664161 0.532675 0.660061 0.487082 0.656303 0.454407 0.661086 0.398176 0.661086 0.372340 0.646396 0.350304 0.625897 0.376900 0.626922 0.422492
0 0.659378 0.374620 0.655278 0.446049 0.650495 0.493921 0.658353 0.537234 0.672019 0.544073 0.681585 0.534954 0.693543 0.532675 0.701401 0.502280 0.691493 0.435410 0.689443 0.411094 0.683635 0.382979 0.683635 0.357143 0.682610 0.331307 0.664161 0.326748
0 0.690468 0.372340 0.689443 0.424012 0.685685 0.461246 0.689443 0.496201 0.695251 0.519757 0.706184 0.500000 0.715067 0.498480 0.722583 0.461246 0.717800 0.420213 0.713017 0.402736 0.709942 0.385258 0.707209 0.352584 0.704134 0.322188 0.690468 0.317629 0.682610 0.322188
0 0.493338 0.500000 0.496071 0.532675 0.498121 0.565350 0.498121 0.580547 0.484455 0.580547 0.471814 0.580547 0.468056 0.556991 0.468056 0.500000 0.468739 0.456687 0.471814 0.393617 0.481722 0.365502 0.494363 0.365502 0.495388 0.407295
0 0.468056 0.493921 0.468056 0.547872 0.459173 0.572188 0.445507 0.526596 0.445507 0.454407 0.446532 0.393617 0.452340 0.348024 0.463956 0.367781 0.470789 0.415653 0.469764 0.456687
0 0.441408 0.496201 0.448241 0.532675 0.447557 0.563070 0.433891 0.578267 0.422959 0.585106 0.418176 0.559271 0.418176 0.524316 0.421934 0.483283 0.427742 0.443769 0.428767 0.389818 0.431841 0.346505 0.444482 0.352584 0.446532 0.402736 0.447557 0.433131
0 0.430817 0.487082 0.438674 0.526596 0.438674 0.547872 0.425009 0.550152 0.415101 0.576748 0.401435 0.569909 0.398702 0.534954 0.398702 0.493921 0.399727 0.452888 0.398702 0.417933 0.398702 0.387538 0.397677 0.365502 0.417151 0.352584 0.422959 0.402736 0.427742 0.450608
0 0.410318 0.498480 0.414076 0.537234 0.415101 0.554711 0.401435 0.556991 0.389819 0.567629 0.377178 0.561550 0.374103 0.517477 0.378203 0.481003 0.380253 0.448328 0.382986 0.411094 0.387086 0.374620 0.397677 0.374620 0.404510 0.422492 0.407243 0.452888
0 0.381961 0.428571 0.382986 0.476444 0.392894 0.513678 0.387086 0.550152 0.370345 0.556991 0.359754 0.550152 0.348821 0.569909 0.340963 0.569909 0.338230 0.544073 0.336180 0.506839 0.339939 0.481003 0.347796 0.463526 0.348821 0.430851 0.348821 0.392097 0.353604 0.357143 0.370345 0.352584 0.380936 0.382979
0 0.349846 0.443769 0.352921 0.493921 0.346088 0.534954 0.336180 0.544073 0.320465 0.524316 0.312607 0.541793 0.302016 0.528875 0.302016 0.498480 0.306799 0.458967 0.308849 0.433131 0.306799 0.385258 0.306799 0.352584 0.312607 0.331307 0.327298 0.329027 0.338914 0.331307 0.344038 0.352584 0.346771 0.378419 0.350871 0.417933
