0 0.500529 0.303951 0.497353 0.531155 0.489587 0.537994 0.469114 0.529635 0.464172 0.512158 0.464172 0.484043 0.466643 0.467325 0.470526 0.438450 0.475821 0.301672
0 0.470879 0.312310 0.469114 0.468085 0.470879 0.484043 0.470526 0.496960 0.467349 0.512158 0.460995 0.518997 0.452524 0.518237 0.446876 0.512158 0.441228 0.484043 0.446876 0.434650 0.451818 0.391337 0.458878 0.303191 0.471585 0.300152
0 0.438052 0.273556 0.451465 0.394377 0.447935 0.433131 0.449347 0.458967 0.449347 0.481003 0.446170 0.493921 0.440169 0.513678 0.428168 0.522036 0.423579 0.512918 0.418637 0.488602 0.417226 0.466565 0.418285 0.452128 0.419696 0.424772 0.420049 0.399696 0.420402 0.344225 0.421461 0.278116
0 0.396400 0.273556 0.398164 0.430091 0.398870 0.443009 0.399223 0.458207 0.397106 0.475684 0.391458 0.493161 0.381927 0.500760 0.374162 0.493161 0.367102 0.474164 0.366396 0.449088 0.369220 0.428571 0.371691 0.408055 0.372750 0.382979 0.373456 0.335106 0.375927 0.275836
0 0.376633 0.265957 0.372397 0.421733 0.374515 0.436930 0.374515 0.451368 0.372750 0.465805 0.370632 0.475684 0.364631 0.484043 0.355807 0.488602 0.343452 0.489362 0.334981 0.485562 0.328274 0.474924 0.326862 0.455927 0.332157 0.424772 0.334981 0.406535 0.337098 0.383739 0.336040 0.353343 0.337804 0.328267 0.339216 0.302432 0.342393 0.288754 0.347688 0.273556
0 0.322626 0.250000 0.308860 0.340426 0.301800 0.379179 0.292623 0.403495 0.282739 0.429331 0.294741 0.455927 0.310978 0.471125 0.325450 0.464286 0.328627 0.453647 0.333216 0.426292 0.336393 0.394377 0.338157 0.348024 0.337451 0.322188 0.339922 0.306231 0.346629 0.260638
0 0.297211 0.243921 0.264737 0.339666 0.262619 0.357143 0.261913 0.368541 0.265090 0.382979 0.273915 0.408055 0.280974 0.417173 0.291564 0.408815 0.294741 0.398936 0.301094 0.382979 0.304624 0.368541 0.308507 0.344225 0.318390 0.287994 0.323332 0.251520
0 0.501235 0.304711 0.497706 0.529635 0.503353 0.534954 0.511472 0.533435 0.523120 0.533435 0.531239 0.518997 0.531945 0.496960 0.531239 0.475684 0.529474 0.456687 0.527356 0.303951
0 0.526650 0.302432 0.529474 0.455167 0.530180 0.480243 0.527356 0.488602 0.526650 0.498480 0.526650 0.512918 0.528768 0.518997 0.538652 0.523556 0.547123 0.522036 0.553830 0.505319 0.554889 0.487082 0.554536 0.471125 0.552418 0.458207 0.551359 0.441489 0.547829 0.306231
0 0.559478 0.293313 0.552065 0.433891 0.549947 0.453647 0.549947 0.468845 0.549947 0.484802 0.551006 0.498480 0.553124 0.512158 0.556654 0.527356 0.568302 0.537234 0.576421 0.511398 0.579245 0.497720 0.579951 0.474164 0.581010 0.456687 0.582421 0.416413 0.580304 0.290274
0 0.588069 0.299392 0.581715 0.426292 0.578186 0.444529 0.573950 0.458967 0.572538 0.477964 0.573950 0.495441 0.577480 0.520517 0.586657 0.525836 0.598659 0.524316 0.605012 0.514438 0.606777 0.500760 0.606777 0.484043 0.604659 0.460486 0.603600 0.434650 0.603953 0.297112
0 0.608542 0.300152 0.604659 0.439970 0.602894 0.452888 0.601836 0.460486 0.600777 0.468845 0.600777 0.483283 0.603247 0.498480 0.609248 0.519757 0.617367 0.518997 0.627250 0.506839 0.631486 0.496201 0.631133 0.478723 0.629015 0.468085 0.626544 0.452128 0.619838 0.298632
0 0.626191 0.294073 0.629368 0.429331 0.627603 0.442249 0.624779 0.461246 0.626897 0.482523 0.629015 0.497720 0.631133 0.512158 0.642429 0.514438 0.655842 0.512918 0.666784 0.502280 0.667490 0.471884 0.663255 0.449088 0.659372 0.415653 0.654783 0.297112
0 0.653724 0.295593 0.663607 0.448328 0.666784 0.474164 0.671020 0.490881 0.678786 0.493161 0.687963 0.487082 0.699965 0.471125 0.701377 0.446809 0.698906 0.426292 0.691493 0.392097 0.689022 0.375380 0.678080 0.286474
0 0.680198 0.297872 0.691140 0.400456 0.691846 0.417933 0.692905 0.429331 0.696435 0.445289 0.702083 0.458207 0.708436 0.461246 0.722556 0.452128 0.733851 0.430851 0.736322 0.417933 0.733851 0.391337 0.727497 0.373100 0.702083 0.272796 0.679139 0.290274
0 0.500176 0.547872 0.499824 0.591945 0.499118 0.623860 0.502294 0.723404 0.523473 0.723404 0.519591 0.610942 0.518885 0.560790
0 0.519238 0.558511 0.522061 0.738602 0.540770 0.737842 0.538652 0.614742 0.540770 0.598784 0.541475 0.583587 0.540064 0.573708 0.537240 0.565350
0 0.541122 0.565350 0.536181 0.579027 0.537240 0.598784 0.538652 0.604863 0.541475 0.622340 0.560537 0.775076 0.579245 0.759878 0.572538 0.694529 0.567949 0.664134 0.565478 0.629179 0.562301 0.608663 0.560537 0.582827 0.558772 0.563070 0.554536 0.553951 0.548888 0.553951
0 0.565125 0.559271 0.559478 0.569149 0.558419 0.585106 0.561948 0.612462 0.566537 0.638298 0.567949 0.663374 0.579245 0.765198 0.600071 0.751520 0.588775 0.608663 0.587363 0.583587 0.587010 0.572188 0.585598 0.563070 0.583480 0.556991 0.577480 0.553191 0.569361 0.551672
0 0.590187 0.550912 0.584186 0.558511 0.579598 0.562310 0.578892 0.573708 0.581363 0.590426 0.584186 0.597264 0.586657 0.600304 0.588069 0.608663 0.590540 0.625380 0.593011 0.651976 0.599012 0.756079 0.615249 0.750760 0.612072 0.608663 0.613837 0.578267 0.613131 0.558511 0.609601 0.551672 0.600071 0.542553 0.593717 0.539514
0 0.659372 0.516717 0.649488 0.525076 0.642429 0.532675 0.643134 0.560030 0.647723 0.585866 0.661137 0.626900 0.692199 0.715046 0.724321 0.660334 0.694317 0.571429 0.687610 0.542553 0.686198 0.529635 0.682669 0.518237 0.680551 0.513678 0.674197 0.504559 0.665725 0.506079
0 0.686551 0.488602 0.678433 0.501520 0.679492 0.513678 0.684080 0.525076 0.687257 0.536474 0.690434 0.551672 0.697847 0.576748 0.735969 0.669453 0.761737 0.613982 0.720438 0.477964 0.708436 0.463526 0.696788 0.482523
0 0.478998 0.553191 0.478998 0.573708 0.480762 0.607903 0.484998 0.734802 0.500529 0.729483 0.499824 0.588906 0.500176 0.545593
0 0.477939 0.547112 0.478998 0.575988 0.481115 0.603343 0.484998 0.737082 0.472291 0.737082 0.465231 0.632219 0.463113 0.611702 0.460289 0.594985 0.458172 0.575988 0.457819 0.564590 0.457819 0.552432
0 0.454995 0.579027 0.448994 0.582827 0.445464 0.588906 0.443346 0.594985 0.441581 0.610942 0.441228 0.622340 0.440169 0.632219 0.438405 0.644377 0.436287 0.652736 0.434522 0.661854 0.430992 0.678571 0.429227 0.696809 0.428168 0.715805 0.423932 0.740122 0.421461 0.750760 0.440522 0.764438 0.462407 0.632219 0.463113 0.614742 0.463466 0.602584 0.462054 0.596505 0.459936 0.588906 0.457819 0.577508
0 0.438405 0.554711 0.431345 0.550912 0.426403 0.556231 0.424285 0.566869 0.423579 0.586626 0.423579 0.591945 0.423579 0.608663 0.415814 0.652736 0.401694 0.734043 0.420049 0.745441 0.432757 0.672492 0.436640 0.649696 0.440169 0.630699 0.442640 0.617021 0.447935 0.608663 0.451112 0.594225 0.451818 0.583587 0.451818 0.569909 0.445817 0.559271
0 0.423579 0.550912 0.427462 0.554711 0.428168 0.561550 0.428168 0.569909 0.427109 0.575988 0.425344 0.588906 0.424285 0.592705 0.421108 0.601064 0.419343 0.617781 0.417932 0.636778 0.414402 0.658815 0.410166 0.685410 0.405577 0.712766 0.401341 0.735562 0.397812 0.747720 0.387575 0.740881 0.375574 0.731003 0.384751 0.651976 0.394635 0.607143 0.394988 0.588146 0.393223 0.571429 0.395694 0.556991 0.399223 0.550912 0.403459 0.546353 0.408754 0.539514 0.416520 0.537234
0 0.357924 0.519757 0.361807 0.510638 0.368161 0.508359 0.375927 0.508359 0.386516 0.508359 0.394635 0.515198 0.405930 0.521277 0.411225 0.531915 0.409460 0.550912 0.406989 0.564590 0.398870 0.588146 0.392517 0.604863 0.372397 0.726444 0.322979 0.677812 0.345570 0.606383 0.356160 0.576748 0.355101 0.555471 0.356160 0.542553 0.356866 0.534195
0 0.322273 0.497720 0.332510 0.490122 0.342746 0.497720 0.354042 0.511398 0.360748 0.528116 0.363925 0.534195 0.365337 0.544073 0.364278 0.555471 0.358983 0.566869 0.355454 0.572948 0.351924 0.591945 0.313802 0.690729 0.304624 0.704407 0.259442 0.636778 0.310272 0.551672 0.312390 0.531915 0.313449 0.521277 0.316625 0.511398 0.318743 0.505319
0 0.232263 0.576748 0.288740 0.447568 0.307448 0.460486 0.322979 0.485562 0.324038 0.507599 0.321567 0.523556 0.316978 0.533435 0.312390 0.542553 0.304271 0.552432 0.256971 0.642857
