0 0.458377 0.629179 0.494907 0.629179 0.493151 0.558511 0.479101 0.367021 0.458026 0.374620 0.457323 0.571429
0 0.432385 0.619301 0.456621 0.625380 0.458377 0.566869 0.452757 0.381459 0.434141 0.389058 0.432385 0.544833
0 0.399719 0.601824 0.411310 0.627660 0.436249 0.613982 0.438707 0.563070 0.429926 0.374620 0.408851 0.379179 0.408149 0.511398
0 0.375483 0.604103 0.389533 0.632219 0.404285 0.609422 0.422901 0.615502 0.422901 0.541793 0.409203 0.365502 0.380049 0.374620 0.383210 0.532675
0 0.354408 0.602584 0.365999 0.617021 0.380752 0.605623 0.391992 0.602584 0.396558 0.541033 0.382508 0.358663 0.360028 0.372340 0.359677 0.511398 0.352652 0.583587
0 0.317878 0.563070 0.324552 0.600304 0.334036 0.597264 0.351949 0.607143 0.362838 0.590426 0.356516 0.524316 0.355813 0.465046 0.338602 0.373860 0.321742 0.384498 0.321742 0.449848 0.323147 0.522796
0 0.278539 0.563070 0.298911 0.587386 0.317878 0.579027 0.323147 0.504559 0.319986 0.434650 0.309800 0.363982 0.289427 0.367021 0.292940 0.436930 0.292589 0.495441 0.280295 0.533435 0.278890 0.548632
0 0.496312 0.627660 0.529329 0.623860 0.528275 0.566869 0.510713 0.384498 0.499473 0.391337 0.494907 0.541793 0.493151 0.604103
0 0.532490 0.627660 0.556726 0.615502 0.552863 0.537994 0.545838 0.389058 0.525465 0.399696 0.527573 0.565350 0.530032 0.605623
0 0.552863 0.585106 0.563751 0.617021 0.579909 0.619301 0.587636 0.587386 0.583772 0.539514 0.576747 0.462006 0.579909 0.370821 0.562698 0.367021 0.556726 0.457447 0.553565 0.543313
0 0.588690 0.593465 0.587987 0.568389 0.595715 0.526596 0.598876 0.341945 0.622058 0.350304 0.622058 0.482523 0.619951 0.580547 0.616790 0.607143 0.605901 0.607143 0.595012 0.600304
0 0.618195 0.604103 0.612926 0.587386 0.618195 0.525836 0.641728 0.344225 0.686336 0.355623 0.680014 0.436930 0.664208 0.531155 0.662803 0.563070 0.661749 0.608663 0.639972 0.607143
0 0.500527 0.649696 0.524412 0.645897 0.522304 0.710486 0.518440 0.863982 0.503337 0.860182
0 0.519845 0.645897 0.545838 0.645897 0.538813 0.872340 0.527573 0.869301
0 0.547243 0.845745 0.542325 0.645897 0.563400 0.630699 0.566561 0.671733 0.569020 0.724164 0.564454 0.892857 0.549701 0.890578
0 0.572181 0.804711 0.567615 0.701368 0.563400 0.655775 0.578504 0.617781 0.584826 0.632219 0.593959 0.656535 0.591500 0.698328 0.591500 0.873860 0.577450 0.868541
0 0.608711 0.830547 0.595012 0.724164 0.591500 0.691489 0.585529 0.669453 0.589392 0.639058 0.597120 0.625380 0.618195 0.637538 0.621356 0.686930 0.620653 0.762918 0.626625 0.862462 0.611872 0.869301
0 0.652617 0.826748 0.634703 0.794833 0.626625 0.739362 0.607306 0.670973 0.609765 0.632979 0.633649 0.629179 0.650861 0.627660 0.666667 0.639058 0.670530 0.684650 0.676150 0.732523 0.704953 0.819909 0.672287 0.847264
0 0.706358 0.796353 0.687039 0.728723 0.658237 0.647416 0.662803 0.613982 0.679312 0.608663 0.701791 0.602584 0.710221 0.597264 0.723569 0.651216 0.733755 0.708207 0.753073 0.769757 0.728837 0.794833
0 0.476291 0.644377 0.501229 0.645897 0.501229 0.708967 0.497366 0.862462 0.487179 0.854103
0 0.455216 0.645897 0.480155 0.648176 0.478398 0.705167 0.482262 0.870821 0.468915 0.876140
0 0.431682 0.693769 0.431682 0.659574 0.443274 0.639058 0.454865 0.642857 0.459782 0.691489 0.461187 0.787994 0.459782 0.901216 0.441166 0.898936 0.435546 0.778116
0 0.411310 0.858663 0.412013 0.772796 0.404988 0.693769 0.410608 0.640578 0.423955 0.641337 0.432385 0.662614 0.438005 0.686170 0.434141 0.734043 0.432385 0.879179
0 0.373024 0.841945 0.374780 0.737082 0.376185 0.701368 0.380049 0.654255 0.388128 0.636018 0.400421 0.641337 0.408149 0.661094 0.414471 0.654255 0.419740 0.678571 0.412715 0.717325 0.385669 0.868541
0 0.302072 0.838906 0.335090 0.745441 0.351949 0.705167 0.365297 0.649696 0.350544 0.632979 0.333333 0.615502 0.321742 0.612462 0.313664 0.620821 0.306639 0.658055 0.289427 0.720365 0.272568 0.779635
0 0.229364 0.706687 0.257464 0.663374 0.274675 0.617781 0.288022 0.608663 0.301370 0.637538 0.312961 0.661094 0.306639 0.693769 0.285564 0.723404 0.233579 0.781155 0.216017 0.716565
