0 0.459154 0.571429 0.468271 0.582827 0.486506 0.579787 0.493435 0.569149 0.491247 0.493921 0.490883 0.412614 0.476295 0.340426 0.460613 0.351824 0.458060 0.354863 0.460977 0.448328 0.458060 0.520517
0 0.436178 0.567629 0.450766 0.572188 0.459519 0.568389 0.460977 0.528116 0.460613 0.498480 0.464624 0.335106 0.446025 0.339666 0.437637 0.496201 0.437637 0.526596
0 0.408096 0.559271 0.416120 0.576748 0.423049 0.576748 0.433990 0.550152 0.438366 0.524316 0.440554 0.485562 0.439825 0.311550 0.421590 0.318389 0.412837 0.477964 0.406637 0.549392
0 0.388403 0.515957 0.385485 0.550912 0.389132 0.568389 0.397885 0.575228 0.406637 0.572948 0.417943 0.563070 0.418673 0.519757 0.419402 0.490881 0.412837 0.338146 0.394238 0.340426 0.389132 0.466565
0 0.363603 0.553191 0.371262 0.572188 0.379285 0.576748 0.388038 0.575988 0.392414 0.558511 0.393508 0.521277 0.399708 0.338906 0.378920 0.346505 0.369803 0.507599
0 0.327498 0.544833 0.333698 0.566869 0.341357 0.569149 0.350839 0.566869 0.357768 0.570669 0.363603 0.566869 0.373450 0.545593 0.373450 0.503799 0.367615 0.485562 0.353392 0.314590 0.330780 0.319149 0.325310 0.389058 0.329322 0.471125 0.328592 0.515198
0 0.286652 0.518237 0.291028 0.543313 0.301969 0.547112 0.311087 0.563070 0.320569 0.568389 0.330416 0.544833 0.335886 0.518237 0.335522 0.495441 0.322392 0.326748 0.305252 0.348024 0.298687 0.458967 0.291028 0.496960
0 0.249453 0.487842 0.253465 0.524316 0.262947 0.531915 0.266594 0.533435 0.276441 0.543313 0.288476 0.525836 0.292123 0.503040 0.302334 0.465805 0.303063 0.424012 0.305252 0.368541 0.292123 0.308511 0.269876 0.316869 0.275711 0.403495 0.268053 0.433891 0.260029 0.455927 0.254194 0.471125
0 0.489788 0.576748 0.506929 0.582827 0.524070 0.577508 0.527352 0.553191 0.525164 0.463526 0.520058 0.344225 0.495988 0.360182 0.493071 0.490881 0.489059 0.554711
0 0.526258 0.509878 0.526258 0.557751 0.541575 0.572188 0.549599 0.537994 0.549599 0.490881 0.546681 0.462766 0.541211 0.357143 0.525894 0.366261 0.529540 0.458207
0 0.537564 0.496960 0.543034 0.537234 0.550328 0.567629 0.559810 0.572948 0.571845 0.563830 0.576222 0.538754 0.563822 0.462006 0.552152 0.329787 0.537564 0.333587 0.535376 0.424772
0 0.575492 0.558511 0.568563 0.515198 0.584610 0.482523 0.601386 0.335866 0.622538 0.357903 0.616703 0.477964 0.610139 0.566109 0.591174 0.568389
0 0.623268 0.576748 0.607221 0.574468 0.599927 0.554711 0.600292 0.518237 0.605398 0.488602 0.617433 0.452888 0.629468 0.354863 0.648796 0.360182 0.652443 0.477204 0.650985 0.509878 0.649891 0.546353 0.642961 0.582827 0.636397 0.593465
0 0.653538 0.576748 0.642961 0.551672 0.643691 0.509878 0.648796 0.469605 0.659008 0.354863 0.681984 0.352584 0.681255 0.411854 0.681619 0.487842 0.688913 0.521277 0.689643 0.559271 0.673961 0.574468 0.661926 0.579027
0 0.495988 0.610182 0.514953 0.608663 0.517141 0.685410 0.517505 0.790274 0.496718 0.785714
0 0.514953 0.599544 0.533552 0.591185 0.541575 0.601824 0.542305 0.635258 0.537564 0.698328 0.528811 0.796353 0.517505 0.799392 0.520058 0.664134
0 0.539387 0.651976 0.539023 0.608663 0.547411 0.596505 0.553975 0.592705 0.564187 0.619301 0.565646 0.670213 0.559810 0.805471 0.537929 0.811550 0.537929 0.699088
0 0.562728 0.643617 0.557257 0.607143 0.562363 0.582827 0.572210 0.572948 0.584245 0.583587 0.591904 0.614742 0.584974 0.669453 0.587892 0.794833 0.572210 0.808511 0.566740 0.698328
0 0.585704 0.668693 0.584974 0.622340 0.586798 0.588146 0.592633 0.583587 0.607221 0.587386 0.611233 0.581307 0.618162 0.609422 0.619256 0.643617 0.611962 0.696809 0.599927 0.798632 0.589716 0.795593
0 0.656820 0.683131 0.645514 0.664894 0.644785 0.651216 0.650985 0.618541 0.659008 0.585106 0.671043 0.584347 0.681984 0.588146 0.693290 0.604863 0.718089 0.651976 0.753829 0.727964 0.724289 0.761398
0 0.719548 0.667173 0.696207 0.642097 0.690007 0.612462 0.689278 0.591185 0.693654 0.556231 0.702407 0.553951 0.717724 0.534954 0.725748 0.532675 0.742888 0.567629 0.745806 0.617021 0.776441 0.708207 0.752735 0.729483
0 0.471189 0.605623 0.494894 0.601064 0.496718 0.668693 0.494894 0.804711 0.477024 0.798632
0 0.448578 0.618541 0.452225 0.600304 0.471189 0.607143 0.475201 0.631459 0.473377 0.683131 0.480306 0.811550 0.458425 0.806991
0 0.424872 0.668693 0.424872 0.626900 0.429613 0.602584 0.440190 0.601064 0.453319 0.638298 0.454778 0.683131 0.453319 0.811550 0.437637 0.824468
0 0.401896 0.715805 0.403355 0.665653 0.401896 0.630699 0.402626 0.605623 0.411379 0.596505 0.419402 0.597264 0.425602 0.621581 0.430708 0.637538 0.427790 0.699848 0.418673 0.816109 0.399708 0.804711
0 0.376003 0.789514 0.371627 0.713526 0.375274 0.680091 0.375274 0.646657 0.380379 0.610182 0.389497 0.593465 0.402626 0.606383 0.411379 0.613982 0.415755 0.630699 0.404085 0.674012 0.394238 0.823708
0 0.319475 0.791033 0.325675 0.743921 0.338439 0.659574 0.338804 0.632219 0.342451 0.595745 0.351204 0.588146 0.372356 0.591185 0.390591 0.598024 0.393144 0.629179 0.377462 0.688450 0.353756 0.823708 0.322757 0.799392
0 0.278629 0.757599 0.277170 0.718085 0.285193 0.677052 0.292123 0.648936 0.295040 0.617781 0.296499 0.594225 0.308169 0.579787 0.319110 0.579787 0.337345 0.588146 0.346098 0.599544 0.341357 0.639058 0.333333 0.671733 0.304887 0.791033
0 0.237418 0.710486 0.239971 0.671733 0.245806 0.626140 0.247629 0.596505 0.249453 0.570669 0.250547 0.553191 0.262582 0.547872 0.274617 0.546353 0.286287 0.550912 0.293217 0.559271 0.300511 0.572948 0.304158 0.598024 0.294675 0.623860 0.281182 0.663374 0.256382 0.731763
