0 0.499647 0.559271 0.499647 0.600304 0.498940 0.615502 0.484099 0.615502 0.472792 0.618541 0.469965 0.583587 0.470671 0.547112 0.474205 0.500000 0.477032 0.458967 0.477032 0.411854 0.488339 0.389058 0.492580 0.410334 0.498233 0.454407 0.500353 0.490881
0 0.471378 0.544073 0.472792 0.583587 0.472792 0.604863 0.470671 0.613982 0.460071 0.618541 0.450883 0.618541 0.446643 0.601824 0.445936 0.566869 0.448763 0.541033 0.451590 0.498480 0.455124 0.463526 0.456537 0.433131 0.456537 0.395137 0.465018 0.369301 0.472792 0.389058 0.478445 0.422492 0.476325 0.471125 0.473498 0.513678
0 0.449470 0.536474 0.454417 0.560790 0.453710 0.582067 0.448763 0.607903 0.438869 0.618541 0.421908 0.597264 0.422615 0.563830 0.426855 0.545593 0.426855 0.504559 0.427562 0.477204 0.431802 0.446809 0.432509 0.410334 0.438869 0.389058 0.449470 0.384498 0.454417 0.413374 0.455830 0.457447 0.452297 0.496960
0 0.406360 0.545593 0.400000 0.572948 0.400707 0.591185 0.409187 0.612462 0.421908 0.600304 0.430389 0.612462 0.440283 0.591185 0.442403 0.547112 0.439576 0.500000 0.440283 0.463526 0.443816 0.433131 0.439576 0.399696 0.431095 0.390578 0.418375 0.398176 0.414134 0.416413 0.411307 0.455927 0.411307 0.475684
0 0.501060 0.559271 0.500353 0.606383 0.507420 0.621581 0.520141 0.620061 0.527208 0.613982 0.530742 0.566869 0.528622 0.545593 0.528622 0.513678 0.529329 0.475684 0.531449 0.449848 0.532155 0.416413 0.531449 0.390578 0.520141 0.382979 0.509541 0.410334 0.505300 0.452888 0.501767 0.504559
0 0.527915 0.562310 0.527915 0.598784 0.536396 0.623100 0.548410 0.620061 0.554770 0.597264 0.554770 0.556231 0.554770 0.522796 0.554770 0.469605 0.558304 0.437690 0.560424 0.405775 0.559717 0.389058 0.547703 0.386018 0.539223 0.419453 0.532862 0.472644
0 0.553357 0.554711 0.553357 0.595745 0.563251 0.623100 0.579505 0.612462 0.584452 0.588146 0.583039 0.548632 0.583039 0.490881 0.584452 0.442249 0.587279 0.411854 0.590106 0.375380 0.580919 0.360182 0.568198 0.379939 0.563958 0.427052
0 0.579505 0.548632 0.573852 0.585106 0.580212 0.610942 0.592933 0.615502 0.597880 0.620061 0.613428 0.600304 0.614134 0.568389 0.607067 0.524316 0.607774 0.489362 0.607774 0.460486 0.607774 0.422492 0.602827 0.402736 0.595760 0.398176 0.583746 0.434650 0.582332 0.472644
0 0.604947 0.537994 0.601413 0.577508 0.607774 0.603343 0.616961 0.604863 0.620495 0.617021 0.631802 0.612462 0.638163 0.600304 0.638869 0.574468 0.634629 0.537994 0.634629 0.501520 0.633922 0.455927 0.633216 0.425532 0.633216 0.404255 0.624028 0.392097 0.613428 0.398176 0.609187 0.443769
0 0.633922 0.536474 0.628975 0.562310 0.632509 0.600304 0.644523 0.613982 0.657951 0.603343 0.670671 0.607903 0.676325 0.586626 0.673498 0.534954 0.665018 0.490881 0.662898 0.462006 0.659364 0.428571 0.659364 0.405775 0.651590 0.398176 0.643110 0.401216 0.636749 0.442249
0 0.666431 0.493921 0.674912 0.550152 0.679152 0.588146 0.691873 0.594225 0.704594 0.592705 0.712367 0.565350 0.716608 0.534954 0.710247 0.503040 0.700353 0.484802 0.693286 0.458967 0.689753 0.407295 0.685512 0.389058 0.679859 0.375380 0.669965 0.373860 0.662898 0.408815 0.665018 0.452888
0 0.694700 0.460486 0.703887 0.495441 0.711661 0.507599 0.722261 0.483283 0.724382 0.471125 0.730035 0.471125 0.736396 0.452888 0.733569 0.427052 0.727208 0.404255 0.722261 0.390578 0.714488 0.364742 0.709541 0.343465 0.701060 0.329787 0.690459 0.328267 0.684806 0.360182 0.689753 0.413374
0 0.496113 0.636778 0.496113 0.677812 0.497527 0.720365 0.496820 0.764438 0.498233 0.813070 0.500353 0.852584 0.510954 0.861702 0.513781 0.840426 0.516608 0.779635 0.513074 0.726444 0.513781 0.683891 0.513781 0.641337 0.511661 0.626140
0 0.514488 0.633739 0.517314 0.671733 0.517314 0.762918 0.519435 0.806991 0.520141 0.851064 0.525795 0.872340 0.532862 0.876900 0.534276 0.852584 0.534276 0.805471 0.534276 0.755319 0.535689 0.703647 0.538516 0.671733 0.536396 0.633739 0.525088 0.627660
0 0.537102 0.638298 0.538516 0.674772 0.542049 0.708207 0.544876 0.753799 0.548410 0.785714 0.548410 0.820669 0.547703 0.854103 0.554064 0.887538 0.558304 0.902736 0.566078 0.896657 0.570318 0.854103 0.570318 0.814590 0.570318 0.773556 0.566784 0.729483 0.563251 0.674772 0.563251 0.648936 0.559011 0.632219 0.549823 0.620061
0 0.562544 0.642857 0.561131 0.677812 0.566078 0.705167 0.572438 0.759878 0.576678 0.797872 0.583746 0.834347 0.587279 0.857143 0.600000 0.869301 0.604240 0.838906 0.600707 0.799392 0.595760 0.744681 0.592933 0.699088 0.591519 0.665653 0.590106 0.636778 0.580212 0.627660 0.568198 0.626140
0 0.588693 0.638298 0.591519 0.686930 0.597173 0.715805 0.601413 0.749240 0.618375 0.835866 0.633922 0.864742 0.642403 0.855623 0.643816 0.822188 0.637456 0.791793 0.630389 0.741641 0.622615 0.682371 0.622615 0.658055 0.619081 0.638298 0.611307 0.627660 0.600000 0.620061
0 0.614841 0.636778 0.620495 0.673252 0.628975 0.694529 0.631802 0.726444 0.637456 0.761398 0.645230 0.791793 0.667138 0.819149 0.679859 0.832827 0.688339 0.831307 0.698940 0.813070 0.703180 0.793313 0.701767 0.773556 0.692580 0.764438 0.680565 0.743161 0.673498 0.718845 0.666431 0.693009 0.662898 0.658055 0.662191 0.633739 0.655830 0.617021 0.646643 0.613982 0.636042 0.624620 0.624735 0.618541
0 0.661484 0.621581 0.661484 0.651976 0.669258 0.680851 0.677739 0.715805 0.694700 0.744681 0.708834 0.762918 0.718021 0.776596 0.730035 0.782675 0.737102 0.764438 0.738516 0.735562 0.727915 0.694529 0.715901 0.671733 0.708834 0.642857 0.706714 0.612462 0.702473 0.594225 0.689046 0.591185 0.678445 0.600304 0.670671 0.601824
0 0.707420 0.639818 0.714488 0.677812 0.732155 0.700608 0.751237 0.717325 0.762544 0.724924 0.773852 0.717325 0.781625 0.689970 0.774558 0.667173 0.762544 0.641337 0.756890 0.630699 0.751943 0.598784 0.746996 0.583587 0.737102 0.572948 0.727915 0.582067 0.721555 0.592705 0.715901 0.612462
0 0.496820 0.635258 0.498233 0.676292 0.499647 0.720365 0.496820 0.759878 0.495406 0.797872 0.495406 0.849544 0.495406 0.872340 0.484099 0.879939 0.479859 0.855623 0.477032 0.800912 0.478445 0.747720 0.478445 0.694529 0.477032 0.655015 0.474912 0.627660 0.483392 0.623100
0 0.474912 0.624620 0.478445 0.667173 0.475618 0.706687 0.476325 0.738602 0.476325 0.778116 0.477739 0.808511 0.477032 0.846505 0.469258 0.870821 0.460777 0.848024 0.457951 0.800912 0.455124 0.738602 0.457244 0.688450 0.456537 0.644377 0.455124 0.617021
0 0.456537 0.621581 0.457244 0.662614 0.460071 0.711246 0.458657 0.762918 0.456537 0.802432 0.451590 0.857143 0.446643 0.884498 0.436042 0.895137 0.428269 0.849544 0.429682 0.790274 0.430389 0.746201 0.430389 0.708207 0.436749 0.664134 0.438869 0.624620 0.448763 0.610942
0 0.411307 0.624620 0.407774 0.651976 0.411307 0.679331 0.409187 0.734043 0.407067 0.768997 0.402120 0.796353 0.392933 0.837386 0.400707 0.860182 0.411307 0.851064 0.419081 0.808511 0.428975 0.758359 0.431802 0.712766 0.438163 0.668693 0.438163 0.639818 0.435336 0.626140 0.428975 0.613982 0.422615 0.609422
0 0.388693 0.607903 0.385159 0.624620 0.384452 0.680851 0.378799 0.718845 0.373145 0.761398 0.367491 0.797872 0.366784 0.823708 0.376678 0.832827 0.392226 0.797872 0.397880 0.744681 0.405654 0.711246 0.409187 0.673252 0.416961 0.641337 0.416961 0.618541 0.410601 0.607903 0.399293 0.606383
0 0.361837 0.638298 0.341343 0.686930 0.322968 0.721884 0.308834 0.746201 0.291166 0.758359 0.272792 0.753799 0.261484 0.727964 0.265018 0.694529 0.279859 0.658055 0.298233 0.629179 0.306007 0.598784 0.316608 0.571429 0.330035 0.566869 0.344876 0.579027 0.357597 0.595745 0.356184 0.606383 0.366078 0.606383 0.370318 0.615502
0 0.301060 0.627660 0.301767 0.595745 0.289753 0.577508 0.281272 0.556231 0.272085 0.550152 0.262898 0.544073 0.251590 0.560790 0.245936 0.586626 0.238869 0.612462 0.221201 0.629179 0.212721 0.642857 0.215548 0.673252 0.231095 0.689970 0.249470 0.677812 0.277032 0.662614 0.293286 0.644377
0 0.416254 0.525836 0.417668 0.563830 0.417668 0.588146 0.408481 0.604863 0.398587 0.592705 0.383039 0.600304 0.373145 0.591185 0.372438 0.565350 0.379505 0.536474 0.386572 0.490881 0.387986 0.457447 0.387279 0.427052 0.385866 0.402736 0.392226 0.384498 0.407774 0.378419 0.416254 0.408815 0.416254 0.451368
0 0.344170 0.537994 0.342049 0.565350 0.349823 0.575988 0.359717 0.586626 0.369611 0.594225 0.380212 0.591185 0.387279 0.579027 0.392226 0.542553 0.393640 0.522796 0.393640 0.486322 0.392226 0.457447 0.387986 0.427052 0.385866 0.401216 0.383746 0.392097 0.372438 0.392097 0.368198 0.414894 0.363251 0.439210 0.360424 0.463526 0.358304 0.501520
0 0.310954 0.478723 0.303180 0.498480 0.299647 0.525836 0.308127 0.551672 0.315901 0.547112 0.321555 0.566869 0.335689 0.565350 0.349117 0.550152 0.352650 0.527356 0.355477 0.490881 0.359011 0.458967 0.360424 0.437690 0.359717 0.408815 0.359011 0.382979 0.351237 0.378419 0.339929 0.376900 0.330742 0.405775 0.324382 0.430091 0.317314 0.465046
0 0.282686 0.384498 0.276325 0.399696 0.273498 0.424012 0.281979 0.442249 0.290459 0.440729 0.289046 0.458967 0.295406 0.469605 0.308127 0.468085 0.319435 0.457447 0.324382 0.434650 0.324382 0.416413 0.330742 0.398176 0.334982 0.382979 0.339223 0.369301 0.340636 0.352584 0.335689 0.329787 0.325795 0.320669 0.309541 0.319149 0.302473 0.340426 0.294700 0.357143
