0 0.506854 0.541033 0.501505 0.325988 0.480107 0.328267 0.479438 0.540274
0 0.479438 0.542553 0.480776 0.473404 0.481444 0.325988 0.468071 0.324468 0.459044 0.541033
0 0.457706 0.537234 0.468071 0.295593 0.446005 0.291033 0.438315 0.537234
0 0.438984 0.528875 0.448679 0.498480 0.444333 0.284195 0.426613 0.285714 0.418255 0.525836
0 0.415580 0.518997 0.432297 0.490122 0.427282 0.447568 0.424273 0.282675 0.405884 0.282675 0.398195 0.509878
0 0.405884 0.513678 0.413908 0.471884 0.405884 0.275836 0.381143 0.275836 0.367101 0.483283 0.370779 0.518997
0 0.361083 0.525076 0.379137 0.493161 0.381812 0.273556 0.349381 0.263678 0.328318 0.506839
0 0.508191 0.544073 0.507523 0.321429 0.532263 0.324468 0.532263 0.531915
0 0.532932 0.530395 0.531929 0.303951 0.551989 0.307751 0.558676 0.530395
0 0.556670 0.520517 0.554998 0.459726 0.567703 0.280395 0.587095 0.287234 0.582414 0.532675
0 0.592444 0.518997 0.573052 0.486322 0.584754 0.268997 0.596122 0.265198 0.603477 0.498480
0 0.610832 0.509878 0.598128 0.484802 0.595787 0.449848 0.598128 0.260638 0.615848 0.262158 0.621197 0.502280
0 0.649616 0.495441 0.655968 0.473404 0.649616 0.427812 0.652290 0.273556 0.624206 0.275076 0.617519 0.436170 0.622534 0.502280
0 0.664995 0.506839 0.647944 0.484802 0.646606 0.436170 0.649616 0.262158 0.682046 0.262158 0.691073 0.493161
0 0.508191 0.559271 0.512203 0.800912 0.522233 0.794073 0.526914 0.555471
0 0.526914 0.553951 0.522233 0.795593 0.537947 0.792553 0.546306 0.623100 0.545637 0.541033
0 0.547643 0.549392 0.548312 0.802432 0.572384 0.798632 0.569375 0.544073
0 0.569375 0.547872 0.573052 0.629939 0.578068 0.787234 0.599131 0.777356 0.595787 0.604863 0.593781 0.542553
0 0.595119 0.542553 0.596790 0.606383 0.610164 0.773556 0.634570 0.755319 0.630893 0.616261 0.615848 0.528875
0 0.615179 0.531915 0.630893 0.614742 0.641926 0.740122 0.683718 0.716565 0.656302 0.513678
0 0.508191 0.559271 0.512203 0.799392 0.495821 0.800912 0.490471 0.598024 0.488800 0.559271
0 0.489803 0.559271 0.495821 0.802432 0.480776 0.802432 0.474089 0.679331 0.469743 0.555471
0 0.471749 0.557751 0.474758 0.685410 0.478435 0.802432 0.455366 0.798632 0.450351 0.647416 0.451688 0.550912
0 0.448679 0.574468 0.455700 0.799392 0.438315 0.795593 0.430960 0.679331 0.422935 0.594985 0.427282 0.550912
0 0.421932 0.556231 0.432631 0.574468 0.430291 0.614742 0.423604 0.780395 0.400535 0.776596 0.398195 0.631459 0.401872 0.550912
0 0.364761 0.534195 0.408559 0.552432 0.413908 0.579787 0.401872 0.625380 0.379806 0.765198 0.338014 0.738602
