0 0.523710 0.321809 0.528591 0.548537 0.506974 0.555851 0.480823 0.545213 0.475593 0.321809
0 0.455370 0.312500 0.471757 0.418218 0.479777 0.543883 0.447350 0.546543 0.440725 0.506649 0.431660 0.313165
0 0.419456 0.295878 0.435844 0.375000 0.444212 0.543883 0.421548 0.547207 0.409344 0.541223 0.404812 0.507979 0.404812 0.476064 0.398884 0.303856
0 0.365411 0.330452 0.380753 0.431516 0.391562 0.504654 0.386681 0.529920 0.376569 0.535239 0.367503 0.536569 0.358787 0.533910 0.355300 0.521277 0.353905 0.504654 0.339609 0.335771 0.362622 0.316489
0 0.329847 0.328457 0.345188 0.452128 0.355300 0.499335 0.354951 0.525266 0.352510 0.536569 0.342748 0.542553 0.326709 0.552527 0.317294 0.553856 0.309972 0.549867 0.303347 0.533245 0.302650 0.515957 0.299512 0.484707 0.286960 0.432181 0.281032 0.362367
0 0.233961 0.366356 0.251743 0.471410 0.253487 0.536569 0.270223 0.557181 0.289052 0.557181 0.298117 0.542553 0.302301 0.529920 0.304045 0.497340 0.297420 0.458112 0.271618 0.350399
0 0.560321 0.335771 0.533124 0.473404 0.527894 0.553856 0.567992 0.561170 0.577057 0.551197 0.577057 0.512633 0.586820 0.400931 0.602859 0.321809 0.572176 0.299202
0 0.616457 0.317154 0.585774 0.426862 0.575662 0.548537 0.602162 0.555186 0.608787 0.541888 0.612971 0.478059 0.638773 0.328457
0 0.642957 0.319149 0.619247 0.426197 0.610530 0.510638 0.607043 0.555851 0.637727 0.570479 0.643305 0.537899 0.640865 0.503989 0.661785 0.334441
0 0.667713 0.338431 0.647490 0.441489 0.643654 0.503324 0.643305 0.527926 0.645049 0.543883 0.653766 0.559840 0.661088 0.564495 0.670851 0.555186 0.673291 0.536569 0.670851 0.510638 0.670851 0.489362 0.676430 0.412234 0.684798 0.357048
0 0.688982 0.351729 0.675384 0.444149 0.670502 0.503324 0.671897 0.523271 0.677127 0.543883 0.683752 0.551197 0.692120 0.548537 0.696653 0.541223 0.697350 0.519282 0.700837 0.497340 0.710600 0.334441 0.693166 0.333112
0 0.721757 0.347074 0.705021 0.432846 0.697350 0.498005 0.696304 0.511968 0.698047 0.529920 0.703626 0.541888 0.717225 0.553856 0.731172 0.556516 0.740237 0.551197 0.745467 0.541223 0.745467 0.524601 0.747559 0.492686 0.771967 0.375000 0.747908 0.347739
0 0.778591 0.356383 0.746165 0.486702 0.744770 0.517952 0.748257 0.543883 0.756625 0.559176 0.767085 0.555186 0.779289 0.547207 0.788703 0.537899 0.793933 0.499335 0.814854 0.365027
0 0.518828 0.561170 0.515690 0.780585 0.539749 0.776596 0.544282 0.594415 0.542190 0.563830
0 0.540795 0.559840 0.543584 0.645612 0.547768 0.801197 0.574965 0.795213 0.569386 0.623005 0.570781 0.562500
0 0.575662 0.557181 0.567643 0.613697 0.569038 0.823138 0.602162 0.817154 0.604254 0.610372 0.604254 0.574468 0.596932 0.562500 0.586820 0.559176
0 0.608438 0.565824 0.603556 0.597074 0.609833 0.799867 0.640516 0.777926 0.634240 0.599069 0.634240 0.577128 0.627964 0.564495 0.622036 0.559176 0.610530 0.557181
0 0.642957 0.573138 0.631102 0.593750 0.635286 0.669548 0.649582 0.831117 0.670502 0.816489 0.664923 0.617686 0.664226 0.599069 0.661785 0.583112 0.652022 0.573138 0.647490 0.572473
0 0.675384 0.571144 0.664226 0.573138 0.662831 0.596410 0.666667 0.631649 0.676430 0.795213 0.739888 0.759309 0.715830 0.625665 0.716527 0.599734 0.717922 0.590426 0.715830 0.576463 0.702929 0.565824 0.688982 0.565160 0.683752 0.565160
0 0.734310 0.565160 0.715830 0.584441 0.716527 0.622340 0.750000 0.802527 0.797071 0.765293 0.769177 0.612367 0.766736 0.591090 0.763947 0.572473 0.757322 0.567819 0.747908 0.565160
0 0.778940 0.548537 0.771618 0.557181 0.767085 0.564495 0.765342 0.575133 0.765342 0.585106 0.772664 0.625000 0.808577 0.763963 0.832287 0.716755 0.824616 0.607713 0.817643 0.565160 0.811367 0.544548 0.800209 0.538564 0.793584 0.541223 0.785216 0.547872
0 0.518131 0.558511 0.496165 0.559840 0.495119 0.591090 0.489540 0.787899 0.517782 0.787899 0.519526 0.611702
0 0.494421 0.561170 0.467225 0.570479 0.465132 0.638298 0.456067 0.783245 0.480823 0.787234 0.496165 0.600399
0 0.464435 0.555851 0.435495 0.563165 0.434798 0.607048 0.419456 0.810505 0.447350 0.817154 0.466179 0.627660 0.469665 0.559840
0 0.417015 0.564495 0.406904 0.581782 0.405509 0.608378 0.396095 0.804521 0.418061 0.809176 0.434449 0.609043 0.434798 0.589096 0.428522 0.567819 0.424686 0.557846
0 0.404114 0.561835 0.386332 0.564495 0.382148 0.573138 0.375523 0.581782 0.374477 0.589096 0.375872 0.600399 0.370642 0.777926 0.392957 0.779920 0.405509 0.607713 0.409344 0.579787 0.409693 0.564495 0.406555 0.559840
0 0.377615 0.562500 0.353208 0.561835 0.335774 0.563165 0.327406 0.573138 0.323570 0.579122 0.320781 0.589096 0.320781 0.599069 0.322176 0.612367 0.324616 0.626995 0.313808 0.775931 0.366109 0.791888 0.375523 0.650266 0.376918 0.601729 0.378661 0.592420 0.379707 0.583112 0.380056 0.573803
0 0.288006 0.569149 0.280683 0.573138 0.277545 0.578457 0.275453 0.585771 0.273710 0.598404 0.272315 0.618351 0.246165 0.765957 0.296374 0.794548 0.323222 0.614362 0.326011 0.599069 0.326011 0.589096 0.322873 0.578457 0.320084 0.571809 0.309623 0.568484 0.298815 0.567819
0 0.248954 0.547872 0.231869 0.549202 0.226987 0.567154 0.223849 0.593750 0.197699 0.700798 0.239888 0.740027 0.270223 0.619016 0.273710 0.607048 0.276499 0.597074 0.277894 0.587101 0.277197 0.575133 0.275453 0.565160 0.269526 0.557846 0.261506 0.551197
