0 0.456799 0.483283 0.457861 0.546353 0.480170 0.554711 0.490793 0.538754 0.485836 0.441489 0.479462 0.338906 0.480524 0.282675 0.479462 0.227964 0.469901 0.215805 0.459632 0.240122 0.459632 0.379939
0 0.436969 0.481003 0.436969 0.526596 0.441926 0.546353 0.457507 0.550152 0.458569 0.526596 0.459632 0.436170 0.458924 0.344225 0.457861 0.275836 0.452195 0.251520 0.442989 0.258359 0.440156 0.385258
0 0.412535 0.484043 0.414660 0.541033 0.424221 0.552432 0.434844 0.544073 0.444051 0.522036 0.445113 0.452888 0.436615 0.327508 0.433782 0.295593 0.427054 0.217325 0.418201 0.213526 0.407224 0.231003 0.405453 0.264438
0 0.390935 0.490122 0.396246 0.550152 0.400496 0.557751 0.413598 0.539514 0.422096 0.546353 0.430241 0.544073 0.433428 0.479483 0.421034 0.335866 0.419263 0.300912 0.412535 0.260638 0.405453 0.248480 0.398017 0.286474 0.389518 0.405775
0 0.365085 0.493921 0.370397 0.570669 0.388810 0.566869 0.396246 0.560030 0.409348 0.550912 0.411827 0.506079 0.399079 0.414134 0.391997 0.355623 0.389873 0.316109 0.383853 0.273556 0.376416 0.279635 0.372875 0.310790 0.364023 0.436930
0 0.332507 0.501520 0.332507 0.552432 0.337819 0.577508 0.364731 0.577508 0.376416 0.566109 0.383499 0.547872 0.387040 0.525836 0.384915 0.483283 0.375354 0.427052 0.370042 0.371581 0.365085 0.322948 0.359773 0.309271 0.352691 0.318389 0.344901 0.364742 0.338881 0.454407
0 0.289660 0.490881 0.290014 0.547872 0.292847 0.569909 0.309490 0.575228 0.320822 0.582067 0.330737 0.582067 0.339943 0.556991 0.344901 0.532675 0.338881 0.478723 0.336756 0.384498 0.332861 0.341945 0.328612 0.310790 0.319051 0.300912 0.304178 0.310790 0.295326 0.342705 0.290014 0.385258 0.290014 0.433891
0 0.482295 0.472644 0.479108 0.514438 0.478045 0.539514 0.504249 0.550152 0.511686 0.525836 0.514873 0.456687 0.508499 0.360942 0.505666 0.288754 0.505666 0.243921 0.502125 0.221884 0.496813 0.217325 0.487960 0.242401 0.484773 0.347264 0.484773 0.440729
0 0.504249 0.468085 0.503187 0.506079 0.508853 0.536474 0.523017 0.537234 0.532578 0.526596 0.535765 0.509878 0.530453 0.405775 0.529745 0.329787 0.529745 0.273556 0.529745 0.232523 0.527266 0.203647 0.515581 0.205927 0.509915 0.244681
0 0.527620 0.458967 0.527266 0.496201 0.538598 0.532675 0.554533 0.538754 0.562677 0.524316 0.567635 0.479483 0.565864 0.370061 0.564802 0.288754 0.566926 0.249240 0.566926 0.208207 0.564093 0.179331 0.553470 0.161854 0.539660 0.177052
0 0.546388 0.445289 0.544972 0.509878 0.552054 0.528116 0.563031 0.524316 0.573300 0.536474 0.585694 0.521277 0.588881 0.479483 0.596317 0.386778 0.601983 0.331307 0.603399 0.310790 0.593130 0.275076 0.582507 0.271277 0.565864 0.288754 0.555595 0.332067
0 0.576487 0.452128 0.573300 0.501520 0.574363 0.528116 0.597025 0.534195 0.611544 0.531915 0.618272 0.521277 0.618272 0.472644 0.618980 0.382979 0.625000 0.335866 0.625000 0.306231 0.611898 0.296353 0.595963 0.332067 0.585340 0.385258
0 0.607295 0.458967 0.601275 0.492401 0.603399 0.541793 0.616856 0.555471 0.638810 0.563830 0.656161 0.555471 0.659703 0.543313 0.659703 0.490122 0.658640 0.461246 0.664660 0.417933 0.667139 0.372340 0.663598 0.334347 0.656161 0.308511 0.639518 0.306231 0.630312 0.334347 0.613669 0.405775
0 0.652620 0.465805 0.653683 0.521277 0.668909 0.547872 0.685907 0.538754 0.696176 0.534954 0.703612 0.506079 0.705382 0.478723 0.700425 0.398176 0.697238 0.354103 0.696176 0.320669 0.691926 0.303951 0.678470 0.300912 0.663598 0.335866 0.659348 0.371581
0 0.334632 0.583587 0.329320 0.592705 0.330382 0.655015 0.325071 0.699848 0.320113 0.753799 0.319759 0.792553 0.324363 0.828267 0.343839 0.836626 0.357649 0.807751 0.370042 0.762918 0.379249 0.693769 0.390935 0.617021 0.390935 0.588146 0.372875 0.579027 0.354108 0.582067
0 0.387040 0.576748 0.372167 0.604863 0.375354 0.682371 0.377125 0.775836 0.377125 0.814590 0.384915 0.834347 0.398017 0.828267 0.404745 0.780395 0.411473 0.662614 0.421034 0.604103 0.421034 0.579787 0.400496 0.568389
0 0.415722 0.568389 0.402266 0.585866 0.395892 0.632979 0.407224 0.791793 0.406516 0.812310 0.411827 0.838906 0.419972 0.832827 0.429178 0.787994 0.430241 0.706687 0.438739 0.624620 0.438031 0.594985 0.425992 0.579787
0 0.433428 0.563830 0.429178 0.586626 0.427054 0.667173 0.431303 0.740881 0.431657 0.821429 0.434844 0.854103 0.441218 0.876140 0.454674 0.866261 0.461402 0.811550 0.461756 0.680091 0.461756 0.621581 0.452550 0.564590 0.441218 0.561550
0 0.458569 0.560030 0.451487 0.563830 0.451487 0.626900 0.460340 0.720365 0.467776 0.785714 0.470963 0.800152 0.476275 0.813830 0.485482 0.810030 0.489731 0.784954 0.483711 0.727204 0.475212 0.633739 0.476275 0.579027 0.473442 0.563830
0 0.469901 0.562310 0.471317 0.612462 0.479108 0.698328 0.485482 0.771277 0.491856 0.792553 0.497875 0.787994 0.501062 0.727204 0.494334 0.626140 0.495042 0.575228 0.488669 0.561550
0 0.501062 0.563830 0.487606 0.570669 0.490085 0.633739 0.497875 0.728723 0.501062 0.771277 0.504603 0.792553 0.513456 0.797872 0.517705 0.783435 0.512748 0.709726 0.510623 0.620061 0.513810 0.575228 0.508853 0.566869
0 0.521246 0.566109 0.507436 0.568389 0.504603 0.577508 0.508499 0.632979 0.512040 0.699848 0.512040 0.734043 0.519830 0.783435 0.527266 0.796353 0.535411 0.784954 0.538598 0.742401 0.532224 0.642097 0.534348 0.588906 0.533640 0.562310
0 0.537535 0.553191 0.527266 0.569909 0.529391 0.621581 0.537890 0.729483 0.547450 0.821429 0.552408 0.850304 0.564802 0.860942 0.576487 0.838146 0.570822 0.758359 0.565864 0.629179 0.564802 0.570669 0.557365 0.553191
0 0.571176 0.550912 0.564093 0.554711 0.553116 0.579027 0.560907 0.651216 0.564093 0.720365 0.572946 0.785714 0.579674 0.813830 0.587465 0.812310 0.594193 0.764438 0.596317 0.648936 0.599150 0.593465 0.592776 0.547872
0 0.588527 0.561550 0.582861 0.575228 0.583569 0.610182 0.597025 0.671733 0.603045 0.740122 0.606586 0.774316 0.611544 0.809271 0.626062 0.814590 0.632790 0.783435 0.628187 0.702128 0.629249 0.610182 0.629603 0.570669 0.619688 0.553191
0 0.667139 0.563830 0.662535 0.601824 0.677408 0.660334 0.706445 0.756079 0.718839 0.766717 0.739731 0.753799 0.747875 0.718085 0.737960 0.655775 0.725212 0.560030 0.713881 0.528116 0.692989 0.541033
