0 0.472222 0.372340 0.475035 0.443009 0.472222 0.520517 0.473980 0.572948 0.489451 0.585106 0.505626 0.553951 0.510197 0.501520 0.510900 0.450608 0.509142 0.384498 0.485935 0.357143
0 0.454993 0.374620 0.446203 0.420973 0.438819 0.503040 0.438819 0.591185 0.457806 0.596505 0.466948 0.546353 0.473980 0.460486 0.483826 0.386018 0.480309 0.363222
0 0.415612 0.389818 0.411041 0.446809 0.411041 0.520517 0.416315 0.575228 0.431786 0.581307 0.442335 0.575228 0.446906 0.520517 0.440577 0.439210 0.438115 0.374620 0.423699 0.370821
0 0.383966 0.425532 0.382208 0.495441 0.384669 0.567629 0.392757 0.613982 0.416315 0.600304 0.420886 0.565350 0.418073 0.493161 0.411744 0.440729 0.406470 0.409574 0.388537 0.408055
0 0.351617 0.430851 0.354079 0.485562 0.361463 0.596505 0.374824 0.641337 0.387482 0.626140 0.393812 0.571429 0.392053 0.518997 0.382911 0.436930 0.375879 0.405775 0.360408 0.415653
0 0.314346 0.448328 0.310127 0.510638 0.313643 0.581307 0.327004 0.639818 0.356892 0.633739 0.368495 0.616261 0.369550 0.563830 0.354079 0.505319 0.345992 0.468085 0.343179 0.450608 0.319972 0.415653
0 0.269339 0.456687 0.268636 0.522796 0.268636 0.572948 0.270394 0.610182 0.283052 0.633739 0.298172 0.629939 0.310830 0.620061 0.319972 0.600304 0.316456 0.550152 0.308017 0.509119 0.303797 0.452128 0.292897 0.417173
0 0.209916 0.425532 0.211674 0.452128 0.216245 0.491641 0.226090 0.547872 0.235935 0.569149 0.254923 0.579027 0.272152 0.579027 0.278481 0.544073 0.266526 0.503040 0.258439 0.475684 0.244023 0.419453 0.236990 0.401976
0 0.514768 0.388298 0.513713 0.430851 0.510900 0.487842 0.512658 0.537994 0.521800 0.579027 0.537975 0.557751 0.540788 0.530395 0.540788 0.471884 0.539733 0.417173 0.539030 0.380699
0 0.555204 0.380699 0.546062 0.411854 0.542546 0.454407 0.539733 0.516717 0.549930 0.547872 0.566104 0.553951 0.567862 0.505319 0.568565 0.458207 0.573136 0.425532 0.575949 0.388298 0.564346 0.367021
0 0.585091 0.386018 0.579466 0.417173 0.573136 0.464286 0.565049 0.501520 0.563291 0.555471 0.574895 0.577508 0.592124 0.571429 0.595640 0.546353 0.594937 0.506839 0.596695 0.456687 0.598453 0.417173 0.598453 0.405775 0.601969 0.378419
0 0.613924 0.392097 0.606540 0.436930 0.598453 0.496960 0.595640 0.530395 0.599508 0.586626 0.612166 0.585106 0.630098 0.528116 0.636428 0.470365 0.636428 0.427052 0.632911 0.398176
0 0.644515 0.384498 0.645218 0.436930 0.638186 0.485562 0.632911 0.510638 0.630098 0.565350 0.635373 0.582827 0.647328 0.581307 0.655415 0.534195 0.658931 0.481763 0.661744 0.409574 0.658931 0.386018
0 0.669831 0.417173 0.661744 0.468085 0.649789 0.553951 0.653305 0.598784 0.668073 0.602584 0.683193 0.591185 0.694093 0.550152 0.698664 0.487842 0.699367 0.434650
0 0.707454 0.423252 0.702180 0.475684 0.696906 0.518997 0.692335 0.572948 0.692335 0.596505 0.705696 0.620061 0.721167 0.620061 0.734529 0.606383 0.738397 0.565350 0.735584 0.546353 0.732068 0.505319 0.732068 0.471884 0.732068 0.423252 0.719409 0.409574
0 0.748945 0.427052 0.743671 0.462006 0.736287 0.515198 0.732771 0.555471 0.742616 0.582827 0.753516 0.588906 0.768987 0.565350 0.772504 0.537994 0.773558 0.484043 0.768987 0.430851
0 0.511955 0.600304 0.505626 0.598784 0.494023 0.604103 0.492264 0.631459 0.494023 0.670973 0.496484 0.723404 0.498242 0.768237 0.509142 0.832067 0.512658 0.783435 0.511955 0.721125 0.510900 0.668693
0 0.525316 0.596505 0.517229 0.606383 0.517229 0.641337 0.517229 0.680091 0.517229 0.719605 0.517229 0.775836 0.527426 0.828267 0.529887 0.765957 0.530942 0.715805 0.535513 0.648936 0.539733 0.610182
0 0.553446 0.596505 0.542546 0.612462 0.541842 0.657295 0.543601 0.692249 0.545359 0.733283 0.550633 0.791793 0.562588 0.809271 0.571378 0.774316 0.569620 0.717325 0.567862 0.664894 0.567862 0.623860
0 0.577004 0.602584 0.569620 0.612462 0.566807 0.639818 0.567862 0.702128 0.570675 0.764438 0.577707 0.822948 0.585795 0.799392 0.585795 0.754559 0.588608 0.696049 0.594937 0.639818 0.592124 0.606383
0 0.599508 0.612462 0.590366 0.612462 0.591421 0.639818 0.598453 0.682371 0.607595 0.734802 0.618143 0.813070 0.624473 0.809271 0.620253 0.744681 0.620253 0.696049 0.618143 0.648936 0.615682 0.616261
0 0.631857 0.641337 0.624473 0.643617 0.623769 0.682371 0.627286 0.734802 0.638186 0.791793 0.651547 0.805471 0.668073 0.789514 0.669831 0.756079 0.667018 0.731003 0.665260 0.707447 0.661744 0.667173 0.657173 0.643617 0.640999 0.636018
0 0.671589 0.636018 0.661744 0.643617 0.658931 0.684650 0.676160 0.729483 0.690577 0.775836 0.704993 0.783435 0.716596 0.769757 0.714838 0.727204 0.710267 0.682371 0.709212 0.657295 0.700422 0.641337
0 0.710267 0.631459 0.706751 0.645137 0.727496 0.727204 0.754571 0.787994 0.767932 0.764438 0.764416 0.715805 0.757032 0.670973 0.753516 0.629939 0.741913 0.606383 0.725738 0.613982
0 0.488397 0.606383 0.473277 0.598784 0.466948 0.608663 0.471519 0.662614 0.471519 0.702128 0.473980 0.783435 0.482068 0.809271 0.486639 0.756079 0.487693 0.689970 0.492264 0.629939
0 0.456048 0.598784 0.447961 0.622340 0.447961 0.657295 0.447961 0.713526 0.450774 0.814590 0.462377 0.830547 0.464135 0.762158 0.464135 0.682371
0 0.438115 0.600304 0.430028 0.604103 0.424402 0.645137 0.422644 0.693769 0.420886 0.769757 0.426160 0.826748 0.438819 0.795593 0.441632 0.743161 0.445148 0.668693
0 0.404712 0.620061 0.397328 0.626140 0.392757 0.672492 0.399086 0.754559 0.406470 0.813070 0.413502 0.822948 0.414557 0.748480 0.414557 0.682371 0.411744 0.631459
0 0.370253 0.631459 0.366034 0.668693 0.364979 0.760638 0.370253 0.816869 0.382208 0.756079 0.388537 0.693769 0.392053 0.655015 0.393812 0.631459
0 0.299930 0.631459 0.286568 0.658815 0.274965 0.727204 0.272855 0.791793 0.291139 0.779635 0.310127 0.743161 0.330872 0.686170 0.330872 0.647416
