0 0.465081 0.546107 0.479757 0.548156 0.485830 0.550205 0.487854 0.500000 0.480263 0.237705 0.464069 0.244877 0.465081 0.459016 0.463057 0.481557 0.462045 0.522541
0 0.439271 0.520492 0.443826 0.530738 0.449393 0.545082 0.456984 0.542008 0.460020 0.534836 0.462045 0.447746 0.457490 0.243852 0.436235 0.245902 0.442308 0.398566 0.442308 0.424180 0.439271 0.478484
0 0.413968 0.505123 0.426113 0.539959 0.435223 0.525615 0.442814 0.501025 0.444838 0.481557 0.440283 0.450820 0.429150 0.223361 0.412449 0.227459 0.412449 0.356557 0.413968 0.417008 0.413968 0.457992
0 0.376012 0.476434 0.393219 0.479508 0.398279 0.435451 0.393725 0.256148 0.381073 0.258197 0.373482 0.399590 0.371457 0.459016
0 0.336538 0.450820 0.350709 0.468238 0.360830 0.471311 0.365891 0.463115 0.370445 0.444672 0.372976 0.419057 0.391194 0.261270 0.351721 0.242828 0.342611 0.347336 0.340587 0.381148 0.337551 0.398566 0.330972 0.420082
0 0.293522 0.442623 0.312753 0.460041 0.325405 0.460041 0.335020 0.432377 0.335020 0.406762 0.335020 0.355533 0.331478 0.259221 0.297571 0.253074 0.299595 0.345287 0.298583 0.387295 0.290992 0.408811
0 0.490891 0.546107 0.513158 0.540984 0.513158 0.509221 0.511134 0.475410 0.510121 0.429303 0.498482 0.214139 0.484818 0.234631 0.488360 0.409836 0.488360 0.447746 0.485830 0.529713
0 0.517713 0.535861 0.533401 0.529713 0.534919 0.495902 0.533401 0.453893 0.531377 0.402664 0.527834 0.348361 0.527834 0.306352 0.523279 0.235656 0.510628 0.240779 0.505061 0.302254 0.505061 0.372951 0.510121 0.461066 0.513664 0.514344
0 0.537449 0.520492 0.534919 0.483607 0.531377 0.448770 0.531377 0.407787 0.533907 0.351434 0.523279 0.220287 0.542510 0.225410 0.555668 0.326844 0.560729 0.402664 0.558704 0.479508 0.556174 0.521516 0.544028 0.521516
0 0.559211 0.512295 0.550101 0.473361 0.550101 0.442623 0.542510 0.227459 0.558198 0.239754 0.573887 0.422131 0.578947 0.460041 0.585526 0.495902 0.576417 0.516393 0.571356 0.517418
0 0.580466 0.504098 0.573381 0.493852 0.571356 0.468238 0.570344 0.432377 0.566802 0.398566 0.570850 0.271516 0.581984 0.268443 0.591093 0.341189 0.591599 0.409836 0.597166 0.437500 0.599190 0.455943 0.601721 0.485656 0.601215 0.507172 0.595648 0.510246
0 0.595648 0.488730 0.591599 0.463115 0.589575 0.443648 0.591093 0.427254 0.593623 0.402664 0.594636 0.372951 0.596660 0.259221 0.633603 0.268443 0.631579 0.377049 0.627530 0.411885 0.629555 0.428279 0.635121 0.447746 0.640182 0.480533 0.637146 0.498975 0.627530 0.498975 0.623482 0.498975 0.621457 0.507172
0 0.647267 0.481557 0.654352 0.468238 0.658907 0.465164 0.665486 0.470287 0.670040 0.455943 0.670547 0.444672 0.670547 0.425205 0.669028 0.414959 0.660425 0.381148 0.647267 0.243852 0.631579 0.248975 0.629555 0.360656 0.629555 0.387295 0.631073 0.406762 0.629555 0.433402 0.631579 0.457992 0.636134 0.468238
0 0.684211 0.455943 0.672571 0.445697 0.667510 0.432377 0.664474 0.411885 0.664474 0.396516 0.656377 0.332992 0.643725 0.279713 0.656883 0.268443 0.671559 0.302254 0.679150 0.324795 0.685729 0.346311 0.690283 0.372951 0.694332 0.386270 0.702429 0.398566 0.703441 0.409836 0.700405 0.422131 0.694838 0.438525
0 0.493421 0.575820 0.511134 0.578893 0.512146 0.613730 0.511134 0.637295 0.507085 0.778689 0.497976 0.780738 0.492409 0.705943 0.492915 0.674180 0.492915 0.640369
0 0.510121 0.573770 0.517206 0.567623 0.530364 0.572746 0.532895 0.586066 0.530870 0.632172 0.527834 0.788934 0.518219 0.801230 0.510121 0.729508
0 0.530364 0.613730 0.526316 0.572746 0.535931 0.547131 0.553138 0.563525 0.555668 0.622951 0.565283 0.843238 0.546053 0.847336 0.537449 0.725410 0.533401 0.684426
0 0.553644 0.602459 0.546053 0.570697 0.558704 0.542008 0.576417 0.570697 0.575405 0.612705 0.589575 0.790984 0.576923 0.790984 0.558198 0.663934 0.555668 0.623975
0 0.580972 0.637295 0.573887 0.602459 0.571356 0.578893 0.573381 0.562500 0.586032 0.557377 0.593623 0.568648 0.596154 0.591189 0.602227 0.619877 0.609818 0.670082 0.610830 0.691598 0.608806 0.709016 0.601215 0.709016 0.595648 0.694672 0.589069 0.669057 0.584008 0.648566
0 0.475709 0.573770 0.495951 0.578893 0.493421 0.639344 0.495445 0.794057 0.481781 0.786885 0.474190 0.644467 0.474190 0.601434
0 0.457996 0.567623 0.476721 0.576844 0.475709 0.629098 0.472166 0.663934 0.470142 0.778689 0.456478 0.821721 0.451923 0.756148 0.454960 0.712090 0.455466 0.655738 0.454960 0.633197 0.454960 0.592213
0 0.430162 0.570697 0.444332 0.558402 0.452429 0.576844 0.456984 0.598361 0.451923 0.679303 0.446862 0.745902 0.443826 0.790984 0.425101 0.832992 0.413462 0.807377 0.419028 0.732582 0.419028 0.679303 0.424595 0.625000 0.426619 0.597336
0 0.399798 0.607582 0.399798 0.580943 0.403340 0.566598 0.414474 0.556352 0.418522 0.552254 0.430162 0.567623 0.424595 0.602459 0.419028 0.652664 0.414474 0.710041 0.399798 0.782787 0.386134 0.767418 0.394231 0.683402 0.397267 0.648566 0.398279 0.621926
0 0.357794 0.714139 0.361336 0.663934 0.364372 0.616803 0.368421 0.587090 0.373988 0.558402 0.383097 0.536885 0.398279 0.550205 0.401316 0.565574 0.392206 0.614754 0.384109 0.660861 0.380567 0.688525 0.377024 0.710041 0.369433 0.736680
0 0.299595 0.684426 0.305162 0.635246 0.316296 0.597336 0.323381 0.575820 0.327429 0.552254 0.330972 0.525615 0.335526 0.510246 0.342611 0.502049 0.361842 0.510246 0.377024 0.521516 0.380567 0.532787 0.379049 0.553279 0.368421 0.586066 0.361336 0.604508 0.352733 0.648566 0.343623 0.701844 0.317308 0.756148 0.295547 0.714139
0 0.262146 0.655738 0.292004 0.621926 0.302632 0.604508 0.315283 0.581967 0.323381 0.553279 0.330466 0.539959 0.335526 0.524590 0.335526 0.495902 0.320344 0.480533 0.315283 0.475410 0.299595 0.471311 0.287955 0.480533 0.283401 0.529713 0.274798 0.547131 0.269231 0.563525 0.257591 0.599385 0.250506 0.639344
