0 0.478022 0.536474 0.501374 0.537994 0.502404 0.490122 0.497940 0.448328 0.490385 0.310790 0.476992 0.311550 0.475275 0.381459 0.475962 0.434650 0.476648 0.459726 0.474245 0.471884 0.476648 0.522796
0 0.455701 0.531155 0.472184 0.534954 0.474588 0.522796 0.474245 0.461246 0.473901 0.432371 0.470467 0.317629 0.455701 0.321429 0.452953 0.424012 0.451923 0.473404 0.452610 0.502280 0.453640 0.524316
0 0.429258 0.534954 0.439904 0.521277 0.446085 0.497720 0.447115 0.473404 0.446085 0.436170 0.439217 0.294073 0.427541 0.300912 0.423764 0.395137 0.420673 0.436170 0.419986 0.470365 0.419986 0.499240 0.421016 0.512918
0 0.399382 0.495441 0.405563 0.511398 0.408654 0.517477 0.414835 0.514438 0.418269 0.504559 0.423420 0.497720 0.427541 0.493921 0.430632 0.461246 0.427885 0.362462 0.424451 0.288754 0.413118 0.289514 0.408997 0.391337 0.405220 0.430851 0.401442 0.462766
0 0.377747 0.487082 0.378777 0.493921 0.384272 0.504559 0.396635 0.506079 0.401786 0.490122 0.407967 0.488602 0.409684 0.459726 0.411401 0.413374 0.411401 0.372340 0.406937 0.292553 0.399038 0.295593 0.398008 0.343465 0.393887 0.374620 0.390797 0.400456 0.387706 0.415653 0.383929 0.420213 0.383585 0.429331 0.377404 0.478723
0 0.317995 0.471884 0.330701 0.471884 0.338599 0.477204 0.345467 0.476444 0.350962 0.473404 0.351648 0.465046 0.352679 0.441489 0.353022 0.400456 0.349588 0.400456 0.350275 0.381459 0.350962 0.370821 0.345467 0.285714 0.326580 0.291033 0.333104 0.338146 0.328297 0.373100 0.322115 0.406535 0.314904 0.411854 0.315247 0.433891 0.314217 0.462766
0 0.503091 0.534954 0.506868 0.535714 0.527473 0.531915 0.529190 0.519757 0.528159 0.480243 0.517857 0.291793 0.503091 0.297872 0.505151 0.440729 0.501030 0.490122 0.502060 0.515957
0 0.531250 0.476444 0.537431 0.503040 0.538118 0.522036 0.540179 0.529635 0.545673 0.528116 0.548420 0.515957 0.551168 0.499240 0.552541 0.474924 0.553915 0.442249 0.552885 0.421733 0.553571 0.398176 0.542926 0.286474 0.532624 0.290274 0.530563 0.394377 0.528159 0.436170 0.527473 0.444529
0 0.551511 0.434650 0.550481 0.463526 0.552541 0.482523 0.554602 0.495441 0.559753 0.506839 0.564904 0.515957 0.570055 0.520517 0.573489 0.512918 0.576580 0.497720 0.578640 0.478723 0.577266 0.449848 0.578297 0.400456 0.576236 0.348784 0.576236 0.320669 0.577953 0.257599 0.564904 0.256079 0.559066 0.333587 0.557005 0.372340 0.553228 0.398176 0.551511 0.424772
0 0.571085 0.500760 0.576580 0.501520 0.580357 0.496960 0.592033 0.518237 0.597527 0.493921 0.598901 0.467325 0.597871 0.432371 0.594437 0.373860 0.590659 0.269757 0.577953 0.271277 0.578640 0.347264 0.572115 0.382979 0.568681 0.409574 0.569025 0.446049 0.569025 0.477964
0 0.592376 0.497720 0.597527 0.495441 0.608516 0.508359 0.616415 0.503040 0.619849 0.477964 0.618475 0.446049 0.615728 0.390578 0.611607 0.295593 0.601992 0.301672 0.593407 0.398176 0.589286 0.436930 0.587569 0.458967 0.587912 0.491641
0 0.611264 0.452128 0.611264 0.482523 0.615385 0.496960 0.621223 0.497720 0.628434 0.504559 0.636676 0.491641 0.643887 0.501520 0.649038 0.499240 0.652473 0.482523 0.650069 0.459726 0.648352 0.436170 0.647665 0.413374 0.651442 0.351064 0.651786 0.313070 0.628777 0.305471 0.623283 0.368541 0.618475 0.398936 0.614011 0.430851
0 0.653503 0.486322 0.663462 0.496960 0.676511 0.480243 0.679945 0.480243 0.684753 0.468845 0.685096 0.442249 0.680288 0.420973 0.673420 0.344985 0.675824 0.282675 0.666209 0.277356 0.655907 0.349544 0.651442 0.395137 0.651442 0.429331 0.649038 0.459726 0.650755 0.478723
0 0.523352 0.560030 0.534684 0.556231 0.542239 0.560030 0.546016 0.575228 0.545673 0.590426 0.546360 0.626900 0.543613 0.747720 0.531593 0.744681 0.529190 0.632219 0.526099 0.630699 0.524038 0.599544
0 0.547047 0.562310 0.552885 0.557751 0.555288 0.548632 0.561470 0.548632 0.566621 0.558511 0.571429 0.571429 0.572115 0.594225 0.571772 0.605623 0.571085 0.622340 0.575893 0.696809 0.575206 0.766717 0.558036 0.768997 0.556319 0.691489 0.549794 0.651216 0.545673 0.607903 0.544299 0.580547
0 0.568338 0.571429 0.573489 0.547112 0.581731 0.539514 0.589629 0.544833 0.592376 0.554711 0.594780 0.599544 0.597527 0.636018 0.597527 0.661094 0.598214 0.759119 0.584821 0.759119 0.584821 0.664894 0.577266 0.629939 0.572115 0.598024 0.568681 0.580547
0 0.459478 0.558511 0.447459 0.544833 0.434409 0.556231 0.430975 0.573708 0.430632 0.598024 0.431662 0.619301 0.431662 0.641337 0.431662 0.709726 0.440247 0.797872 0.453297 0.795593 0.450549 0.702128 0.450549 0.683131 0.456044 0.649696 0.458104 0.632219 0.458448 0.618541 0.460508 0.565350
0 0.412431 0.550152 0.422047 0.544833 0.427541 0.544833 0.429945 0.550152 0.429602 0.561550 0.432692 0.569909 0.435096 0.580547 0.432692 0.601824 0.430288 0.607143 0.429258 0.632219 0.425137 0.664894 0.417239 0.766717 0.407280 0.761398 0.408654 0.685410 0.408654 0.614742 0.408654 0.581307
0 0.388393 0.541033 0.398352 0.539514 0.405220 0.546353 0.410371 0.544833 0.414492 0.553951 0.414148 0.571429 0.412088 0.586626 0.408654 0.598024 0.400412 0.634498 0.383929 0.750000 0.372596 0.744681 0.377747 0.618541 0.381868 0.586626
