0 0.469636 0.329918 0.473684 0.357582 0.473684 0.381148 0.472672 0.410861 0.469636 0.436475 0.469636 0.477459 0.469636 0.489754 0.476721 0.524590 0.487348 0.528689 0.493927 0.528689 0.494939 0.494877 0.490891 0.445697 0.488360 0.408811 0.489372 0.357582 0.488360 0.329918
0 0.452935 0.331967 0.452935 0.357582 0.452429 0.381148 0.448381 0.408811 0.447368 0.447746 0.447368 0.479508 0.445344 0.505123 0.447368 0.519467 0.463057 0.520492 0.469636 0.515369 0.470648 0.471311 0.467611 0.404713 0.467611 0.379098 0.469636 0.338115 0.468623 0.319672
0 0.445344 0.325820 0.441296 0.338115 0.439777 0.366803 0.436741 0.392418 0.431680 0.414959 0.427126 0.436475 0.422065 0.475410 0.426113 0.505123 0.441296 0.494877 0.447368 0.457992 0.447368 0.402664 0.449393 0.347336
0 0.424089 0.314549 0.422065 0.338115 0.419028 0.363730 0.414474 0.375000 0.410425 0.391393 0.405364 0.412910 0.402328 0.438525 0.398785 0.462090 0.398785 0.493852 0.407389 0.496926 0.421053 0.485656 0.427632 0.457992 0.429656 0.426230 0.434717 0.385246 0.439777 0.340164 0.441296 0.315574
0 0.392713 0.294057 0.390688 0.306352 0.389676 0.327869 0.386134 0.351434 0.384109 0.385246 0.383097 0.406762 0.385121 0.430328 0.374494 0.445697 0.362854 0.445697 0.351215 0.440574 0.348178 0.422131 0.349190 0.394467 0.352733 0.366803 0.356781 0.329918 0.356781 0.261270 0.382085 0.257172 0.393725 0.263320
0 0.329453 0.242828 0.327429 0.270492 0.323887 0.292008 0.315789 0.308402 0.308198 0.334016 0.305162 0.353484 0.305162 0.375000 0.305162 0.392418 0.312247 0.410861 0.332490 0.414959 0.341093 0.400615 0.344130 0.366803 0.349190 0.317623 0.354757 0.274590 0.352733 0.253074
0 0.503543 0.310451 0.498988 0.351434 0.495951 0.420082 0.493927 0.464139 0.493927 0.493852 0.503036 0.522541 0.513664 0.517418 0.516194 0.479508 0.515688 0.426230 0.515688 0.361680 0.516194 0.304303
0 0.526316 0.300205 0.522267 0.334016 0.519231 0.365779 0.517206 0.402664 0.518219 0.462090 0.522267 0.498975 0.530870 0.513320 0.536943 0.511270 0.539980 0.487705 0.539980 0.442623 0.538968 0.396516 0.541498 0.304303 0.540992 0.276639
0 0.543522 0.288934 0.540992 0.325820 0.536943 0.379098 0.536943 0.417008 0.539980 0.464139 0.545547 0.501025 0.553644 0.515369 0.558198 0.473361 0.558198 0.424180 0.560223 0.351434 0.562247 0.296107 0.560223 0.268443
0 0.566802 0.306352 0.563259 0.343238 0.561235 0.404713 0.559211 0.455943 0.564271 0.493852 0.571862 0.481557 0.576923 0.443648 0.577935 0.410861 0.577935 0.368852 0.578947 0.302254 0.580466 0.274590
0 0.580466 0.280738 0.578947 0.317623 0.576923 0.359631 0.575911 0.392418 0.585526 0.468238 0.602227 0.483607 0.605769 0.466189 0.601215 0.418033 0.596154 0.379098 0.596154 0.338115 0.596154 0.288934 0.596154 0.264344
0 0.596154 0.289959 0.595142 0.336066 0.596154 0.361680 0.601215 0.398566 0.604251 0.449795 0.604757 0.477459 0.616903 0.485656 0.630061 0.445697 0.632085 0.428279 0.633097 0.402664 0.627530 0.349385 0.618421 0.286885 0.616903 0.251025 0.599190 0.266393 0.595142 0.327869
0 0.502024 0.698770 0.496964 0.667008 0.494939 0.622951 0.492915 0.586066 0.490385 0.566598 0.498988 0.566598 0.500000 0.590164 0.500000 0.619877 0.502024 0.648566 0.503036 0.669057
0 0.522267 0.692623 0.523279 0.673156 0.523279 0.633197 0.524291 0.601434 0.524291 0.579918 0.516194 0.573770 0.509615 0.586066 0.509615 0.607582 0.510628 0.633197 0.513664 0.658811
0 0.542510 0.698770 0.543522 0.680328 0.542510 0.637295 0.543522 0.603484 0.544534 0.575820 0.545547 0.554303 0.529858 0.546107 0.529858 0.577869 0.529858 0.615779 0.529858 0.645492 0.532895 0.696721
0 0.573887 0.714139 0.570850 0.684426 0.567814 0.647541 0.568826 0.609631 0.572874 0.579918 0.570850 0.552254 0.562247 0.538934 0.548583 0.545082 0.546559 0.570697 0.551619 0.597336 0.555162 0.617828 0.557186 0.650615 0.564271 0.682377
0 0.606781 0.678279 0.604251 0.648566 0.599190 0.611680 0.596154 0.586066 0.592105 0.554303 0.590587 0.530738 0.574899 0.517418 0.568826 0.528689 0.566802 0.543033 0.570850 0.577869 0.576923 0.601434 0.582490 0.631148 0.590587 0.662910
0 0.652834 0.627049 0.655364 0.613730 0.656377 0.594262 0.652834 0.571721 0.641194 0.538934 0.633097 0.517418 0.626518 0.505123 0.617409 0.487705 0.606781 0.481557 0.599190 0.491803 0.592105 0.509221 0.589575 0.520492 0.594130 0.550205 0.602227 0.564549 0.609818 0.577869 0.623482 0.599385 0.629555 0.613730
0 0.682692 0.556352 0.677126 0.532787 0.657389 0.489754 0.652834 0.471311 0.649798 0.438525 0.639170 0.434426 0.626518 0.453893 0.625506 0.469262 0.623482 0.491803 0.631073 0.515369 0.643725 0.530738 0.655364 0.552254 0.668016 0.570697 0.676113 0.577869
0 0.487348 0.718238 0.488360 0.690574 0.490385 0.647541 0.490385 0.617828 0.490385 0.594262 0.485324 0.568648 0.475709 0.566598 0.474696 0.592213 0.473684 0.613730 0.475709 0.641393 0.477733 0.658811 0.477733 0.699795
0 0.469636 0.707992 0.472672 0.658811 0.472672 0.622951 0.472672 0.579918 0.472672 0.558402 0.461032 0.564549 0.452935 0.590164 0.452429 0.622951 0.453947 0.641393 0.455972 0.674180 0.456984 0.712090
0 0.443320 0.707992 0.445344 0.686475 0.449393 0.660861 0.453947 0.629098 0.456984 0.586066 0.459008 0.568648 0.459008 0.550205 0.445344 0.538934 0.435729 0.548156 0.434717 0.571721 0.432692 0.601434 0.432692 0.625000 0.432692 0.660861 0.432692 0.680328 0.432692 0.705943
0 0.303138 0.590164 0.314777 0.575820 0.338563 0.546107 0.353745 0.524590 0.360830 0.505123 0.358806 0.479508 0.340081 0.451844 0.332490 0.445697 0.316802 0.466189 0.306174 0.489754 0.297571 0.520492 0.288462 0.548156 0.285931 0.575820
0 0.253543 0.536885 0.268219 0.522541 0.288462 0.498975 0.309211 0.481557 0.321862 0.457992 0.319838 0.432377 0.296559 0.412910 0.282895 0.402664 0.258603 0.447746 0.245951 0.483607 0.240891 0.511270
