0 0.470752 0.416223 0.472841 0.434176 0.473886 0.482713 0.465877 0.526596 0.464136 0.578457 0.470752 0.606383 0.502786 0.611702 0.502786 0.595080 0.494081 0.445479 0.488162 0.410239
0 0.435933 0.410239 0.432103 0.517287 0.429318 0.541888 0.431058 0.600399 0.449513 0.600399 0.463092 0.580452 0.460306 0.541888 0.456476 0.452793 0.453343 0.406915
0 0.407033 0.395612 0.404248 0.504654 0.396240 0.550532 0.395543 0.599069 0.409819 0.602394 0.425487 0.558511 0.425487 0.525266 0.429318 0.388298
0 0.378830 0.380984 0.365599 0.552527 0.373259 0.595080 0.396240 0.573138 0.402159 0.388298
0 0.342270 0.378989 0.334610 0.545213 0.341226 0.583777 0.357591 0.582447 0.368384 0.554521 0.364554 0.384309
0 0.303621 0.397606 0.295961 0.511968 0.283078 0.565824 0.295961 0.583777 0.329735 0.597074 0.336351 0.541888 0.338440 0.423537 0.336351 0.380984
0 0.268802 0.382979 0.256964 0.490027 0.251393 0.519282 0.253134 0.537899 0.264972 0.552527 0.276462 0.552527 0.285167 0.541888 0.292827 0.500665 0.293872 0.469415 0.291783 0.440160 0.291783 0.417553 0.292827 0.388298
0 0.261838 0.331117 0.246518 0.349734 0.237813 0.353059 0.219359 0.386303 0.222145 0.442154 0.240599 0.449468 0.258008 0.440160 0.263928 0.426862 0.273677 0.408910 0.281337 0.390293 0.287953 0.376995 0.286212 0.355053 0.275418 0.336436
0 0.579039 0.410239 0.571379 0.525266 0.572423 0.576463 0.603412 0.600399 0.606198 0.589761 0.618036 0.543218 0.603412 0.384309 0.599582 0.353059 0.579039 0.357048
0 0.651811 0.378989 0.631267 0.541888 0.642061 0.569149 0.666086 0.582447 0.674791 0.537899 0.669220 0.390293 0.669220 0.380984
0 0.669220 0.380984 0.681755 0.561835 0.709610 0.565824 0.719359 0.539894 0.717618 0.454787 0.714485 0.388298 0.714485 0.388298 0.714485 0.369681
0 0.723189 0.364362 0.713788 0.490027 0.719359 0.552527 0.736769 0.559840 0.747563 0.539894 0.753134 0.525266 0.760097 0.497340 0.758008 0.471410 0.752437 0.449468 0.749304 0.432846 0.748607 0.406915 0.748607 0.386303 0.748607 0.366356 0.733983 0.362367
0 0.759053 0.362367 0.759053 0.375665 0.759053 0.392287 0.761142 0.456782 0.763928 0.480718 0.772632 0.532580 0.794916 0.525266 0.804666 0.495346 0.790042 0.406915 0.780292 0.340426
0 0.558844 0.787234 0.534819 0.666888 0.543524 0.630319 0.564763 0.648936 0.564763 0.666888 0.571379 0.720745 0.575209 0.783245 0.577298 0.803856 0.564763 0.816489 0.558844 0.815160
0 0.574513 0.628324 0.574513 0.641622 0.567549 0.682181 0.573468 0.702128 0.579039 0.722739 0.583914 0.774601 0.589833 0.801862 0.598538 0.774601 0.596448 0.742686 0.594708 0.715426 0.592618 0.648936
0 0.605153 0.621011 0.587047 0.628324 0.587047 0.648936 0.591922 0.692819 0.601323 0.737367 0.603412 0.757979 0.609331 0.787234 0.618036 0.813165 0.633357 0.831782 0.637187 0.813165 0.631267 0.770612 0.628482 0.744681 0.626741 0.724734 0.623607 0.696809 0.623607 0.663564 0.621866 0.632314
0 0.660515 0.785239 0.650766 0.755984 0.642061 0.732048 0.639972 0.715426 0.637187 0.696809 0.631267 0.680186 0.626741 0.659574 0.624652 0.639628 0.627437 0.619016 0.648677 0.630319 0.657382 0.656250 0.659471 0.674867 0.661560 0.696809 0.661560 0.716755 0.664345 0.733378 0.670265 0.757979 0.673050 0.779920 0.674791 0.807846 0.665390 0.803856
0 0.732939 0.781915 0.717618 0.768617 0.710655 0.751995 0.706825 0.726064 0.701950 0.698803 0.697075 0.682181 0.689415 0.668883 0.684540 0.654255 0.676880 0.630319 0.680710 0.615691 0.690460 0.602394 0.705780 0.599069 0.717618 0.597074 0.731894 0.599069 0.732939 0.635638 0.735724 0.659574 0.742688 0.683511 0.749304 0.702128 0.757312 0.732048 0.759053 0.759309
0 0.786212 0.739362 0.766713 0.715426 0.756267 0.685505 0.752437 0.668883 0.743733 0.656250 0.735028 0.639628 0.731894 0.628324 0.731894 0.613697 0.735028 0.597074 0.751393 0.575133 0.770543 0.578457 0.777507 0.602394 0.787256 0.621011 0.791086 0.633644 0.796657 0.661569 0.806407 0.685505 0.811281 0.700133 0.813370 0.715426 0.803621 0.739362
0 0.836351 0.665559 0.818942 0.537899 0.793872 0.554521 0.775418 0.575133 0.779248 0.608378 0.786212 0.641622 0.797702 0.663564 0.813370 0.687500 0.825905 0.706117 0.836351 0.689495
0 0.539694 0.783245 0.532730 0.683511 0.526811 0.637633 0.500696 0.639628 0.505571 0.694814 0.508705 0.720745 0.517409 0.768617 0.520195 0.791223
0 0.475627 0.628324 0.467967 0.641622 0.466922 0.663564 0.471797 0.692819 0.472841 0.718750 0.472841 0.759309 0.475627 0.798537 0.491295 0.813165 0.495125 0.787234 0.496866 0.750000 0.497911 0.724734 0.501741 0.683511 0.501741 0.650266 0.491295 0.632314
0 0.448468 0.623005 0.441852 0.626330 0.433148 0.639628 0.430362 0.661569 0.430362 0.683511 0.430362 0.713431 0.429318 0.746676 0.426532 0.785239 0.427228 0.822473 0.439067 0.829787 0.446727 0.799867 0.451602 0.775931 0.458217 0.753989 0.464136 0.720745 0.466922 0.687500 0.465877 0.665559 0.464136 0.639628
0 0.423398 0.626330 0.409819 0.628324 0.401114 0.639628 0.398329 0.676197 0.401114 0.709441 0.401114 0.735372 0.401114 0.766622 0.397284 0.805851 0.404248 0.827793 0.413649 0.811170 0.416783 0.774601 0.422354 0.733378 0.426532 0.698803 0.431058 0.659574
0 0.394499 0.628324 0.378830 0.617021 0.361421 0.625000 0.363510 0.646941 0.363510 0.672872 0.361421 0.713431 0.361421 0.741356 0.358635 0.779920 0.355850 0.811170 0.374304 0.827793 0.380919 0.799867 0.383008 0.759309 0.387535 0.732048 0.391713 0.704122 0.394499 0.674867
0 0.277507 0.593085 0.268802 0.604388 0.262883 0.625000 0.256964 0.654255 0.250348 0.683511 0.237813 0.716755 0.235028 0.733378 0.250348 0.770612 0.264972 0.766622 0.294916 0.726064 0.311281 0.665559 0.317897 0.615691 0.305362 0.600399 0.288997 0.593085
