0 0.505961 0.309271 0.502805 0.443009 0.496844 0.499240 0.499299 0.526596 0.530505 0.517477 0.530505 0.487842 0.528401 0.449848 0.530505 0.304711
0 0.535414 0.307751 0.545231 0.311550 0.548738 0.393617 0.551893 0.449088 0.553997 0.453647 0.556452 0.467325 0.556101 0.486322 0.555400 0.496960 0.553296 0.504559 0.549439 0.506839 0.545231 0.507599 0.540323 0.509119 0.533661 0.507599 0.528401 0.493161 0.530505 0.460486
0 0.574684 0.300912 0.563114 0.455927 0.558205 0.455167 0.561360 0.500000 0.570477 0.506079 0.578191 0.515198 0.587658 0.504559 0.588359 0.487082 0.592567 0.301672
0 0.589060 0.298632 0.611851 0.301672 0.616059 0.482523 0.608345 0.503040 0.606241 0.508359 0.597826 0.503799 0.593268 0.495441 0.586606 0.495441 0.582048 0.483283 0.586957 0.436170
0 0.614656 0.295593 0.631136 0.297112 0.636045 0.428571 0.638499 0.458207 0.636396 0.488602 0.631136 0.498480 0.623072 0.491641 0.616410 0.491641 0.612202 0.480243 0.609397 0.457447 0.611150 0.428571
0 0.642707 0.287234 0.673212 0.293313 0.666199 0.426292 0.670757 0.451368 0.668303 0.490122 0.663394 0.490122 0.656732 0.483283 0.648668 0.493921 0.643759 0.493161 0.639902 0.487842 0.636396 0.477204 0.638149 0.443769 0.639551 0.382219
0 0.673562 0.291793 0.704418 0.297872 0.699509 0.410334 0.702314 0.446049 0.703015 0.487842 0.690042 0.506079 0.673913 0.503799 0.668303 0.484802 0.667952 0.465805 0.671459 0.436170 0.673212 0.395897
0 0.461080 0.316869 0.486325 0.319909 0.491585 0.453647 0.497896 0.498480 0.496494 0.515957 0.485624 0.522796 0.470547 0.521277 0.463534 0.519757 0.465989 0.475684 0.467391 0.445289 0.464236 0.372340 0.460729 0.324468
0 0.443899 0.326748 0.463184 0.325228 0.461431 0.441489 0.463534 0.490881 0.463184 0.518997 0.454067 0.521277 0.441094 0.515957 0.438990 0.497720 0.441445 0.436930 0.446704 0.379179 0.438990 0.332827
0 0.413043 0.319149 0.437237 0.321429 0.437588 0.392097 0.439691 0.455927 0.437938 0.512918 0.432328 0.519757 0.420056 0.518237 0.412342 0.516717 0.410589 0.494681 0.411992 0.432371 0.410589 0.370821 0.412342 0.341185 0.412693 0.326748
0 0.388850 0.322948 0.410589 0.324468 0.413043 0.443769 0.416550 0.481763 0.414095 0.506079 0.413394 0.509878 0.406732 0.503040 0.399018 0.514438 0.394811 0.520517 0.386746 0.508359 0.389551 0.464286 0.393058 0.392857 0.392356 0.348784
0 0.363955 0.321429 0.383240 0.319149 0.388850 0.391337 0.391304 0.461246 0.394109 0.482523 0.394109 0.496201 0.394109 0.510638 0.390252 0.515198 0.386746 0.512158 0.382539 0.510638 0.378682 0.508359 0.374474 0.520517 0.368864 0.516717 0.366059 0.501520 0.366760 0.455927 0.367461 0.361702
0 0.328191 0.313830 0.362202 0.314590 0.369916 0.471125 0.372370 0.496960 0.367461 0.518237 0.360449 0.528875 0.353787 0.521277 0.347826 0.517477 0.347125 0.521277 0.343619 0.525076 0.340112 0.518237 0.335203 0.528875 0.332048 0.519757 0.334502 0.481763 0.333801 0.462766 0.334853 0.357143
0 0.301543 0.304711 0.332398 0.306231 0.336255 0.420213 0.336255 0.510638 0.323983 0.537234 0.309958 0.523556 0.299439 0.527356 0.296283 0.504559 0.300491 0.449088
0 0.494741 0.542553 0.514025 0.542553 0.514025 0.560790 0.510168 0.741641 0.493689 0.726444 0.499649 0.634498 0.494039 0.552432
0 0.516480 0.542553 0.535764 0.541033 0.537518 0.575988 0.530154 0.756839 0.512272 0.743921 0.518583 0.623860 0.515778 0.563830
0 0.543478 0.530395 0.537518 0.547872 0.536115 0.719605 0.534712 0.772036 0.552244 0.783435 0.562062 0.761398 0.561010 0.658055 0.561010 0.594985 0.559958 0.556231 0.555400 0.538754
0 0.573633 0.536474 0.565217 0.544073 0.564516 0.549392 0.562763 0.567629 0.563815 0.592705 0.561010 0.769757 0.583450 0.771277 0.583100 0.604103 0.589060 0.587386 0.591164 0.566109 0.585203 0.550912 0.579243 0.533435
0 0.610098 0.536474 0.603436 0.553951 0.599229 0.553951 0.593969 0.554711 0.590813 0.554711 0.586255 0.560790 0.586606 0.574468 0.590112 0.591185 0.593969 0.614742 0.596073 0.795593 0.629734 0.794073 0.628682 0.613982 0.623773 0.568389 0.618513 0.543313
0 0.619565 0.541033 0.629734 0.534195 0.639902 0.531915 0.651122 0.529635 0.656381 0.534195 0.659187 0.544833 0.659537 0.559271 0.659537 0.576748 0.661290 0.613222 0.673913 0.734802 0.640954 0.742401 0.632539 0.646657 0.625175 0.590426 0.624123 0.573708 0.622721 0.554711
0 0.470547 0.541033 0.492637 0.544833 0.491935 0.724164 0.490884 0.735562 0.476858 0.734802 0.474404 0.598784
0 0.449860 0.546353 0.456522 0.544833 0.461781 0.543313 0.468443 0.544073 0.471599 0.545593 0.476157 0.745441 0.460028 0.745441 0.453015 0.627660 0.453717 0.608663 0.447756 0.581307 0.448808 0.560030
0 0.432679 0.547112 0.425666 0.560790 0.425666 0.586626 0.430575 0.762158 0.454769 0.777356 0.453717 0.636018 0.455470 0.610942 0.453366 0.591185 0.447055 0.567629 0.447055 0.555471 0.449860 0.544833 0.438990 0.542553
0 0.403226 0.549392 0.397616 0.566869 0.396213 0.576748 0.403226 0.632979 0.407083 0.755319 0.430926 0.760638 0.423562 0.616261 0.422160 0.567629 0.414446 0.553191 0.407083 0.550152
0 0.379383 0.550912 0.383590 0.556991 0.386396 0.561550 0.394811 0.566109 0.402174 0.570669 0.405330 0.756079 0.368163 0.740122 0.372370 0.585106 0.374825 0.560030
0 0.350982 0.560030 0.357644 0.558511 0.365358 0.558511 0.369215 0.563830 0.376227 0.569909 0.379734 0.570669 0.365708 0.767477 0.317321 0.751520 0.337658 0.626900 0.336957 0.585106 0.338359 0.562310 0.343619 0.556991
