0 0.498586 0.652736 0.495757 0.407295 0.474894 0.417173 0.469590 0.574468 0.464993 0.650456
0 0.464993 0.654255 0.470297 0.576748 0.474187 0.405015 0.454031 0.405015 0.449434 0.545593 0.440594 0.627660
0 0.437765 0.627660 0.448727 0.547112 0.456860 0.373860 0.429632 0.368541 0.419731 0.569149 0.422207 0.609422
0 0.397808 0.563070 0.409477 0.533435 0.414074 0.360182 0.393211 0.354863 0.384371 0.444529 0.384371 0.508359 0.374116 0.541793 0.380481 0.572948
0 0.371641 0.543313 0.386846 0.506839 0.384371 0.448328 0.396040 0.337386 0.367044 0.325228 0.347949 0.448328 0.338048 0.520517 0.353607 0.537994
0 0.338755 0.512158 0.347242 0.457447 0.365983 0.300152 0.344413 0.286474 0.322489 0.383739 0.297383 0.459726
0 0.295262 0.467325 0.323550 0.387538 0.345120 0.286474 0.325318 0.272796 0.265559 0.395137
0 0.498586 0.654255 0.498586 0.417173 0.518388 0.413374 0.532178 0.642857
0 0.530410 0.645137 0.517680 0.407295 0.541018 0.403495 0.556577 0.621581
0 0.555516 0.627660 0.541018 0.381459 0.561174 0.373860 0.584512 0.596505
0 0.601839 0.549392 0.591938 0.377660 0.567539 0.397416 0.578147 0.553191 0.583805 0.580547
0 0.601132 0.570669 0.593706 0.376140 0.619165 0.372340 0.626238 0.490881 0.636492 0.560790 0.620934 0.590426
0 0.636492 0.560790 0.625530 0.520517 0.616337 0.319149 0.651697 0.313830 0.666195 0.459726 0.683522 0.528116
0 0.691655 0.518237 0.678925 0.515957 0.669024 0.467325 0.649929 0.310030 0.679986 0.290274 0.690594 0.372340 0.705092 0.422492 0.722419 0.465805
0 0.733380 0.465805 0.700849 0.424772 0.669024 0.292553 0.689887 0.265198 0.757072 0.368541
0 0.495757 0.656535 0.501061 0.873100 0.524045 0.864742 0.514851 0.650456
0 0.515559 0.652736 0.522984 0.859422 0.542786 0.860942 0.535714 0.654255
0 0.537482 0.648936 0.541018 0.757599 0.558345 0.874620 0.583805 0.855623 0.561881 0.681611 0.553748 0.636778
0 0.556577 0.632979 0.585573 0.851064 0.603607 0.833587 0.589109 0.674012 0.580976 0.613982
0 0.582037 0.613982 0.609972 0.832067 0.638260 0.804711 0.613508 0.590426 0.594767 0.590426
0 0.631895 0.605623 0.721711 0.761398 0.736917 0.685410 0.698020 0.588146 0.677157 0.537994 0.640736 0.563070
0 0.673621 0.533435 0.699788 0.591945 0.743281 0.685410 0.777935 0.625380 0.722419 0.471125
0 0.495757 0.654255 0.502122 0.878419 0.477723 0.880699 0.478430 0.648936
0 0.477723 0.654255 0.478430 0.869301 0.457567 0.864742 0.455092 0.707447 0.460396 0.650456
0 0.461457 0.656535 0.455092 0.711246 0.455092 0.867021 0.426803 0.864742 0.429632 0.718845 0.441301 0.639058
0 0.441301 0.631459 0.430339 0.705167 0.422207 0.837386 0.398868 0.824468 0.410537 0.676292 0.414074 0.632979 0.423267 0.605623
0 0.423267 0.607903 0.386846 0.800912 0.364215 0.781155 0.386139 0.652736 0.392504 0.594225 0.409477 0.580547
0 0.361740 0.549392 0.382603 0.559271 0.386139 0.576748 0.398868 0.570669 0.401344 0.590426 0.354314 0.784954 0.315417 0.730243 0.351485 0.601824
0 0.312588 0.724924 0.365276 0.549392 0.330622 0.500760 0.315417 0.535714 0.278289 0.674012
0 0.278996 0.676292 0.328854 0.498480 0.285361 0.449848 0.241160 0.623100
