0 0.529637 0.604388 0.531032 0.641622 0.520921 0.648936 0.498605 0.646277 0.487448 0.644947 0.482915 0.612367 0.490586 0.582447 0.493026 0.525266 0.495467 0.486702 0.495467 0.461436 0.501395 0.443484 0.526499 0.452793 0.531729 0.547207
0 0.455718 0.585771 0.451185 0.609043 0.454324 0.629654 0.463738 0.648936 0.479079 0.644947 0.488145 0.630984 0.486053 0.588431 0.486750 0.566489 0.488494 0.494016 0.484658 0.444814 0.475941 0.427527 0.465132 0.427527 0.453278 0.446809 0.457462 0.484707 0.461297 0.521941
0 0.419456 0.571144 0.418759 0.601729 0.419456 0.630984 0.437936 0.646277 0.446653 0.642952 0.456764 0.617686 0.453278 0.577793 0.450488 0.547207 0.443515 0.482048 0.440377 0.449468 0.436541 0.425532 0.418759 0.421543 0.411785 0.444814
0 0.389819 0.584441 0.386681 0.606383 0.387727 0.625665 0.396792 0.644282 0.414923 0.641622 0.426430 0.624335 0.427824 0.603059 0.420851 0.569149 0.415621 0.531250 0.408647 0.472074 0.403068 0.448138 0.392259 0.440824 0.384589 0.436170 0.380056 0.439495
0 0.360530 0.564495 0.357392 0.630984 0.373780 0.650931 0.381450 0.650266 0.394003 0.613697 0.388424 0.569149 0.385983 0.541223 0.387029 0.517287 0.383543 0.461436 0.376918 0.439495 0.364365 0.436170 0.359833 0.455452 0.362622 0.520612
0 0.319386 0.570479 0.310321 0.584441 0.307183 0.610372 0.321130 0.632979 0.334379 0.644282 0.347280 0.644947 0.357392 0.637633 0.359833 0.615027 0.359833 0.575133 0.363668 0.544548 0.366806 0.508644 0.362622 0.465426 0.359135 0.448138 0.346583 0.434840 0.339609 0.432181 0.323222 0.449468 0.319386 0.468750 0.318689 0.486702 0.322524 0.519282
0 0.268480 0.555851 0.258368 0.594415 0.264644 0.609043 0.279289 0.617686 0.300209 0.625665 0.316946 0.613697 0.318689 0.582447 0.317294 0.555851 0.326360 0.514628 0.323222 0.489362 0.313459 0.461436 0.304742 0.458112 0.289052 0.456782 0.274407 0.479388 0.271618 0.513298 0.273013 0.533910
0 0.527894 0.589761 0.529289 0.634309 0.529289 0.656250 0.565202 0.652261 0.573570 0.631649 0.571478 0.588431 0.570432 0.521941 0.574268 0.484707 0.575314 0.460106 0.570432 0.428856 0.558926 0.424202 0.546374 0.449468 0.540098 0.496676
0 0.571478 0.595745 0.569735 0.632979 0.577406 0.647606 0.589261 0.647606 0.603208 0.637633 0.603905 0.613697 0.599372 0.555851 0.600070 0.509973 0.607741 0.476064 0.607043 0.446809 0.595188 0.439495 0.580544 0.458112 0.576011 0.491356 0.574965 0.526596
0 0.600070 0.572473 0.596932 0.595745 0.603208 0.636968 0.613319 0.644282 0.626220 0.636968 0.632497 0.607713 0.634240 0.572473 0.643305 0.491356 0.643305 0.464096 0.637727 0.428856 0.627266 0.421543 0.618550 0.437500 0.619247 0.462766 0.609135 0.508644 0.599372 0.557846
0 0.624128 0.572473 0.617852 0.588431 0.617852 0.616356 0.630056 0.637633 0.652720 0.647606 0.658996 0.619681 0.659693 0.597074 0.668061 0.541223 0.670502 0.517287 0.673640 0.498670 0.674338 0.476064 0.669805 0.456782 0.650976 0.466090 0.642608 0.523271
0 0.658996 0.578457 0.655858 0.594415 0.655858 0.616356 0.658647 0.635638 0.664923 0.644947 0.678173 0.650931 0.682008 0.647606 0.688982 0.629654 0.688285 0.599069 0.688982 0.572473 0.691423 0.523271 0.691423 0.492686 0.691423 0.465426 0.691423 0.450798 0.682706 0.431516 0.673640 0.444814 0.672594 0.462766 0.669805 0.496676 0.665969 0.538564
0 0.686541 0.584441 0.685844 0.609043 0.682706 0.635638 0.684449 0.653590 0.714435 0.654920 0.723152 0.650931 0.728731 0.641622 0.731520 0.616356 0.728731 0.593085 0.721409 0.565160 0.719317 0.532580 0.718619 0.509973 0.720014 0.480718 0.719317 0.458777 0.706067 0.434840 0.696653 0.430186 0.686541 0.448138 0.688285 0.511303
0 0.723152 0.576463 0.726290 0.597739 0.732218 0.626995 0.744073 0.636968 0.760112 0.631649 0.768131 0.619681 0.771967 0.603059 0.768828 0.569149 0.755579 0.547207 0.749651 0.527926 0.743375 0.476064 0.740934 0.450798 0.728731 0.448138 0.718271 0.488032 0.719317 0.531250
0 0.756625 0.536569 0.764993 0.571144 0.772664 0.599069 0.782078 0.612367 0.793584 0.595745 0.806137 0.561835 0.796025 0.519282 0.788006 0.485372 0.781032 0.449468 0.772664 0.438830 0.757322 0.444814 0.756276 0.513298
0 0.520921 0.660904 0.520921 0.710771 0.524756 0.743351 0.524059 0.798537 0.533473 0.847074 0.547420 0.855718 0.555091 0.835106 0.549512 0.740691 0.549512 0.684176 0.549512 0.670878 0.534868 0.658245
0 0.548815 0.666888 0.546374 0.686170 0.551255 0.716755 0.554045 0.768617 0.555788 0.815824 0.561367 0.860372 0.580544 0.869016 0.585077 0.832447 0.578103 0.777261 0.578103 0.715426 0.578103 0.666888 0.569038 0.654920 0.557531 0.654920
0 0.579149 0.659574 0.576011 0.670878 0.582985 0.742021 0.585425 0.820479 0.585425 0.841090 0.591353 0.866356 0.607043 0.867686 0.613319 0.830452 0.608438 0.724734 0.610181 0.686170 0.608438 0.657580 0.596234 0.647606
0 0.614017 0.675532 0.608438 0.688830 0.606346 0.718085 0.609135 0.746676 0.616109 0.815824 0.617155 0.849734 0.626220 0.876330 0.637727 0.875000 0.645746 0.853059 0.641911 0.780585 0.641213 0.708112 0.640865 0.675532 0.633891 0.657580 0.620990 0.664229
0 0.640167 0.670878 0.633891 0.688830 0.637727 0.721410 0.649582 0.793883 0.660391 0.853059 0.665621 0.875000 0.678870 0.876330 0.687587 0.863032 0.677476 0.773271 0.672594 0.712766 0.674338 0.675532 0.665621 0.662234 0.646444 0.658245
0 0.699093 0.677527 0.693515 0.716755 0.706067 0.749335 0.716179 0.786569 0.741632 0.820479 0.758717 0.836436 0.782078 0.841090 0.792190 0.832447 0.797420 0.796543 0.784519 0.764628 0.753487 0.709441 0.748605 0.684176 0.730823 0.650266 0.718619 0.656250
0 0.740934 0.644947 0.742329 0.677527 0.754184 0.716755 0.768828 0.752660 0.788006 0.784574 0.803696 0.797872 0.817643 0.791223 0.827057 0.771941 0.830195 0.748005 0.819038 0.724069 0.804393 0.700798 0.794979 0.664229 0.791144 0.637633 0.784519 0.613697 0.774059 0.616356 0.761158 0.630984 0.751743 0.640293 0.747211 0.642952
0 0.492329 0.664229 0.492329 0.698138 0.491632 0.758644 0.493026 0.817154 0.486750 0.851729 0.493026 0.876330 0.507671 0.878324 0.520223 0.851729 0.522315 0.733378 0.522315 0.688830 0.522315 0.662234 0.513250 0.653590
0 0.463738 0.660904 0.462692 0.681516 0.464435 0.738032 0.462692 0.808511 0.459554 0.839761 0.468968 0.871011 0.486053 0.857713 0.490586 0.792553 0.493724 0.708112 0.496862 0.659574 0.484310 0.656250
0 0.437238 0.658245 0.431660 0.669548 0.431660 0.696144 0.432357 0.811170 0.435495 0.841090 0.436541 0.866356 0.456764 0.872340 0.462692 0.817154 0.467573 0.715426 0.464435 0.670878 0.456416 0.652261
0 0.410739 0.658245 0.397838 0.671543 0.395397 0.696144 0.400976 0.731383 0.401674 0.789229 0.399930 0.817819 0.395397 0.838431 0.400628 0.866356 0.417713 0.867686 0.429568 0.842420 0.435495 0.745346 0.434798 0.677527 0.428870 0.653590 0.417015 0.654920
0 0.376569 0.660904 0.365063 0.674202 0.358787 0.699468 0.359135 0.748005 0.351116 0.803856 0.351813 0.851064 0.366806 0.873670 0.381450 0.861702 0.392957 0.767287 0.404463 0.699468 0.404812 0.668218 0.391562 0.660904
0 0.311715 0.641622 0.306485 0.674202 0.296025 0.718085 0.279289 0.745346 0.258368 0.768617 0.254533 0.789229 0.263598 0.820479 0.285216 0.817819 0.317294 0.786569 0.342748 0.738032 0.357392 0.697473 0.357392 0.665559 0.349024 0.656250 0.331241 0.646277
0 0.261158 0.629654 0.251395 0.672872 0.235007 0.700798 0.214086 0.721410 0.214086 0.762633 0.242678 0.780585 0.282427 0.753989 0.306485 0.688830 0.315551 0.647606 0.300209 0.628324 0.282078 0.619681
