0 0.483609 0.332067 0.483609 0.364742 0.479554 0.381459 0.475836 0.408055 0.475836 0.453647 0.474823 0.472644 0.472795 0.505319 0.472795 0.533435 0.489355 0.557751 0.499155 0.560030 0.504900 0.537994 0.502873 0.490122 0.499831 0.431611 0.504900 0.366261 0.506590 0.312310
0 0.459277 0.314590 0.460291 0.355623 0.460291 0.411854 0.460291 0.433891 0.457587 0.474924 0.457587 0.525076 0.464346 0.553191 0.479554 0.533435 0.481582 0.490122 0.481582 0.436170 0.481582 0.398936 0.481582 0.355623 0.482595 0.327508
0 0.440014 0.297112 0.439000 0.338146 0.438324 0.379939 0.438324 0.436170 0.440014 0.481763 0.444069 0.540274 0.458601 0.533435 0.461304 0.449088 0.460291 0.396657 0.459277 0.355623 0.458601 0.312310
0 0.433254 0.312310 0.429537 0.353343 0.426495 0.392857 0.424806 0.429331 0.424806 0.481763 0.424806 0.509878 0.433254 0.525076 0.447786 0.499240 0.448800 0.449088 0.448800 0.401216 0.448800 0.344985 0.443055 0.305471
0 0.416019 0.312310 0.407232 0.373100 0.402501 0.418693 0.401487 0.451368 0.403515 0.477204 0.408246 0.505319 0.427509 0.496960 0.432241 0.468845 0.431565 0.429331 0.430551 0.375380 0.431565 0.334347 0.433254 0.292553 0.426495 0.279635
0 0.384251 0.294833 0.381210 0.327508 0.377492 0.366261 0.374451 0.401216 0.372423 0.438450 0.371747 0.468845 0.373437 0.486322 0.385941 0.492401 0.406218 0.492401 0.413991 0.484043 0.415005 0.440729 0.411964 0.388298 0.411964 0.349544 0.412977 0.303951 0.416019 0.284195 0.409260 0.273556 0.398783 0.271277 0.392024 0.271277
0 0.361947 0.284195 0.354174 0.314590 0.348429 0.340426 0.343697 0.366261 0.337614 0.396657 0.336938 0.418693 0.336938 0.453647 0.341669 0.474924 0.361947 0.474924 0.370733 0.455927 0.373437 0.388298 0.376479 0.366261 0.381210 0.325228 0.385265 0.290274
0 0.334910 0.246960 0.327138 0.284195 0.322406 0.316869 0.317337 0.347264 0.313619 0.377660 0.306860 0.395137 0.298074 0.425532 0.295370 0.457447 0.312606 0.459726 0.326124 0.468845 0.334910 0.442249 0.338628 0.414134 0.339642 0.368541 0.343697 0.335866 0.353160 0.290274 0.356201 0.259878
0 0.511659 0.307751 0.509632 0.325228 0.504900 0.379939 0.501859 0.427052 0.500845 0.484043 0.502873 0.540274 0.509632 0.562310 0.520108 0.557751 0.526191 0.542553 0.526867 0.499240 0.523150 0.455927 0.522136 0.416413 0.523150 0.364742 0.526867 0.312310
0 0.533626 0.319149 0.528895 0.364742 0.529909 0.418693 0.530923 0.468845 0.531936 0.516717 0.537682 0.547112 0.548158 0.535714 0.548158 0.494681 0.546468 0.449088 0.543427 0.383739 0.545455 0.320669
0 0.550186 0.319149 0.551200 0.334347 0.548158 0.366261 0.546468 0.396657 0.546468 0.440729 0.553227 0.499240 0.560662 0.527356 0.567421 0.522796 0.569449 0.494681 0.569449 0.464286 0.567421 0.411854 0.566746 0.360182 0.564718 0.319149
0 0.587699 0.316869 0.587023 0.338146 0.583981 0.398936 0.582967 0.440729 0.582967 0.494681 0.590740 0.516717 0.601217 0.507599 0.602230 0.481763 0.605272 0.403495 0.608990 0.351064 0.611017 0.310030
0 0.621494 0.294833 0.619804 0.344985 0.614735 0.392857 0.610003 0.427052 0.608990 0.466565 0.613045 0.492401 0.622508 0.499240 0.633322 0.499240 0.640081 0.494681 0.642785 0.472644 0.641771 0.411854 0.638053 0.373100 0.640081 0.297112
0 0.644812 0.284195 0.644812 0.347264 0.644812 0.410334 0.643799 0.449088 0.644812 0.474924 0.656303 0.479483 0.668131 0.471125 0.673876 0.453647 0.674890 0.429331 0.668807 0.370821 0.665090 0.316869 0.665090 0.279635
0 0.672862 0.268997 0.668131 0.312310 0.668131 0.353343 0.673876 0.398936 0.676580 0.438450 0.693140 0.446809 0.705644 0.436170 0.712403 0.423252 0.702940 0.373100 0.696181 0.325228 0.690098 0.275076
0 0.528895 0.775076 0.526867 0.733283 0.524164 0.702888 0.518418 0.666413 0.514363 0.640578 0.510645 0.611702 0.510645 0.590426 0.521122 0.579027 0.528895 0.583587 0.528895 0.623100 0.528895 0.653495 0.531936 0.681611 0.536668 0.705167 0.538696 0.757599 0.539709 0.776596
0 0.553903 0.757599 0.551200 0.737842 0.547144 0.705167 0.547144 0.648936 0.547144 0.611702 0.545455 0.585866 0.532950 0.581307 0.532950 0.616261 0.536668 0.657295 0.539709 0.679331 0.539709 0.714286 0.540385 0.753040 0.545455 0.775076
0 0.579250 0.746201 0.573505 0.702888 0.571477 0.668693 0.570463 0.638298 0.568435 0.607903 0.566746 0.592705 0.553227 0.577508 0.544441 0.579027 0.543427 0.601064 0.545455 0.636018 0.550186 0.670973 0.553903 0.705167 0.554917 0.729483 0.559986 0.759878 0.567421 0.783435
0 0.596485 0.744681 0.596485 0.709726 0.594458 0.666413 0.592768 0.611702 0.587023 0.588146 0.575194 0.572948 0.563704 0.579027 0.565732 0.618541 0.574180 0.657295 0.575194 0.699088 0.578236 0.742401 0.583981 0.781155
0 0.641771 0.770517 0.634336 0.737842 0.626563 0.668693 0.618790 0.618541 0.615749 0.592705 0.607976 0.553191 0.593782 0.550912 0.586009 0.560030 0.591754 0.601064 0.599527 0.640578 0.602230 0.681611 0.605272 0.722644 0.612031 0.753040 0.619804 0.770517
0 0.719162 0.692249 0.706658 0.644377 0.698885 0.605623 0.692126 0.562310 0.683339 0.525076 0.679621 0.507599 0.664076 0.505319 0.657317 0.514438 0.650558 0.529635 0.648530 0.553191 0.655289 0.579027 0.665090 0.610182 0.675566 0.655775 0.684353 0.689970 0.691112 0.712006
0 0.752957 0.596505 0.748226 0.572948 0.735722 0.535714 0.723217 0.477204 0.722203 0.464286 0.710375 0.459726 0.696857 0.479483 0.685367 0.492401 0.682325 0.518237 0.695167 0.548632 0.708685 0.577508 0.722203 0.618541 0.731666 0.648936 0.745184 0.651216 0.755999 0.620821
0 0.515377 0.776596 0.515377 0.735562 0.515377 0.679331 0.514363 0.625380 0.510645 0.583587 0.499155 0.583587 0.497127 0.620821 0.497127 0.657295 0.500845 0.692249 0.501859 0.733283 0.501859 0.775076 0.504900 0.805471
0 0.494086 0.791793 0.496114 0.753040 0.495100 0.689970 0.492396 0.661854 0.492396 0.620821 0.492396 0.579027 0.485637 0.568389 0.472795 0.575228 0.478878 0.640578 0.480568 0.670973 0.481582 0.720365 0.483609 0.783435 0.482595 0.824468 0.492396 0.826748
0 0.461304 0.575228 0.448800 0.601064 0.448800 0.625380 0.450828 0.648936 0.452518 0.687690 0.452518 0.724924 0.452518 0.781155 0.460291 0.826748 0.476850 0.805471 0.478878 0.750760 0.475836 0.696809 0.475836 0.631459 0.472795 0.585866
0 0.442041 0.572948 0.437310 0.592705 0.432241 0.611702 0.430551 0.642097 0.427509 0.686170 0.423792 0.729483 0.424806 0.775076 0.432241 0.785714 0.442041 0.746201 0.444069 0.694529 0.446773 0.653495 0.454545 0.613982 0.455559 0.588146
0 0.406218 0.750760 0.409260 0.731003 0.418047 0.687690 0.422778 0.666413 0.429537 0.640578 0.433254 0.596505 0.437310 0.570669 0.427509 0.568389 0.410274 0.555471 0.407232 0.572948 0.407232 0.601064 0.407232 0.623100 0.407232 0.642097 0.406218 0.657295 0.405204 0.677052 0.401487 0.699088 0.393714 0.724924 0.389997 0.744681 0.396756 0.755319
0 0.383238 0.737842 0.391010 0.718085 0.396756 0.692249 0.400473 0.655775 0.405204 0.596505 0.407232 0.568389 0.418047 0.529635 0.403515 0.525076 0.386955 0.525076 0.372423 0.520517 0.368706 0.575228 0.368706 0.607903 0.368706 0.631459 0.360933 0.672492 0.353160 0.715805 0.357215 0.731003 0.368706 0.733283
0 0.337614 0.722644 0.350456 0.681611 0.358229 0.653495 0.365664 0.616261 0.374451 0.568389 0.377492 0.553191 0.377492 0.535714 0.370733 0.522796 0.352146 0.501520 0.345387 0.501520 0.330179 0.512158 0.328151 0.529635 0.330855 0.568389 0.327138 0.610182 0.315647 0.642097 0.304833 0.672492 0.314633 0.709726
