0 0.462890 0.575228 0.491933 0.564590 0.487989 0.500760 0.473646 0.294073 0.454285 0.302432 0.452850 0.468845 0.454643 0.548632 0.456077 0.579787
0 0.434564 0.569909 0.452850 0.559271 0.456795 0.535714 0.456077 0.484802 0.454643 0.414134 0.446755 0.281155 0.427752 0.291793 0.430262 0.462006 0.429545 0.525836
0 0.402653 0.550152 0.415203 0.574468 0.425959 0.578267 0.434206 0.541793 0.433489 0.515198 0.430262 0.502280 0.430262 0.415653 0.420222 0.320669 0.406239 0.254559 0.392972 0.262158 0.400143 0.354103 0.401936 0.386018 0.403729 0.487842
0 0.377913 0.553191 0.381140 0.499240 0.379347 0.411854 0.377555 0.330547 0.375403 0.284954 0.396916 0.297872 0.398351 0.394377 0.398351 0.433891 0.404446 0.465805 0.416278 0.531155 0.416995 0.558511 0.408390 0.567629 0.401936 0.560790 0.397634 0.579787 0.388670 0.571429
0 0.332019 0.541793 0.335246 0.488602 0.315167 0.322188 0.349229 0.320669 0.360344 0.465046 0.378630 0.551672 0.368591 0.571429 0.354249 0.571429 0.349588 0.566109 0.345285 0.576748 0.335963 0.560790
0 0.292578 0.543313 0.295088 0.509878 0.300825 0.455167 0.304410 0.433891 0.288275 0.283435 0.310864 0.288754 0.325206 0.391337 0.328433 0.442249 0.332736 0.495441 0.336680 0.536474 0.332019 0.555471 0.319469 0.559271 0.307637 0.556991
0 0.262460 0.511398 0.266045 0.525076 0.277519 0.539514 0.285407 0.536474 0.290785 0.531155 0.296881 0.519757 0.296881 0.499240 0.292578 0.456687 0.285407 0.341185 0.270348 0.341185 0.264970 0.403495 0.267838 0.428571 0.268555 0.452888 0.264252 0.488602
0 0.489423 0.553951 0.511294 0.564590 0.522768 0.560790 0.522768 0.515198 0.519541 0.456687 0.509502 0.297872 0.493008 0.300912 0.492650 0.428571 0.493008 0.475684
0 0.523485 0.544833 0.531015 0.563830 0.544640 0.556991 0.549659 0.536474 0.549301 0.486322 0.541771 0.405015 0.527071 0.283435 0.515238 0.297872 0.517748 0.394377 0.520975 0.428571 0.521334 0.468845 0.523485 0.493161
0 0.542130 0.491641 0.542130 0.523556 0.546791 0.541033 0.552169 0.556991 0.558623 0.556991 0.567946 0.556991 0.573682 0.525836 0.573682 0.503799 0.571890 0.452888 0.564719 0.383739 0.554321 0.255319 0.542130 0.258359 0.541771 0.351824 0.544281 0.391337 0.544281 0.427812 0.543564 0.459726
0 0.560416 0.525076 0.558623 0.496960 0.557189 0.486322 0.560416 0.438450 0.561133 0.415653 0.569738 0.281155 0.592686 0.276596 0.594478 0.346505 0.592686 0.382219 0.591251 0.410334 0.593761 0.442249 0.598064 0.467325 0.602008 0.498480 0.598064 0.536474 0.596271 0.544833 0.584439 0.543313 0.576192 0.537994 0.566153 0.547872
0 0.616350 0.518237 0.613840 0.493921 0.613840 0.470365 0.617784 0.439210 0.621370 0.399696 0.624597 0.366261 0.628899 0.329027 0.633560 0.291793 0.656149 0.288754 0.653639 0.367781 0.653639 0.414134 0.652922 0.444529 0.654356 0.458207 0.655432 0.483283 0.652205 0.516717 0.638939 0.518237 0.630333 0.522036 0.622087 0.525836
0 0.656866 0.509878 0.652922 0.482523 0.649695 0.449088 0.649337 0.405015 0.646827 0.357903 0.640373 0.286474 0.666189 0.284954 0.672284 0.331307 0.672284 0.378419 0.677304 0.403495 0.687702 0.442249 0.696307 0.465805 0.698100 0.486322 0.679455 0.514438 0.671208 0.518237
0 0.707781 0.486322 0.719613 0.449848 0.724632 0.440729 0.723557 0.428571 0.717820 0.407295 0.713159 0.380699 0.708139 0.335866 0.700251 0.294073 0.698100 0.270517 0.685550 0.303191 0.687702 0.357903 0.687702 0.389058 0.687702 0.424772 0.687702 0.449848 0.694514 0.474164
0 0.490498 0.601064 0.506275 0.607143 0.511294 0.645897 0.513446 0.677052 0.515238 0.721884 0.513446 0.779635 0.500538 0.825988 0.496952 0.795593 0.498028 0.723404 0.491215 0.655775 0.490498 0.639818
0 0.506992 0.596505 0.523844 0.592705 0.530298 0.596505 0.532807 0.651216 0.532807 0.687690 0.532807 0.746201 0.533883 0.820669 0.523485 0.816869 0.520975 0.748480 0.518824 0.718085 0.515238 0.671733 0.510219 0.634498
0 0.529580 0.617781 0.530298 0.603343 0.536034 0.592705 0.538544 0.585106 0.545357 0.585106 0.551094 0.594225 0.557189 0.606383 0.557189 0.629179 0.557189 0.656535 0.559699 0.716565 0.562926 0.840426 0.542847 0.850304 0.544281 0.762158 0.542130 0.750000 0.538544 0.705167 0.533525 0.636778
0 0.553603 0.642097 0.547867 0.619301 0.547867 0.601824 0.552169 0.585866 0.569380 0.582067 0.575475 0.594225 0.577626 0.613982 0.578702 0.640578 0.581929 0.700608 0.597705 0.818389 0.586949 0.824468 0.570455 0.807751 0.564719 0.751520 0.559340 0.707447 0.558623 0.683131
0 0.566870 0.631459 0.566153 0.610182 0.564719 0.587386 0.578702 0.582067 0.590534 0.578267 0.596271 0.578267 0.604518 0.595745 0.606311 0.615502 0.607745 0.645897 0.609537 0.666413 0.616350 0.712766 0.617067 0.751520 0.612047 0.797872 0.607745 0.820669 0.598781 0.824468 0.588741 0.794073 0.589459 0.751520 0.590534 0.715805 0.580136 0.671733 0.577985 0.659574 0.575475 0.645137
0 0.604518 0.651216 0.596988 0.622340 0.594478 0.611702 0.592686 0.590426 0.598064 0.579787 0.615274 0.566109 0.623880 0.556991 0.628541 0.553191 0.643600 0.560790 0.643958 0.578267 0.643958 0.595745 0.653639 0.645897 0.683041 0.763678 0.669416 0.774316 0.637863 0.764438 0.633919 0.747720 0.627824 0.714286 0.615274 0.691489 0.608103 0.664894
0 0.630333 0.560790 0.641449 0.550152 0.652922 0.543313 0.666189 0.541033 0.679814 0.536474 0.689494 0.564590 0.693080 0.599544 0.701327 0.620821 0.709573 0.659574 0.714593 0.721884 0.716386 0.742401 0.685192 0.748480 0.681248 0.731763 0.667981 0.688450 0.663679 0.667173 0.657225 0.652736 0.652205 0.629179 0.646110 0.620821 0.636429 0.606383
0 0.471137 0.612462 0.486913 0.601824 0.492650 0.601064 0.493008 0.680851 0.493008 0.698328 0.492650 0.740881 0.486913 0.819149 0.474364 0.825988 0.473646 0.747720 0.470420 0.716565 0.470061 0.689970 0.472571 0.643617
0 0.449265 0.610182 0.460380 0.601824 0.473646 0.610182 0.474364 0.648936 0.470420 0.686170 0.470061 0.724924 0.473646 0.778116 0.465400 0.844985 0.452850 0.832827 0.456795 0.776596 0.452850 0.732523 0.451058 0.680851 0.449265 0.629179
0 0.423449 0.635258 0.428828 0.611702 0.435281 0.606383 0.442811 0.604863 0.452850 0.635258 0.452850 0.647416 0.452850 0.687690 0.451058 0.740881 0.447114 0.851824 0.430979 0.834347 0.426318 0.802432 0.423449 0.721884 0.422732 0.675532
0 0.400861 0.617781 0.418430 0.604863 0.425242 0.608663 0.432772 0.615502 0.432054 0.656535 0.430979 0.683131 0.425242 0.719605 0.422732 0.756839 0.413768 0.822188 0.402653 0.818389 0.394407 0.794073 0.394407 0.751520 0.396916 0.707447 0.398709 0.675532 0.397634 0.629939
0 0.371818 0.813070 0.371818 0.748480 0.371818 0.707447 0.370384 0.667173 0.372535 0.635258 0.380423 0.610182 0.395841 0.608663 0.404446 0.622340 0.403729 0.645897 0.398709 0.693769 0.396916 0.714286 0.395124 0.750000 0.388670 0.797112 0.385084 0.829027 0.375403 0.832827
0 0.295805 0.629939 0.302617 0.601824 0.305127 0.594225 0.325923 0.594225 0.337755 0.601064 0.344209 0.617021 0.345285 0.645137 0.336680 0.677812 0.329150 0.693769 0.316959 0.734043 0.300825 0.791793 0.288634 0.786474 0.274292 0.759119 0.270348 0.726444 0.280387 0.677812 0.290785 0.640578
0 0.236644 0.689970 0.247759 0.635258 0.256006 0.585106 0.261743 0.560790 0.267479 0.553191 0.283614 0.562310 0.294371 0.569909 0.305844 0.590426 0.302617 0.617021 0.296163 0.635258 0.286841 0.677052 0.277877 0.708967 0.261743 0.740881 0.248476 0.762158 0.230907 0.705167
