0 0.476325 0.469605 0.472792 0.512918 0.485159 0.530395 0.502827 0.530395 0.512367 0.520517 0.513428 0.416413 0.523322 0.329027 0.521555 0.249240 0.515901 0.221125 0.503534 0.217325 0.485159 0.412614
0 0.452297 0.477204 0.452650 0.509878 0.463251 0.531915 0.479859 0.532675 0.488693 0.464286 0.489753 0.389818 0.492933 0.311550 0.489753 0.256839 0.478799 0.232523 0.468198 0.228723 0.463251 0.260638 0.465018 0.349544 0.457951 0.448328
0 0.429682 0.465805 0.429329 0.509878 0.435689 0.532675 0.457597 0.531915 0.467491 0.487082 0.462191 0.393617 0.459364 0.316109 0.455124 0.262158 0.448057 0.231763 0.434982 0.246960 0.429682 0.307751
0 0.399647 0.468085 0.403887 0.524316 0.425795 0.536474 0.442049 0.526596 0.438516 0.475684 0.429682 0.386018 0.429682 0.342705 0.429682 0.288754 0.428622 0.264438 0.424028 0.234043 0.409894 0.232523 0.401413 0.268237 0.402120 0.382219
0 0.301413 0.477204 0.300707 0.509119 0.325442 0.537994 0.345583 0.539514 0.351590 0.528875 0.352650 0.430091 0.342049 0.355623 0.325442 0.311550 0.312721 0.288754 0.298940 0.287234 0.276678 0.317629 0.274205 0.361702 0.288339 0.421733
0 0.517668 0.501520 0.517668 0.534195 0.550530 0.534195 0.551590 0.477204 0.556890 0.388298 0.556890 0.319909 0.555830 0.251520 0.547703 0.224164 0.533922 0.260638 0.529329 0.335106
0 0.552297 0.471125 0.549470 0.518997 0.559364 0.531915 0.575972 0.524316 0.579859 0.507599 0.580565 0.414894 0.584099 0.357903 0.591166 0.311550 0.595760 0.256839 0.592933 0.218845 0.579505 0.197568 0.563958 0.303951
0 0.579505 0.471884 0.577032 0.493921 0.579505 0.525836 0.589753 0.533435 0.600000 0.526596 0.605300 0.502280 0.607774 0.436930 0.608834 0.341185 0.614841 0.280395 0.614841 0.245441 0.610954 0.211246 0.599293 0.211246 0.596820 0.237082 0.582686 0.359422
0 0.603534 0.461246 0.600353 0.479483 0.604240 0.515198 0.612367 0.521277 0.630389 0.509878 0.633216 0.444529 0.632155 0.393617 0.631802 0.342705 0.631802 0.313830 0.631802 0.283435 0.630742 0.260638 0.625795 0.242401 0.615548 0.250760
0 0.687279 0.446049 0.689399 0.490122 0.703180 0.502280 0.717314 0.502280 0.729329 0.493161 0.731802 0.452888 0.732155 0.411854 0.742756 0.360182 0.748410 0.313830 0.747350 0.275836 0.738869 0.249240 0.706714 0.327508 0.690813 0.400456
0 0.551943 0.541793 0.544876 0.551672 0.548057 0.609422 0.551943 0.699088 0.550177 0.738602 0.550883 0.750760 0.551943 0.763678 0.558657 0.766717 0.564664 0.710486 0.563958 0.584347 0.559717 0.540274 0.555124 0.541033
0 0.574912 0.539514 0.567491 0.559271 0.574205 0.654255 0.571025 0.724164 0.567845 0.759119 0.573852 0.776596 0.584806 0.774316 0.592226 0.686170 0.593993 0.598784 0.587633 0.544073 0.578799 0.537994
0 0.594346 0.526596 0.589046 0.551672 0.602473 0.639818 0.608127 0.696049 0.612721 0.724164 0.616961 0.741641 0.625088 0.747720 0.627208 0.727964 0.621908 0.582827 0.619788 0.530395 0.614841 0.516717 0.605654 0.513678 0.601060 0.510638
0 0.620495 0.513678 0.614134 0.517477 0.616608 0.558511 0.629329 0.639058 0.638516 0.718085 0.647350 0.750760 0.652297 0.754559 0.662898 0.747720 0.650530 0.639818 0.646996 0.556231 0.644876 0.522036 0.640283 0.506079 0.631802 0.504559
0 0.678445 0.507599 0.673498 0.515198 0.683392 0.579787 0.706007 0.667933 0.719081 0.716565 0.720848 0.722644 0.748057 0.718845 0.764664 0.691489 0.759011 0.654255 0.744523 0.591945 0.731802 0.552432 0.726502 0.514438 0.718021 0.497720 0.698233 0.489362 0.683039 0.500760
0 0.479505 0.542553 0.471731 0.540274 0.472792 0.573708 0.471731 0.609422 0.483392 0.697568 0.491166 0.750760 0.500707 0.768237 0.509187 0.765198 0.507067 0.699088 0.493286 0.585106 0.487986 0.548632 0.482686 0.544073
0 0.454417 0.535714 0.448410 0.541033 0.446290 0.610942 0.452650 0.693769 0.468905 0.780395 0.480919 0.787994 0.491519 0.770517 0.480212 0.686930 0.474912 0.579787 0.470671 0.554711
0 0.437809 0.548632 0.428622 0.552432 0.424735 0.591185 0.425442 0.629939 0.434982 0.731763 0.437102 0.757599 0.445230 0.765198 0.454064 0.745441 0.456184 0.706687 0.452297 0.634498 0.451943 0.579027 0.453710 0.555471 0.449117 0.547112 0.441696 0.545593
0 0.410954 0.527356 0.399647 0.537234 0.398233 0.595745 0.399293 0.673252 0.385512 0.746960 0.386926 0.788754 0.406007 0.779635 0.423675 0.676292 0.432155 0.592705 0.434629 0.542553 0.430035 0.537234 0.419435 0.530395
0 0.296466 0.510638 0.285512 0.521277 0.278092 0.560790 0.244170 0.632219 0.236749 0.689210 0.265724 0.705167 0.314488 0.622340 0.337102 0.569909 0.335336 0.541793 0.327562 0.537994 0.319788 0.532675 0.301060 0.517477
