0 0.516605 0.382979 0.501845 0.532675 0.501845 0.591945 0.532707 0.598024 0.533378 0.537234 0.536397 0.367781
0 0.543777 0.385258 0.555854 0.385258 0.557866 0.556231 0.559544 0.589666 0.532707 0.595745 0.532707 0.532675
0 0.565247 0.380699 0.583026 0.380699 0.586716 0.575228 0.571620 0.606383 0.557866 0.570669 0.559544 0.494681
0 0.605166 0.370061 0.622945 0.370061 0.619255 0.562310 0.603489 0.589666 0.591412 0.570669 0.588393 0.532675
0 0.650117 0.370061 0.632338 0.551672 0.649111 0.581307 0.680644 0.556231 0.680644 0.507599 0.667561 0.363982
0 0.477692 0.376900 0.496142 0.376900 0.501845 0.585866 0.492452 0.602584 0.466286 0.591945 0.466286 0.557751
0 0.455216 0.380699 0.475679 0.374620 0.469977 0.557751 0.464609 0.600304 0.442134 0.587386 0.443140 0.556231
0 0.426367 0.382979 0.442134 0.385258 0.447836 0.562310 0.430057 0.587386 0.418987 0.568389 0.417981 0.538754
0 0.400201 0.382979 0.420664 0.382979 0.420664 0.562310 0.401208 0.581307 0.395505 0.562310
0 0.379738 0.376900 0.399195 0.378419 0.402214 0.562310 0.395505 0.576748 0.377055 0.572948 0.371352 0.543313
0 0.338812 0.355623 0.356592 0.357903 0.371352 0.414894 0.372358 0.556231 0.355585 0.585866 0.333110 0.553951 0.331432 0.528875 0.337806 0.484043
0 0.306944 0.338906 0.331432 0.342705 0.339819 0.412614 0.338812 0.532675 0.326736 0.549392 0.316337 0.553951 0.297887 0.538754 0.292184 0.503040 0.300570 0.429331
0 0.494465 0.627660 0.512915 0.623860 0.515934 0.640578 0.511238 0.847264 0.494465 0.847264 0.492452 0.697568
0 0.514928 0.623860 0.540087 0.617021 0.540087 0.663374 0.537068 0.853343 0.522308 0.853343 0.514928 0.718845
0 0.537068 0.606383 0.565247 0.610942 0.566924 0.661854 0.565247 0.885258 0.541094 0.876900 0.538074 0.701368
0 0.562227 0.621581 0.574639 0.608663 0.593090 0.621581 0.603489 0.868541 0.576317 0.876900 0.565247 0.690729
0 0.588393 0.614742 0.600470 0.600304 0.620933 0.604863 0.624958 0.680851 0.642402 0.828267 0.622945 0.842705 0.599799 0.724924 0.593090 0.661854
0 0.659175 0.617021 0.662194 0.589666 0.692050 0.549392 0.703120 0.568389 0.746058 0.686930 0.726266 0.747720 0.698423 0.728723 0.676954 0.670213 0.662865 0.644377
0 0.474673 0.625380 0.495136 0.623860 0.494465 0.671733 0.492452 0.855623 0.471989 0.855623 0.472996 0.701368
0 0.447836 0.617021 0.470983 0.614742 0.474002 0.657295 0.472996 0.870821 0.452533 0.860182 0.449514 0.689210
0 0.423683 0.613222 0.446830 0.606383 0.449514 0.652736 0.452533 0.872340 0.422677 0.866261 0.420664 0.686930
0 0.397518 0.608663 0.413284 0.600304 0.426367 0.625380 0.421671 0.678571 0.415297 0.868541 0.388125 0.855623 0.391815 0.703647 0.396511 0.657295
0 0.370346 0.604863 0.388125 0.594225 0.402885 0.627660 0.378732 0.847264 0.345186 0.803191 0.364978 0.665653
0 0.301577 0.562310 0.313653 0.549392 0.325730 0.562310 0.347199 0.595745 0.341496 0.632219 0.271721 0.752280 0.251929 0.708207 0.240859 0.638298 0.261322 0.600304 0.277088 0.595745
