0 0.463556 0.525836 0.485695 0.518237 0.494891 0.518237 0.494891 0.379179 0.498638 0.248480 0.474114 0.258359 0.459809 0.375380 0.459809 0.459726
0 0.431199 0.522796 0.449591 0.518237 0.460150 0.512918 0.481267 0.256839 0.459809 0.256839 0.436989 0.430091 0.429496 0.490122
0 0.404973 0.529635 0.414850 0.531155 0.431880 0.531155 0.441417 0.474924 0.434605 0.235562 0.412466 0.243921 0.405995 0.439970 0.404292 0.486322
0 0.386580 0.534195 0.394074 0.544073 0.419278 0.535714 0.425068 0.491641 0.414169 0.252280 0.385218 0.269757 0.387262 0.438450 0.383515 0.477964
0 0.360695 0.532675 0.367507 0.549392 0.391008 0.537994 0.396458 0.521277 0.394755 0.459726 0.377725 0.256839 0.349796 0.271277 0.360695 0.421733 0.355586 0.497720
0 0.328338 0.542553 0.351839 0.546353 0.367507 0.535714 0.370232 0.497720 0.366826 0.405775 0.366485 0.278116 0.345368 0.281915 0.330381 0.427052 0.323569 0.481763 0.321526 0.519757
0 0.281335 0.514438 0.308924 0.518237 0.325954 0.500000 0.322888 0.449848 0.316417 0.363982 0.296322 0.311550 0.269755 0.325988 0.277248 0.387538 0.277248 0.439970 0.273501 0.469605
0 0.494891 0.512918 0.530995 0.522796 0.528951 0.455167 0.525886 0.344225 0.515668 0.243921 0.495572 0.252280 0.505109 0.377660 0.497616 0.431611 0.494891 0.476444
0 0.534060 0.515957 0.558583 0.517477 0.554155 0.449848 0.534741 0.234043 0.517711 0.245441 0.525204 0.438450
0 0.554155 0.500000 0.565054 0.519757 0.585831 0.522796 0.590940 0.489362 0.587875 0.362462 0.567439 0.227204 0.546662 0.237082 0.562330 0.375380 0.554155 0.443769
0 0.583787 0.529635 0.606608 0.529635 0.615463 0.491641 0.610354 0.413374 0.616144 0.278116 0.588215 0.276596 0.577657 0.421733 0.576294 0.477964
0 0.609673 0.522796 0.626703 0.524316 0.636921 0.512918 0.639305 0.449848 0.634877 0.372340 0.640668 0.286474 0.616826 0.278116 0.608651 0.383739 0.605245 0.456687 0.602861 0.501520
0 0.690054 0.506079 0.728883 0.497720 0.727861 0.436930 0.724455 0.421733 0.732289 0.301672 0.695504 0.310030 0.685627 0.379179 0.686649 0.433891 0.677112 0.448328 0.678474 0.489362
0 0.498638 0.557751 0.507493 0.550912 0.526567 0.556231 0.525204 0.801672 0.510218 0.797112
0 0.523501 0.556231 0.541553 0.544073 0.553134 0.563830 0.548025 0.633739 0.545981 0.815350 0.528951 0.815350 0.527929 0.632219
0 0.548025 0.555471 0.570845 0.547872 0.576975 0.584347 0.565054 0.844985 0.548706 0.841185 0.544959 0.607143
0 0.573229 0.575988 0.592643 0.562310 0.600817 0.604103 0.600477 0.649696 0.599114 0.839666 0.578338 0.829787 0.573910 0.687690 0.577657 0.649696
0 0.594005 0.572188 0.604905 0.556231 0.625681 0.579027 0.624319 0.608663 0.637602 0.815350 0.618529 0.822188
0 0.616144 0.569149 0.621253 0.550912 0.655313 0.560790 0.670300 0.604103 0.691757 0.788754 0.655995 0.811550 0.634877 0.727964 0.626022 0.626900 0.618529 0.588906
0 0.660082 0.555471 0.680518 0.544073 0.705041 0.537994 0.717643 0.577508 0.716962 0.623860 0.741144 0.725684 0.707084 0.768997 0.684946 0.699848 0.670981 0.620061 0.661444 0.588906
0 0.475136 0.555471 0.487738 0.550912 0.504768 0.561550 0.500681 0.642857 0.510218 0.819149 0.491485 0.825988
0 0.453338 0.547112 0.478202 0.561550 0.491144 0.829787 0.480245 0.832827 0.453678 0.610942
0 0.431880 0.562310 0.448910 0.557751 0.458447 0.625380 0.474455 0.830547 0.456403 0.838906 0.430518 0.642857 0.427112 0.591945
0 0.403270 0.585106 0.415531 0.574468 0.433583 0.588906 0.435286 0.651216 0.445163 0.841185 0.425749 0.840426 0.404973 0.632219
0 0.382493 0.582827 0.389986 0.578267 0.407357 0.587386 0.411104 0.616261 0.407357 0.638298 0.405313 0.658815 0.395095 0.832067 0.378065 0.819909 0.379428 0.712006 0.380450 0.657295 0.377725 0.631459
0 0.302112 0.545593 0.339237 0.557751 0.345708 0.582827 0.339918 0.640578 0.329700 0.707447 0.298025 0.810790 0.260218 0.764438 0.279632 0.670213 0.291553 0.621581 0.294278 0.568389
0 0.266349 0.512918 0.284060 0.518237 0.307561 0.545593 0.302793 0.585866 0.293597 0.608663 0.247275 0.740881 0.213896 0.670213 0.241485 0.588906 0.248297 0.582827 0.254087 0.549392
