0 0.498483 0.459726 0.498483 0.491641 0.498483 0.511398 0.494102 0.522796 0.485002 0.535714 0.463768 0.517477 0.461746 0.487082 0.464779 0.463526 0.466801 0.439970 0.463431 0.319909 0.465116 0.300152 0.469161 0.291793 0.476913 0.295593 0.481968 0.331307 0.488035 0.384498
0 0.439501 0.471125 0.438153 0.494681 0.442198 0.513678 0.451972 0.530395 0.461746 0.526596 0.467476 0.516717 0.467139 0.478723 0.462757 0.453647 0.461746 0.411854 0.458375 0.338906 0.452309 0.321429 0.442872 0.328267 0.439164 0.360182 0.439164 0.393617
0 0.412875 0.478723 0.416245 0.519757 0.421975 0.537234 0.431749 0.551672 0.438827 0.547872 0.446579 0.534195 0.449612 0.503799 0.448938 0.477964 0.445231 0.446049 0.440175 0.411094 0.436468 0.382219 0.433434 0.359422 0.431075 0.335106 0.429390 0.315350 0.423660 0.300912 0.413886 0.298632 0.403438 0.313830 0.403775 0.357903 0.408830 0.405775
0 0.288507 0.477964 0.283114 0.499240 0.282103 0.519757 0.285474 0.541793 0.295248 0.558511 0.301989 0.555471 0.309066 0.560030 0.315807 0.557751 0.324907 0.547112 0.328615 0.518237 0.328615 0.492401 0.325918 0.470365 0.326255 0.430851 0.324570 0.407295 0.318504 0.384498 0.313448 0.360182 0.304348 0.346505 0.293563 0.338906 0.285811 0.341185 0.278396 0.352584 0.279070 0.376900 0.287833 0.401976 0.290866 0.427812
0 0.327941 0.508359 0.327941 0.525836 0.328952 0.545593 0.336367 0.560030 0.345130 0.563070 0.352545 0.557751 0.359960 0.563070 0.368386 0.559271 0.374115 0.547112 0.377149 0.523556 0.375463 0.496960 0.371082 0.479483 0.365689 0.460486 0.359623 0.419453 0.356589 0.397416 0.352208 0.370061 0.344793 0.344225 0.334681 0.339666 0.323559 0.346505 0.321537 0.371581 0.328278 0.408055 0.329963 0.440729 0.329963 0.480243 0.329626 0.491641
0 0.367374 0.492401 0.364341 0.507599 0.367711 0.525076 0.373441 0.536474 0.377486 0.537234 0.383889 0.538754 0.395349 0.539514 0.401079 0.523556 0.401753 0.498480 0.396023 0.467325 0.390630 0.435410 0.385238 0.407295 0.382204 0.382979 0.375463 0.351064 0.373441 0.338146 0.361982 0.319909 0.353893 0.323708 0.354230 0.348784 0.358274 0.389058 0.363667 0.420213 0.367374 0.447568
0 0.387934 0.495441 0.386249 0.517477 0.390967 0.541033 0.398382 0.547872 0.407145 0.541793 0.409505 0.539514 0.416245 0.541033 0.424671 0.522036 0.427031 0.498480 0.422649 0.477204 0.415571 0.443009 0.413549 0.420973 0.413549 0.401216 0.411527 0.370061 0.410179 0.357143 0.406134 0.344985 0.395012 0.330547 0.386249 0.340426 0.380519 0.364742 0.380856 0.386778 0.387260 0.432371 0.389619 0.453647
0 0.497809 0.472644 0.497472 0.508359 0.499157 0.521277 0.505561 0.528116 0.516009 0.529635 0.524435 0.528875 0.531513 0.520517 0.531513 0.489362 0.531176 0.465805 0.527806 0.433891 0.526795 0.401216 0.526121 0.376140 0.524772 0.353343 0.524435 0.333587 0.521402 0.318389 0.513987 0.308511 0.508932 0.310030 0.503202 0.337386 0.503539 0.365502
0 0.530165 0.465046 0.531176 0.503799 0.530502 0.508359 0.532861 0.523556 0.543310 0.531155 0.548028 0.527356 0.554432 0.509878 0.554432 0.484043 0.553758 0.447568 0.551399 0.407295 0.549714 0.376140 0.548028 0.339666 0.542636 0.325988 0.536232 0.321429 0.531176 0.341945 0.529154 0.387538 0.530165 0.425532
0 0.553758 0.474924 0.553758 0.509119 0.558140 0.525836 0.564206 0.539514 0.574655 0.538754 0.583081 0.525836 0.587125 0.503799 0.586788 0.478723 0.584766 0.447568 0.584429 0.418693 0.583755 0.397416 0.581058 0.360182 0.580721 0.342705 0.580721 0.325988 0.578362 0.307751 0.576677 0.287994 0.569599 0.282675 0.562858 0.294073 0.557465 0.328267 0.557465 0.354863
0 0.592855 0.477964 0.589484 0.499240 0.589484 0.527356 0.594877 0.534954 0.602629 0.534195 0.614762 0.546353 0.623862 0.531915 0.626559 0.503799 0.626222 0.488602 0.630603 0.444529 0.635322 0.417933 0.641052 0.398936 0.646107 0.382979 0.648466 0.357903 0.643411 0.346505 0.629592 0.348024 0.618807 0.373100 0.611729 0.400456 0.604988 0.434650
0 0.626896 0.490881 0.620492 0.506839 0.617122 0.523556 0.618133 0.547872 0.625548 0.563830 0.633974 0.565350 0.639029 0.567629 0.645770 0.577508 0.655207 0.571429 0.665319 0.555471 0.667341 0.519757 0.663296 0.498480 0.663633 0.478723 0.670711 0.458207 0.672733 0.439970 0.676778 0.411094 0.678463 0.394377 0.676104 0.377660 0.666667 0.364742 0.656892 0.368541 0.641726 0.389058 0.634311 0.420973 0.630940 0.455167
0 0.661948 0.489362 0.657230 0.512158 0.659252 0.539514 0.669700 0.566869 0.681159 0.561550 0.687900 0.553951 0.697337 0.560030 0.704415 0.560030 0.709134 0.527356 0.708460 0.498480 0.718571 0.432371 0.723964 0.402736 0.725649 0.388298 0.722952 0.374620 0.718234 0.360942 0.711493 0.356383 0.694978 0.358663 0.684193 0.379179 0.679137 0.405775 0.677452 0.430091 0.667341 0.473404
0 0.495787 0.569909 0.497472 0.618541 0.497809 0.646657 0.496798 0.679331 0.494439 0.708967 0.493091 0.727964 0.499157 0.752280 0.506235 0.753040 0.509943 0.717325 0.514324 0.639058 0.517695 0.613982 0.520391 0.588146 0.520728 0.573708 0.514998 0.562310 0.505898 0.563070
0 0.524435 0.557751 0.521065 0.566869 0.521739 0.582067 0.521065 0.615502 0.521065 0.635258 0.519717 0.660334 0.518032 0.683891 0.517695 0.708207 0.517695 0.732523 0.518369 0.746201 0.523424 0.759878 0.530502 0.752280 0.531176 0.723404 0.537580 0.662614 0.539939 0.631459 0.542636 0.604103 0.544995 0.582827 0.543984 0.563070 0.539602 0.553191 0.532861 0.551672
0 0.549714 0.545593 0.543984 0.556991 0.540276 0.577508 0.538591 0.605623 0.539602 0.651976 0.539265 0.678571 0.537243 0.709726 0.537243 0.731763 0.536569 0.757599 0.536569 0.775836 0.541625 0.791033 0.550725 0.784195 0.555443 0.744681 0.559488 0.708967 0.563869 0.674012 0.566229 0.626140 0.567577 0.599544 0.568925 0.577508 0.567914 0.561550 0.562184 0.550152
0 0.579036 0.554711 0.570610 0.568389 0.565217 0.574468 0.564206 0.595745 0.569599 0.607903 0.570273 0.631459 0.571958 0.665653 0.573980 0.729483 0.577688 0.755319 0.585777 0.754559 0.588136 0.724924 0.590158 0.678571 0.593192 0.624620 0.596225 0.578267 0.593529 0.562310 0.584766 0.552432
0 0.595214 0.558511 0.590495 0.569149 0.589484 0.585106 0.592181 0.604103 0.593529 0.626140 0.593866 0.654255 0.593529 0.674772 0.592518 0.696049 0.593529 0.721125 0.594203 0.752280 0.595888 0.771277 0.605662 0.778875 0.611055 0.761398 0.610381 0.727964 0.611055 0.701368 0.615436 0.648176 0.618133 0.620061 0.622177 0.597264 0.623188 0.576748 0.616111 0.563830 0.606673 0.554711 0.597910 0.559271
0 0.660937 0.573708 0.653859 0.584347 0.650152 0.602584 0.651837 0.620061 0.657904 0.639058 0.660937 0.662614 0.665319 0.687690 0.672396 0.712766 0.697000 0.764438 0.712167 0.762158 0.724638 0.741641 0.721604 0.716565 0.714189 0.680091 0.706775 0.645137 0.703067 0.628419 0.702393 0.600304 0.701045 0.579027 0.695315 0.564590 0.685204 0.562310 0.674756 0.569909 0.665319 0.569909
0 0.464779 0.568389 0.465453 0.603343 0.466464 0.629939 0.470172 0.665653 0.471857 0.698328 0.474553 0.734802 0.479272 0.763678 0.485339 0.771277 0.487024 0.761398 0.487698 0.721884 0.485676 0.636778 0.489383 0.596505 0.489383 0.572948 0.485339 0.563070 0.470509 0.563830
0 0.447927 0.563070 0.442535 0.569149 0.443209 0.586626 0.444894 0.620821 0.446916 0.653495 0.451298 0.704407 0.455005 0.737842 0.456353 0.756839 0.460061 0.772796 0.466801 0.772796 0.472531 0.750760 0.468487 0.721125 0.465790 0.686930 0.464442 0.650456 0.464442 0.626140 0.466464 0.575228 0.464442 0.562310 0.456690 0.557751
0 0.423997 0.562310 0.417594 0.576748 0.415571 0.595745 0.417594 0.618541 0.419279 0.642857 0.420964 0.670973 0.422312 0.695289 0.423997 0.724924 0.427031 0.756839 0.428716 0.775076 0.436468 0.784954 0.444557 0.785714 0.447927 0.771277 0.447253 0.740881 0.444220 0.701368 0.444220 0.668693 0.446242 0.628419 0.443883 0.591185 0.440512 0.569909 0.433771 0.556231 0.425683 0.556231
0 0.399056 0.562310 0.391304 0.593465 0.395349 0.626140 0.395686 0.663374 0.394675 0.691489 0.396023 0.718085 0.400067 0.759878 0.402090 0.777356 0.411527 0.781915 0.416919 0.756839 0.415571 0.731763 0.414897 0.699848 0.414897 0.673252 0.416919 0.648936 0.420290 0.626900 0.423660 0.607143 0.425008 0.585106 0.420627 0.572948 0.417256 0.575988 0.413212 0.556231 0.408830 0.553951 0.402427 0.553951
0 0.378497 0.554711 0.370745 0.563070 0.369734 0.580547 0.370745 0.607903 0.370745 0.639058 0.372767 0.677812 0.373778 0.704407 0.374115 0.726444 0.376475 0.754559 0.379508 0.778116 0.386249 0.781155 0.391978 0.761398 0.391978 0.739362 0.393327 0.701368 0.396023 0.651976 0.398382 0.628419 0.402090 0.610182 0.404786 0.591945 0.405460 0.569909 0.401416 0.558511 0.396023 0.560030 0.390630 0.550912 0.385238 0.549392
0 0.325918 0.572188 0.320863 0.555471 0.312774 0.556991 0.305359 0.569909 0.303000 0.589666 0.302663 0.613982 0.299966 0.636018 0.293900 0.660334 0.288507 0.681611 0.278733 0.712006 0.275699 0.730243 0.277048 0.750000 0.285137 0.762158 0.306033 0.758359 0.316818 0.728723 0.327941 0.709726 0.335693 0.675532 0.341759 0.645897 0.347826 0.630699 0.354230 0.617021 0.351196 0.594225 0.348163 0.580547 0.340074 0.574468 0.332996 0.569149
0 0.286485 0.565350 0.276710 0.550912 0.269296 0.564590 0.266936 0.585866 0.266936 0.610182 0.266599 0.645897 0.265251 0.664894 0.261544 0.695289 0.256825 0.710486 0.252781 0.723404 0.252107 0.740122 0.258847 0.750000 0.268959 0.740881 0.278059 0.718845 0.286148 0.693769 0.295922 0.659574 0.301314 0.638298 0.304348 0.615502 0.309740 0.601824 0.310752 0.582827 0.307718 0.569909 0.303000 0.560030 0.297944 0.556231 0.291877 0.554711
