0 0.457996 0.557377 0.494939 0.556352 0.486842 0.462090 0.479757 0.340164 0.464069 0.343238 0.460020 0.483607
0 0.429656 0.545082 0.459008 0.553279 0.465081 0.339139 0.444838 0.341189 0.435223 0.498975
0 0.401822 0.508197 0.411943 0.546107 0.424089 0.550205 0.440283 0.520492 0.439271 0.330943 0.415486 0.335041
0 0.378543 0.497951 0.389170 0.536885 0.415992 0.516393 0.420040 0.471311 0.413968 0.337090 0.392713 0.344262 0.387146 0.462090
0 0.358300 0.497951 0.370445 0.524590 0.390688 0.504098 0.395243 0.460041 0.383097 0.343238 0.364879 0.348361 0.365891 0.419057
0 0.320344 0.474385 0.329453 0.512295 0.360324 0.513320 0.372976 0.466189 0.363866 0.415984 0.358806 0.319672 0.340081 0.326844 0.329960 0.425205
0 0.281377 0.436475 0.286437 0.479508 0.312247 0.498975 0.328947 0.477459 0.327429 0.419057 0.330972 0.318648 0.304656 0.324795 0.294534 0.403689
0 0.245951 0.393443 0.260628 0.452869 0.289980 0.448770 0.294534 0.405738 0.311235 0.324795 0.296053 0.306352 0.263664 0.366803
0 0.485830 0.553279 0.518725 0.556352 0.512146 0.469262 0.506073 0.338115 0.489372 0.342213
0 0.512652 0.550205 0.540992 0.543033 0.533907 0.468238 0.529352 0.330943 0.509109 0.336066
0 0.530870 0.482582 0.547571 0.545082 0.563259 0.520492 0.563259 0.462090 0.551113 0.326844 0.532389 0.330943
0 0.546559 0.464139 0.557186 0.522541 0.566296 0.509221 0.579960 0.523566 0.591093 0.489754 0.581478 0.438525 0.575911 0.329918 0.556174 0.331967
0 0.573887 0.460041 0.578441 0.511270 0.589575 0.507172 0.602733 0.513320 0.608300 0.493852 0.604251 0.431352 0.598684 0.345287 0.578947 0.344262 0.577429 0.435451
0 0.595648 0.456967 0.604251 0.508197 0.639170 0.508197 0.645243 0.456967 0.625506 0.341189 0.606275 0.343238 0.600709 0.436475
0 0.637652 0.478484 0.657895 0.490779 0.675101 0.466189 0.675101 0.428279 0.643219 0.303279 0.631073 0.307377
0 0.671559 0.441598 0.683704 0.456967 0.698887 0.448770 0.708502 0.406762 0.700911 0.367828 0.664474 0.284836 0.651822 0.296107 0.660931 0.386270
0 0.489879 0.584016 0.509615 0.572746 0.511134 0.610656 0.507591 0.755123 0.496964 0.755123 0.492409 0.622951
0 0.509615 0.564549 0.534919 0.564549 0.528340 0.635246 0.532389 0.766393 0.517206 0.766393 0.510628 0.626025 0.506579 0.577869
0 0.523279 0.579918 0.533401 0.553279 0.549089 0.555328 0.553644 0.635246 0.566296 0.784836 0.552126 0.789959
0 0.545547 0.584016 0.560223 0.546107 0.577429 0.561475 0.575911 0.625000 0.586032 0.778689 0.574899 0.780738 0.558198 0.677254 0.553644 0.614754
0 0.565789 0.561475 0.577429 0.554303 0.583502 0.543033 0.598684 0.554303 0.603745 0.634221 0.630567 0.742828 0.618927 0.753074 0.589575 0.674180 0.574393 0.606557
0 0.621457 0.543033 0.655364 0.501025 0.672065 0.522541 0.677632 0.565574 0.718623 0.644467 0.693826 0.681352 0.644737 0.603484
0 0.662449 0.497951 0.690789 0.459016 0.704453 0.477459 0.744433 0.602459 0.721154 0.638320 0.693826 0.591189 0.683704 0.561475 0.667510 0.533811
0 0.477733 0.584016 0.496457 0.581967 0.492915 0.617828 0.494433 0.758197 0.482287 0.758197 0.477227 0.622951 0.474696 0.600410
0 0.453441 0.574795 0.482287 0.578893 0.476215 0.632172 0.474696 0.767418 0.459008 0.766393 0.456984 0.630123 0.453441 0.604508
0 0.429150 0.605533 0.435223 0.569672 0.450911 0.569672 0.461032 0.603484 0.450911 0.691598 0.445344 0.785861 0.428138 0.779713 0.429150 0.659836
0 0.406883 0.574795 0.402834 0.614754 0.406377 0.689549 0.387652 0.771516 0.404858 0.790984 0.425101 0.721311 0.428138 0.652664 0.437247 0.589139 0.424089 0.566598
0 0.382591 0.566598 0.395749 0.553279 0.403846 0.568648 0.410931 0.566598 0.420040 0.586066 0.406883 0.626025 0.402328 0.670082 0.375506 0.777664 0.348178 0.741803 0.364372 0.681352 0.375506 0.661885
0 0.339575 0.547131 0.393219 0.561475 0.386640 0.608607 0.375506 0.632172 0.343117 0.753074 0.302632 0.706967 0.336538 0.607582
0 0.299089 0.543033 0.312247 0.514344 0.351215 0.554303 0.332996 0.604508 0.292510 0.710041 0.257591 0.657787 0.295547 0.573770
0 0.258603 0.508197 0.266194 0.484631 0.280870 0.478484 0.289980 0.494877 0.299595 0.495902 0.307692 0.518443 0.305162 0.539959 0.292510 0.566598 0.275304 0.625000 0.260628 0.648566 0.231275 0.587090 0.253036 0.545082
