0 0.500675 0.497720 0.504386 0.541033 0.506410 0.557751 0.489879 0.565350 0.472335 0.561550 0.473684 0.540274 0.470648 0.487842 0.467949 0.458207 0.461876 0.394377 0.459852 0.370061 0.459852 0.339666 0.464575 0.315350 0.474359 0.310790 0.479757 0.329027 0.482794 0.355623 0.492915 0.429331
0 0.471660 0.511398 0.472672 0.537234 0.473347 0.560790 0.454116 0.563070 0.449730 0.530395 0.449055 0.483283 0.448043 0.455927 0.446356 0.413374 0.445344 0.359422 0.451754 0.333587 0.459852 0.350304 0.465250 0.415653 0.471660 0.491641
0 0.452767 0.503799 0.453441 0.534195 0.448718 0.557751 0.442645 0.575228 0.428138 0.575228 0.426113 0.555471 0.424426 0.522796 0.425439 0.496201 0.426788 0.458207 0.426788 0.415653 0.427126 0.382219 0.427126 0.351824 0.435223 0.341945 0.444332 0.360182 0.447368 0.415653 0.448043 0.458967
0 0.405870 0.490881 0.404858 0.519757 0.412281 0.549392 0.419703 0.563830 0.428812 0.565350 0.435223 0.554711 0.437247 0.512158 0.434548 0.479483 0.431511 0.450608 0.428812 0.420213 0.427800 0.395137 0.426788 0.373860 0.425439 0.345745 0.415317 0.338906 0.409919 0.347264 0.404858 0.382219 0.406208 0.421733
0 0.341430 0.503799 0.341093 0.546353 0.351552 0.567629 0.367746 0.575988 0.381579 0.560790 0.383266 0.520517 0.375843 0.501520 0.370445 0.475684 0.369771 0.446049 0.369771 0.415653 0.367746 0.373860 0.362348 0.350304 0.353239 0.341185 0.345142 0.353343 0.338731 0.376900 0.341093 0.440729 0.342443 0.487842
0 0.500675 0.495441 0.501687 0.526596 0.507422 0.554711 0.518893 0.555471 0.530702 0.546353 0.531039 0.518237 0.528003 0.481003 0.524629 0.436170 0.523617 0.414894 0.521592 0.395137 0.517544 0.348024 0.509784 0.337386 0.501012 0.329027 0.492915 0.344225 0.494602 0.382979 0.499325 0.423252 0.500675 0.452128
0 0.501012 0.582067 0.501687 0.618541 0.501687 0.653495 0.499325 0.721125 0.498313 0.766717 0.502699 0.784954 0.510121 0.783435 0.512821 0.736322 0.515520 0.694529 0.517206 0.645897 0.521930 0.606383 0.521930 0.583587 0.518219 0.579787 0.510121 0.577508
0 0.518219 0.578267 0.514845 0.610182 0.516532 0.637538 0.516532 0.696809 0.513833 0.740122 0.514507 0.775076 0.519906 0.797112 0.525641 0.789514 0.529015 0.750000 0.532726 0.698328 0.535425 0.651216 0.536437 0.600304 0.539136 0.573708 0.531039 0.566869 0.521592 0.565350
0 0.538124 0.573708 0.533063 0.604103 0.533063 0.653495 0.537112 0.707447 0.537112 0.770517 0.535762 0.795593 0.543860 0.818389 0.551957 0.815350 0.559379 0.783435 0.561741 0.737842 0.561741 0.670213 0.560391 0.639818 0.560391 0.610182 0.561741 0.583587 0.556680 0.569149 0.550945 0.565350
0 0.561741 0.582067 0.555331 0.604863 0.557692 0.660334 0.561741 0.715805 0.561741 0.756079 0.569501 0.784954 0.573887 0.781155 0.581309 0.750000 0.581309 0.701368 0.581984 0.664134 0.586707 0.636778 0.586707 0.598024 0.582321 0.575988 0.574899 0.566869 0.568151 0.567629
0 0.612348 0.579787 0.605601 0.585866 0.602227 0.619301 0.609649 0.658055 0.617746 0.686170 0.629217 0.711246 0.642038 0.731763 0.654184 0.741641 0.664980 0.746201 0.673077 0.731763 0.675101 0.702888 0.668691 0.678571 0.656883 0.647416 0.646761 0.606383 0.639339 0.579787 0.628543 0.569149
0 0.639676 0.573708 0.644737 0.557751 0.655870 0.553191 0.676113 0.542553 0.682186 0.555471 0.684211 0.582067 0.686910 0.604863 0.688934 0.617021 0.697031 0.637538 0.705803 0.655775 0.711538 0.682371 0.709852 0.701368 0.701754 0.715046 0.692645 0.724164 0.679825 0.711246 0.672065 0.690729 0.661606 0.660334 0.654184 0.643617 0.644737 0.607903
0 0.500000 0.581307 0.502699 0.617021 0.499325 0.648176 0.497976 0.674772 0.497301 0.713526 0.497301 0.734043 0.496289 0.762918 0.495277 0.783435 0.489879 0.799392 0.487179 0.787234 0.485493 0.762158 0.483468 0.715046 0.482456 0.654255 0.482456 0.619301 0.482456 0.582067
0 0.482456 0.581307 0.482456 0.610942 0.479757 0.653495 0.481781 0.686170 0.482794 0.762158 0.484480 0.795593 0.478745 0.816109 0.472672 0.797112 0.470648 0.748480 0.469636 0.711246 0.466262 0.668693 0.463225 0.627660 0.460864 0.592705 0.460526 0.572188
0 0.459177 0.579787 0.461538 0.629179 0.461876 0.674772 0.462551 0.739362 0.462551 0.781155 0.458839 0.818389 0.451754 0.829787 0.444332 0.811550 0.440958 0.770517 0.440958 0.711246 0.440958 0.665653 0.436235 0.604103 0.438934 0.584347 0.450067 0.577508
0 0.424089 0.598024 0.423414 0.645137 0.420378 0.688450 0.416329 0.756079 0.413630 0.797112 0.408570 0.835866 0.397099 0.844225 0.394399 0.816109 0.394399 0.741641 0.394399 0.701368 0.394399 0.658055 0.394399 0.617021 0.398111 0.588146 0.409582 0.583587
0 0.383266 0.598784 0.377868 0.647416 0.373482 0.677812 0.367746 0.701368 0.357625 0.727964 0.343117 0.750000 0.334683 0.762918 0.322874 0.762158 0.317476 0.743921 0.316464 0.719605 0.316464 0.696809 0.323212 0.651976 0.328273 0.631459 0.334008 0.610182 0.341093 0.587386 0.351215 0.582067 0.361336 0.589666 0.372132 0.587386
0 0.641026 0.519757 0.640351 0.540274 0.653846 0.542553 0.668016 0.532675 0.674764 0.520517 0.675776 0.505319 0.670715 0.485562 0.667679 0.464286 0.670378 0.423252 0.669703 0.395137 0.665655 0.373860 0.660256 0.355623 0.653846 0.355623 0.644737 0.364742 0.641363 0.382219 0.639339 0.405775 0.638327 0.433891 0.638327 0.458967 0.638664 0.481763 0.640351 0.495441
0 0.641026 0.481003 0.642038 0.519757 0.636977 0.544833 0.625169 0.548632 0.607625 0.554711 0.593117 0.551672 0.590081 0.528875 0.592105 0.507599 0.595816 0.481003 0.598178 0.449848 0.600202 0.426292 0.607287 0.380699 0.612348 0.356383 0.615047 0.341185 0.633266 0.338906 0.645074 0.351824 0.644062 0.376900 0.638664 0.405775 0.638327 0.456687
0 0.596829 0.465046 0.595816 0.497720 0.593792 0.522036 0.589069 0.534954 0.588394 0.549392 0.572200 0.546353 0.571188 0.516717 0.573887 0.471125 0.573887 0.448328 0.573887 0.413374 0.573887 0.389058 0.572874 0.357903 0.574899 0.332827 0.584683 0.318389 0.595479 0.335106 0.593792 0.366261 0.594130 0.405015 0.593117 0.437690
0 0.552632 0.479483 0.548583 0.506079 0.550270 0.525836 0.554656 0.538754 0.562753 0.538754 0.572200 0.531915 0.574899 0.518237 0.578273 0.487842 0.575574 0.456687 0.575574 0.431611 0.573549 0.396657 0.573549 0.362462 0.572200 0.335866 0.563090 0.332827 0.559042 0.372340 0.556680 0.405775 0.556343 0.439970 0.554656 0.467325
