0 0.477336 0.254559 0.476639 0.296353 0.475244 0.338906 0.473501 0.376900 0.472106 0.454407 0.479777 0.477964 0.500000 0.469605 0.507671 0.433131 0.506974 0.351064 0.506974 0.317629 0.505579 0.258359 0.490934 0.241641
0 0.445607 0.250000 0.445607 0.282675 0.445607 0.340426 0.443863 0.393617 0.443166 0.438450 0.451534 0.476444 0.463738 0.477964 0.470711 0.443009 0.474198 0.395137 0.476639 0.300912 0.472803 0.231763 0.461297 0.237082
0 0.406904 0.221884 0.406904 0.246960 0.406904 0.302432 0.410739 0.367021 0.412831 0.427052 0.420502 0.461246 0.430962 0.471125 0.443166 0.443009 0.444909 0.406535 0.444909 0.368541 0.440377 0.287994 0.436541 0.256839 0.434100 0.226444 0.420502 0.220365
0 0.386332 0.258359 0.387029 0.289514 0.387029 0.355623 0.387029 0.420213 0.392608 0.477964 0.404463 0.466565 0.413529 0.446809 0.415272 0.414894 0.411437 0.344225 0.408298 0.289514 0.405509 0.251520 0.395397 0.234802 0.388773 0.240122
0 0.363668 0.250000 0.363668 0.275076 0.363668 0.332827 0.359833 0.382219 0.360530 0.414894 0.363668 0.444529 0.376569 0.458207 0.387029 0.451368 0.391562 0.427052 0.392608 0.378419 0.389470 0.327508 0.385635 0.271277 0.384240 0.237082
0 0.310669 0.259878 0.312762 0.296353 0.313808 0.330547 0.314505 0.363982 0.317294 0.413374 0.319735 0.446809 0.337169 0.459726 0.356695 0.461246 0.366109 0.443009 0.368201 0.418693 0.363668 0.373860 0.362273 0.330547 0.358438 0.278116 0.350070 0.230243 0.332636 0.228723 0.318340 0.233283
0 0.285565 0.256839 0.282427 0.279635 0.280335 0.317629 0.277197 0.360942 0.275105 0.390578 0.275105 0.427052 0.283473 0.443009 0.300907 0.454407 0.315900 0.443009 0.318340 0.390578 0.314505 0.338906 0.309972 0.264438 0.296374 0.244681
0 0.243026 0.208967 0.242329 0.223404 0.241632 0.246960 0.240237 0.279635 0.240237 0.320669 0.247559 0.351064 0.262204 0.365502 0.275105 0.357143 0.282427 0.322948 0.284170 0.266717 0.284170 0.224924 0.271269 0.203647
0 0.510112 0.248480 0.510809 0.300912 0.507671 0.352584 0.505579 0.403495 0.505579 0.449848 0.510809 0.476444 0.525105 0.487842 0.534868 0.481003 0.538703 0.452888 0.539400 0.383739 0.540446 0.327508 0.538703 0.279635 0.535565 0.246960 0.525802 0.237082
0 0.551604 0.258359 0.547768 0.286474 0.542538 0.347264 0.540446 0.416413 0.548466 0.458207 0.558577 0.469605 0.565900 0.451368 0.565900 0.398936 0.566946 0.351064 0.566946 0.281155 0.565202 0.237082 0.556137 0.223404
0 0.587169 0.251520 0.579847 0.309271 0.579847 0.380699 0.575314 0.416413 0.574268 0.458207 0.585077 0.481003 0.594142 0.454407 0.596234 0.393617 0.600070 0.332827 0.603208 0.266717 0.600070 0.226444 0.590307 0.233283
0 0.608438 0.248480 0.603208 0.292553 0.600070 0.334347 0.596234 0.410334 0.598675 0.431611 0.616109 0.471125 0.620642 0.452888 0.622036 0.411854 0.622036 0.342705 0.623780 0.286474 0.625174 0.253040 0.619944 0.224924
0 0.653068 0.246960 0.651674 0.307751 0.645049 0.357143 0.641213 0.434650 0.661437 0.465046 0.687238 0.468085 0.684449 0.418693 0.683403 0.351064 0.687238 0.287994 0.676081 0.248480
0 0.690377 0.266717 0.689679 0.314590 0.687936 0.386778 0.693515 0.433131 0.714784 0.449848 0.725941 0.438450 0.721409 0.389058 0.721409 0.325988 0.711646 0.266717 0.702580 0.258359
0 0.719317 0.246960 0.718271 0.304711 0.727336 0.368541 0.751743 0.370821 0.758717 0.348784 0.755579 0.299392 0.750349 0.266717 0.743375 0.240122 0.735007 0.220365
0 0.519177 0.509119 0.505579 0.512918 0.502441 0.534195 0.502441 0.566869 0.500697 0.621581 0.499303 0.676292 0.504533 0.725684 0.510112 0.708967 0.512204 0.670973 0.515342 0.631459 0.518131 0.586626 0.521967 0.553951 0.523013 0.534195
0 0.536611 0.503040 0.528940 0.509119 0.525105 0.530395 0.524407 0.600304 0.523013 0.687690 0.523013 0.746960 0.531032 0.753799 0.537308 0.680851 0.541841 0.636778 0.547071 0.575228 0.546374 0.527356
0 0.556834 0.507599 0.547768 0.548632 0.546374 0.611702 0.550209 0.697568 0.554742 0.753799 0.566946 0.725684 0.569735 0.674772 0.572176 0.620061 0.576011 0.568389 0.575314 0.520517
0 0.583333 0.515957 0.572176 0.552432 0.572873 0.614742 0.576709 0.686170 0.583333 0.735562 0.592748 0.677812 0.594840 0.626900 0.598675 0.570669 0.596234 0.530395
0 0.602510 0.522796 0.593445 0.541033 0.599372 0.603343 0.608438 0.687690 0.615411 0.743921 0.620642 0.708967 0.620642 0.644377 0.620642 0.579027 0.617503 0.538754
0 0.622734 0.520517 0.617503 0.541033 0.624477 0.590426 0.626569 0.661094 0.638075 0.718845 0.657601 0.734043 0.675035 0.714286 0.676778 0.669453 0.672943 0.610182 0.670502 0.565350 0.662483 0.530395 0.647141 0.520517
0 0.672245 0.506079 0.663180 0.527356 0.670502 0.570669 0.689679 0.649696 0.698745 0.694529 0.716876 0.705927 0.734310 0.680851 0.734310 0.638298 0.729079 0.593465 0.721409 0.547112 0.711646 0.517477 0.703975 0.503040 0.681311 0.503040
0 0.731172 0.490881 0.720014 0.507599 0.725941 0.555471 0.736750 0.614742 0.754184 0.648176 0.772315 0.642857 0.777545 0.610182 0.773013 0.560790 0.767782 0.522796 0.757671 0.499240 0.747908 0.496201
0 0.484310 0.509119 0.480474 0.544073 0.481172 0.606383 0.482566 0.676292 0.489540 0.737082 0.497908 0.679331 0.500000 0.613222 0.505579 0.553951 0.503835 0.515957
0 0.463738 0.503040 0.456067 0.518997 0.460600 0.591945 0.463040 0.664894 0.469665 0.737082 0.479777 0.702888 0.479777 0.642857 0.482566 0.562310 0.479777 0.507599
0 0.441771 0.509119 0.433403 0.537234 0.432008 0.560790 0.432008 0.634498 0.434100 0.699088 0.448396 0.755319 0.457810 0.740881 0.460600 0.659574 0.462343 0.538754
0 0.410739 0.509119 0.406904 0.547112 0.407601 0.634498 0.413529 0.705927 0.425035 0.755319 0.434798 0.662614 0.434798 0.594985 0.432706 0.552432 0.425035 0.520517 0.418410 0.515957
0 0.388773 0.509119 0.385635 0.527356 0.385635 0.591945 0.385635 0.658055 0.385635 0.720365 0.394700 0.748480 0.400976 0.684650 0.405509 0.608663 0.410042 0.547112 0.410739 0.527356 0.402371 0.512918
0 0.358438 0.503040 0.343096 0.512918 0.338563 0.552432 0.334728 0.611702 0.331241 0.666413 0.337169 0.710486 0.350767 0.714286 0.365063 0.690729 0.378661 0.632979 0.388075 0.580547 0.392608 0.535714 0.385635 0.524316 0.367503 0.506079
0 0.296374 0.484802 0.286960 0.500760 0.283473 0.534195 0.281032 0.588906 0.276499 0.634498 0.276499 0.690729 0.294630 0.687690 0.312064 0.644377 0.324268 0.604863 0.335774 0.560790 0.342399 0.524316 0.325662 0.487842
0 0.238494 0.499240 0.227336 0.506079 0.217225 0.528875 0.205370 0.524316 0.204324 0.553951 0.209902 0.604863 0.224198 0.634498 0.244073 0.621581 0.263598 0.601824 0.277894 0.579027 0.281032 0.541033 0.275105 0.509119 0.255230 0.486322
