0 0.450763 0.414894 0.449376 0.458207 0.455270 0.492401 0.479542 0.494681 0.488558 0.456687 0.486824 0.365502 0.480583 0.240122 0.473301 0.163374 0.457351 0.143617 0.447989 0.161094 0.444175 0.208967 0.447295 0.300152
0 0.413662 0.403495 0.411234 0.436170 0.415395 0.487842 0.427531 0.503040 0.444868 0.488602 0.447295 0.433891 0.445215 0.341945 0.444175 0.259878 0.441748 0.190729 0.432039 0.163374 0.423717 0.164134 0.416089 0.195289 0.414355 0.275076 0.414355 0.389818
0 0.389736 0.405775 0.385922 0.429331 0.390083 0.492401 0.395978 0.509878 0.409501 0.508359 0.421637 0.467325 0.422330 0.405015 0.414702 0.258359 0.411581 0.192249 0.404993 0.151976 0.393204 0.158815 0.386963 0.190729 0.382802 0.265957
0 0.366158 0.405015 0.362344 0.432371 0.364424 0.479483 0.371359 0.506079 0.386616 0.500760 0.399792 0.455927 0.395284 0.376900 0.387656 0.270517 0.385922 0.217325 0.385576 0.182371 0.377601 0.177052 0.365465 0.188450 0.358183 0.246960
0 0.338766 0.417933 0.334951 0.436170 0.339806 0.490881 0.356449 0.505319 0.370666 0.481003 0.368585 0.389058 0.366505 0.281915 0.362344 0.192249 0.354022 0.158815 0.335992 0.196809
0 0.488904 0.398176 0.489598 0.476444 0.500000 0.496201 0.523232 0.490122 0.529473 0.455927 0.526699 0.322948 0.528433 0.196809 0.527739 0.157295 0.512136 0.154255 0.498960 0.196809 0.490985 0.288754
0 0.527393 0.396657 0.531900 0.467325 0.541956 0.485562 0.555132 0.479483 0.559293 0.427052 0.556865 0.327508 0.557212 0.232523 0.559293 0.167933 0.558252 0.142097 0.549237 0.144377 0.539875 0.165653 0.532594 0.250760
0 0.554785 0.393617 0.549931 0.418693 0.549237 0.460486 0.558946 0.492401 0.577670 0.481763 0.585992 0.423252 0.585992 0.335866 0.592926 0.227964 0.597781 0.141337 0.601248 0.094225 0.600208 0.069909 0.589806 0.069909 0.576630 0.083587 0.569348 0.121581 0.561026 0.271277
0 0.577670 0.405015 0.573162 0.436170 0.572122 0.452128 0.581484 0.483283 0.592926 0.493921 0.611304 0.483283 0.615465 0.448328 0.615465 0.356383 0.617198 0.268237 0.620666 0.231003 0.623440 0.195289 0.623440 0.161854 0.611997 0.151976 0.600902 0.202128 0.592580 0.286474
0 0.604022 0.430091 0.603329 0.455927 0.607836 0.477204 0.626214 0.487842 0.645978 0.481003 0.651872 0.418693 0.649098 0.322948 0.649098 0.260638 0.647712 0.204407 0.637656 0.188450 0.624133 0.199088 0.616158 0.277356
0 0.674411 0.385258 0.672677 0.427812 0.682732 0.468085 0.704230 0.467325 0.724688 0.443769 0.730236 0.409574 0.731276 0.334347 0.731276 0.284195 0.726768 0.230243 0.717406 0.202128 0.693828 0.222644
0 0.492025 0.499240 0.489945 0.506079 0.492025 0.610942 0.496879 0.704407 0.498266 0.772036 0.506935 0.809271 0.519417 0.800912 0.524272 0.750000 0.514563 0.661854 0.515257 0.543313 0.515257 0.503799 0.508322 0.496960
0 0.521498 0.499240 0.516297 0.512918 0.517684 0.601824 0.523232 0.744681 0.527739 0.797872 0.535714 0.822948 0.542996 0.813830 0.545076 0.744681 0.540569 0.598024 0.541956 0.534195 0.541956 0.501520 0.532594 0.499240
0 0.546810 0.503040 0.542996 0.503040 0.540915 0.550152 0.541609 0.670973 0.543689 0.744681 0.543689 0.782675 0.548197 0.805471 0.558946 0.802432 0.569695 0.706687 0.565534 0.572188 0.565187 0.519757 0.559293 0.501520
0 0.570388 0.508359 0.558946 0.516717 0.557212 0.543313 0.562067 0.590426 0.568655 0.667173 0.568655 0.740881 0.571429 0.778116 0.579750 0.800912 0.588766 0.797872 0.595007 0.754559 0.596741 0.673252 0.599168 0.561550 0.597781 0.521277 0.587032 0.507599
0 0.589459 0.509878 0.586685 0.541033 0.591886 0.579027 0.597087 0.648176 0.597781 0.711246 0.601248 0.744681 0.612344 0.756079 0.625520 0.753799 0.631761 0.622340 0.633842 0.541033 0.631761 0.506079 0.619279 0.501520 0.598821 0.506079
0 0.704230 0.485562 0.700069 0.514438 0.707351 0.563830 0.716019 0.574468 0.737864 0.629179 0.756241 0.660334 0.779473 0.661854 0.782594 0.620061 0.764910 0.561550 0.750000 0.500760 0.743759 0.462766 0.735437 0.445289 0.718100 0.461246
0 0.482663 0.498480 0.469487 0.498480 0.465673 0.496960 0.465326 0.543313 0.465673 0.575228 0.463245 0.624620 0.468100 0.702888 0.468447 0.759878 0.473648 0.800152 0.484743 0.820669 0.494799 0.802432 0.493065 0.706687 0.490638 0.579787 0.490985 0.518997 0.489945 0.498480
0 0.447989 0.506079 0.435506 0.521277 0.433426 0.537234 0.439667 0.604863 0.446255 0.746960 0.455270 0.804711 0.464632 0.814590 0.472261 0.791793 0.466713 0.645897 0.461165 0.532675 0.459085 0.505319
0 0.422677 0.512158 0.414355 0.523556 0.411234 0.534954 0.411234 0.599544 0.409501 0.655775 0.412621 0.716565 0.420596 0.781155 0.433426 0.832067 0.446255 0.841185 0.451110 0.806991 0.447295 0.711246 0.438627 0.591185 0.434466 0.524316 0.428571 0.508359
0 0.392857 0.517477 0.384535 0.536474 0.379681 0.557751 0.381415 0.595745 0.381761 0.683891 0.388696 0.807751 0.393204 0.847264 0.406380 0.854863 0.416436 0.823708 0.407074 0.644377 0.412275 0.552432 0.408114 0.526596
0 0.372399 0.521277 0.360264 0.525836 0.353329 0.545593 0.353329 0.597264 0.354369 0.682371 0.354022 0.752280 0.356449 0.805471 0.373786 0.813830 0.379681 0.794073 0.380721 0.693769 0.388003 0.556991 0.385922 0.541033
0 0.312413 0.507599 0.302358 0.512158 0.292302 0.545593 0.280513 0.604103 0.251387 0.677812 0.251040 0.716565 0.263176 0.751520 0.280860 0.756079 0.306519 0.695289 0.325589 0.619301 0.345354 0.572188 0.344313 0.534195 0.334605 0.515198
0 0.260402 0.469605 0.244799 0.478723 0.235784 0.536474 0.233010 0.570669 0.209085 0.635258 0.213592 0.693009 0.240291 0.696049 0.273925 0.606383 0.284674 0.556991 0.300277 0.509878 0.295076 0.481763 0.273578 0.470365
