0 0.472924 0.542553 0.485199 0.542553 0.503249 0.542553 0.502888 0.515198 0.500361 0.454407 0.502527 0.332067 0.476534 0.327508 0.475812 0.401976 0.473646 0.458967 0.472563 0.479483 0.469675 0.509878 0.470036 0.527356
0 0.448375 0.527356 0.454874 0.527356 0.464982 0.526596 0.467870 0.494681 0.469675 0.468085 0.474368 0.344225 0.456679 0.338906 0.451986 0.384498 0.446570 0.414894 0.448375 0.446049 0.447653 0.465046 0.446209 0.488602 0.444765 0.501520 0.444765 0.512158
0 0.418412 0.518997 0.425271 0.541033 0.432491 0.538754 0.445487 0.488602 0.448014 0.358663 0.422022 0.342705 0.415162 0.398176 0.415884 0.440729 0.415162 0.462006 0.413357 0.481003 0.413718 0.505319
0 0.409747 0.517477 0.418412 0.522796 0.424549 0.515957 0.425632 0.467325 0.422744 0.365502 0.394585 0.363222 0.393141 0.410334 0.392058 0.457447 0.388448 0.488602 0.385560 0.512918 0.392058 0.528875 0.398556 0.530395
0 0.350181 0.506839 0.357401 0.515198 0.365343 0.512918 0.373646 0.499240 0.376534 0.466565 0.367870 0.435410 0.364260 0.313070 0.336823 0.311550 0.331769 0.362462 0.334296 0.439210 0.332130 0.477204 0.332491 0.503040 0.336462 0.512918 0.341155 0.517477 0.345126 0.509119
0 0.306859 0.489362 0.317690 0.500760 0.327076 0.489362 0.329964 0.485562 0.333213 0.444529 0.331408 0.300912 0.319495 0.268237 0.289170 0.265957 0.289170 0.325228 0.293502 0.371581 0.298556 0.424772 0.292419 0.458207 0.292058 0.474924 0.295307 0.489362 0.300000 0.489362
0 0.277256 0.477964 0.263899 0.453647 0.259206 0.455927 0.254874 0.443769 0.254513 0.429331 0.259206 0.405775 0.263538 0.289514 0.276173 0.287234 0.286282 0.284954 0.289531 0.296353 0.293141 0.334347 0.297834 0.417173 0.296751 0.441489 0.293141 0.460486 0.288087 0.474924
0 0.506859 0.541793 0.506498 0.500000 0.509747 0.441489 0.516968 0.333587 0.527076 0.323708 0.538628 0.322948 0.539711 0.356383 0.536823 0.436930 0.536462 0.465805 0.540433 0.527356 0.537906 0.544073
0 0.545487 0.529635 0.554874 0.531915 0.565704 0.534954 0.568953 0.503799 0.567509 0.470365 0.562094 0.327508 0.542599 0.331307 0.538628 0.373100 0.540433 0.418693 0.545126 0.469605 0.542238 0.490122 0.543682 0.518997
0 0.572924 0.455927 0.570758 0.475684 0.576895 0.507599 0.583032 0.525076 0.585199 0.538754 0.592058 0.543313 0.601444 0.526596 0.606859 0.437690 0.607581 0.317629 0.582310 0.317629 0.576534 0.363982 0.574368 0.415653 0.572924 0.449088
0 0.603971 0.469605 0.598917 0.497720 0.602166 0.526596 0.607942 0.538754 0.613718 0.531915 0.621661 0.547112 0.631769 0.533435 0.631408 0.517477 0.634657 0.313070 0.612274 0.308511 0.606859 0.403495 0.606859 0.441489
0 0.632852 0.523556 0.642960 0.539514 0.648375 0.541033 0.654152 0.526596 0.654152 0.492401 0.651625 0.453647 0.653069 0.304711 0.631769 0.306991 0.633935 0.383739 0.633213 0.431611 0.633213 0.461246 0.631408 0.511398 0.631047 0.516717
0 0.657040 0.530395 0.662455 0.534954 0.674368 0.530395 0.680866 0.531155 0.688087 0.528875 0.691697 0.499240 0.688448 0.465805 0.690253 0.290274 0.660650 0.297872 0.657401 0.367021 0.657762 0.441489 0.657040 0.474924 0.653430 0.500760
0 0.693863 0.503799 0.700361 0.516717 0.709025 0.514438 0.714079 0.513678 0.717690 0.500760 0.724188 0.506079 0.731047 0.503040 0.730325 0.455927 0.725632 0.287234 0.697473 0.286474 0.693863 0.353343 0.692058 0.417933 0.692058 0.448328 0.689531 0.462766
0 0.726354 0.491641 0.735018 0.533435 0.754513 0.522036 0.761372 0.518237 0.771119 0.514438 0.768231 0.452128 0.774729 0.303951 0.742599 0.307751 0.733574 0.419453 0.731047 0.440729 0.729242 0.472644
0 0.510830 0.564590 0.531769 0.562310 0.533213 0.579027 0.537184 0.745441 0.517329 0.750000 0.513718 0.676292 0.513718 0.628419 0.510830 0.583587
0 0.535740 0.566109 0.535740 0.599544 0.537906 0.627660 0.538628 0.683891 0.539350 0.756839 0.549097 0.762918 0.553069 0.662614 0.554152 0.632219 0.558484 0.588906 0.559206 0.569909 0.549097 0.566869 0.537906 0.562310
0 0.572924 0.561550 0.565704 0.568389 0.561733 0.585866 0.559206 0.628419 0.558484 0.646657 0.555957 0.772796 0.569675 0.782675 0.583755 0.628419 0.583394 0.582827 0.584116 0.572188
0 0.597112 0.561550 0.586282 0.580547 0.583394 0.591185 0.586282 0.617021 0.590253 0.785714 0.606498 0.787994 0.611913 0.624620 0.613718 0.579787 0.608664 0.563070 0.604693 0.556231
0 0.613718 0.568389 0.625632 0.556991 0.633574 0.567629 0.638267 0.593465 0.636101 0.647416 0.636462 0.737082 0.645126 0.795593 0.620578 0.796353 0.616606 0.718085 0.612274 0.634498 0.610469 0.580547
0 0.636462 0.556231 0.645126 0.557751 0.652708 0.559271 0.660289 0.556991 0.667870 0.554711 0.674368 0.563830 0.677256 0.599544 0.677617 0.629179 0.699278 0.762918 0.659928 0.782675 0.644765 0.686930 0.640072 0.626140 0.635379 0.588906 0.633935 0.575988
0 0.680866 0.552432 0.676173 0.565350 0.675812 0.581307 0.713357 0.756839 0.759567 0.738602 0.724910 0.586626 0.717690 0.536474 0.708664 0.525836 0.697473 0.530395 0.696029 0.537994 0.687365 0.537994
0 0.488087 0.561550 0.506137 0.563070 0.509747 0.571429 0.509025 0.629179 0.514079 0.754559 0.496390 0.757599 0.490975 0.633739 0.488087 0.585866
0 0.470036 0.560790 0.466787 0.560790 0.466065 0.568389 0.466426 0.584347 0.474729 0.768237 0.491336 0.768997 0.488809 0.646657 0.486282 0.574468 0.475090 0.563070
0 0.450903 0.556231 0.455957 0.562310 0.461733 0.574468 0.464982 0.589666 0.475812 0.784195 0.455235 0.785714 0.446931 0.635258 0.440433 0.574468
0 0.433213 0.550152 0.438628 0.556231 0.441877 0.565350 0.446931 0.578267 0.449097 0.591945 0.449097 0.617021 0.445848 0.783435 0.427437 0.788754 0.418773 0.713526 0.420578 0.629179 0.418412 0.591945 0.421661 0.566109 0.430325 0.550912
0 0.407942 0.546353 0.392780 0.556231 0.390975 0.569149 0.391336 0.596505 0.385921 0.771277 0.400000 0.791793 0.419495 0.704407 0.427798 0.569909
0 0.365343 0.531915 0.369314 0.531915 0.376173 0.541033 0.383394 0.544073 0.393863 0.535714 0.400722 0.541033 0.401805 0.560030 0.395668 0.616261 0.389531 0.693009 0.362455 0.744681 0.348375 0.772036 0.321661 0.736322 0.336462 0.667933 0.348014 0.599544 0.345126 0.557751 0.351986 0.533435 0.355235 0.534195 0.358123 0.541033
0 0.312274 0.510638 0.354152 0.537994 0.306498 0.761398 0.254152 0.699088 0.302166 0.565350 0.304693 0.523556
0 0.269675 0.487842 0.278339 0.507599 0.294585 0.497720 0.301805 0.515957 0.301083 0.553191 0.297473 0.563070 0.296029 0.575228 0.285921 0.620061 0.277256 0.642097 0.243321 0.638298 0.223105 0.628419 0.245848 0.594225 0.255596 0.525836 0.260289 0.492401
