0 0.461643 0.520517 0.458234 0.550152 0.458575 0.572188 0.469144 0.583587 0.482782 0.585106 0.488578 0.572188 0.490283 0.528875 0.485851 0.398176 0.484828 0.325228 0.484828 0.288754 0.482782 0.261398 0.474940 0.256079 0.466417 0.285714 0.462666 0.338906 0.462325 0.428571
0 0.438459 0.505319 0.438459 0.542553 0.439482 0.563830 0.452097 0.575988 0.461643 0.553191 0.464371 0.455927 0.464371 0.387538 0.464371 0.322188 0.464371 0.289514 0.461643 0.271277 0.455847 0.271277 0.449369 0.314590
0 0.420048 0.519757 0.419366 0.550912 0.423457 0.575988 0.438459 0.568389 0.445960 0.515198 0.445960 0.422492 0.450051 0.340426 0.450051 0.291793 0.440846 0.270517 0.432663 0.277356 0.422775 0.361702
0 0.401296 0.500000 0.399591 0.544073 0.410842 0.568389 0.425503 0.562310 0.431640 0.514438 0.430276 0.408815 0.430276 0.363222 0.430276 0.325228 0.429935 0.286474 0.421752 0.277356 0.411865 0.322948 0.401637 0.430091
0 0.329356 0.469605 0.322196 0.493921 0.325946 0.527356 0.342653 0.545593 0.353563 0.548632 0.362087 0.536474 0.363450 0.487842 0.357995 0.410334 0.359359 0.362462 0.355950 0.331307 0.339584 0.335106 0.332083 0.413374
0 0.300034 0.448328 0.289806 0.483283 0.294920 0.504559 0.308558 0.527356 0.318445 0.534954 0.332083 0.514438 0.336175 0.459726 0.335493 0.392857 0.330719 0.332067 0.326287 0.301672 0.315377 0.298632 0.307535 0.328267
0 0.488237 0.513678 0.485851 0.551672 0.487214 0.575988 0.497784 0.588146 0.513467 0.580547 0.518241 0.562310 0.517559 0.430091 0.518923 0.343465 0.520286 0.306991 0.516877 0.278116 0.509035 0.284195 0.500852 0.334347
0 0.510740 0.530395 0.511422 0.571429 0.514149 0.583587 0.529151 0.581307 0.538016 0.528875 0.537334 0.422492 0.540743 0.325988 0.540743 0.288754 0.533583 0.268237 0.525401 0.280395 0.518923 0.350304 0.515854 0.423252
0 0.527787 0.507599 0.525401 0.533435 0.533583 0.582067 0.546198 0.585106 0.557791 0.506079 0.557109 0.359422 0.555404 0.303951 0.550290 0.268237 0.539379 0.281155 0.530856 0.344225 0.530856 0.410334
0 0.537675 0.526596 0.537334 0.566869 0.548926 0.566869 0.560859 0.589666 0.570406 0.577508 0.578248 0.507599 0.571770 0.387538 0.572110 0.354103 0.570065 0.310790 0.554381 0.310030 0.548585 0.405015
0 0.556427 0.541033 0.554040 0.568389 0.561882 0.591185 0.574497 0.585106 0.581316 0.596505 0.594954 0.562310 0.594954 0.481763 0.594954 0.417933 0.594954 0.365502 0.593590 0.328267 0.582680 0.308511 0.573133 0.329027 0.565292 0.411854
0 0.576884 0.544073 0.572792 0.566869 0.574497 0.596505 0.586771 0.614742 0.613706 0.617021 0.625980 0.586626 0.623594 0.542553 0.629390 0.490881 0.635527 0.460486 0.640300 0.422492 0.642346 0.386778 0.639959 0.351064 0.629049 0.332067 0.615070 0.325228 0.597341 0.338906 0.589840 0.370821 0.581657 0.487082
0 0.629049 0.495441 0.626662 0.541793 0.632117 0.562310 0.644050 0.556991 0.676781 0.544833 0.675418 0.511398 0.672690 0.434650 0.672690 0.389058 0.671667 0.351064 0.662803 0.334347 0.649165 0.346505 0.638936 0.386018
0 0.314013 0.513678 0.297307 0.501520 0.286396 0.520517 0.275486 0.562310 0.261166 0.617021 0.254006 0.696049 0.263212 0.717325 0.290488 0.699848 0.315036 0.620821 0.331742 0.572188 0.334811 0.547872 0.331401 0.529635
0 0.330038 0.529635 0.323900 0.547112 0.321855 0.592705 0.305489 0.753799 0.314013 0.763678 0.333106 0.742401 0.350835 0.675532 0.369928 0.586626 0.373679 0.562310 0.369587 0.535714 0.360723 0.534954 0.349472 0.538754 0.335493 0.529635
0 0.405728 0.533435 0.397204 0.547872 0.393113 0.581307 0.393113 0.655015 0.385271 0.760638 0.388681 0.803951 0.403000 0.787994 0.411183 0.679331 0.416638 0.606383 0.420389 0.580547 0.420730 0.556231 0.416638 0.536474
0 0.425844 0.533435 0.418002 0.547872 0.413229 0.583587 0.415956 0.642857 0.409137 0.779635 0.414593 0.810030 0.430958 0.794073 0.433004 0.629939 0.438459 0.562310 0.433686 0.544833
0 0.445278 0.530395 0.436413 0.535714 0.434368 0.601824 0.434027 0.732523 0.434027 0.779635 0.436754 0.837386 0.444937 0.844985 0.454483 0.793313 0.454483 0.669453 0.456188 0.581307 0.456870 0.536474 0.452779 0.527356
0 0.462325 0.529635 0.454824 0.534954 0.456870 0.689970 0.453461 0.781155 0.453461 0.819149 0.463689 0.819149 0.469826 0.718085 0.469826 0.605623 0.476304 0.532675 0.471190 0.526596
0 0.480055 0.539514 0.472554 0.545593 0.470849 0.617021 0.469144 0.696049 0.469144 0.756839 0.464371 0.817629 0.472554 0.833587 0.479032 0.810030 0.485510 0.604863 0.486874 0.569149 0.488578 0.538754
0 0.494033 0.539514 0.487214 0.539514 0.483123 0.665653 0.478009 0.781155 0.479373 0.823708 0.491647 0.826748 0.495397 0.765957 0.502216 0.596505 0.506648 0.553191 0.508694 0.535714
0 0.514831 0.542553 0.508012 0.539514 0.501875 0.556991 0.490283 0.737082 0.485510 0.794833 0.494033 0.803951 0.504603 0.782675 0.520968 0.589666 0.526423 0.550912 0.520286 0.544073
0 0.531197 0.550912 0.517218 0.559271 0.510399 0.605623 0.505285 0.677812 0.500511 0.778875 0.499148 0.818389 0.505285 0.832827 0.522332 0.806991 0.539039 0.645897 0.542789 0.583587 0.540061 0.556991
0 0.546198 0.566109 0.533924 0.566109 0.527787 0.584347 0.524037 0.656535 0.514490 0.740122 0.514490 0.803951 0.516877 0.828267 0.522332 0.838906 0.536652 0.832827 0.546880 0.705927 0.553699 0.642857 0.558132 0.607903 0.559836 0.591185 0.554381 0.571429 0.551654 0.569909
0 0.553699 0.563070 0.544835 0.560030 0.538698 0.594225 0.543471 0.699848 0.544494 0.808511 0.548926 0.835866 0.562223 0.823708 0.572792 0.651976 0.575520 0.596505 0.575520 0.575228 0.569383 0.566109 0.560859 0.563070
0 0.630753 0.556231 0.621548 0.568389 0.625639 0.605623 0.651551 0.692249 0.682919 0.761398 0.700307 0.765198 0.712581 0.735562 0.709512 0.679331 0.693147 0.604863 0.684964 0.566869 0.667235 0.543313 0.650869 0.538754
