0 0.449629 0.606383 0.480382 0.602584 0.482503 0.536474 0.469070 0.348784 0.452103 0.357143 0.448215 0.503799 0.446448 0.576748
0 0.420643 0.595745 0.440085 0.598784 0.446448 0.579787 0.450689 0.493921 0.444680 0.338146 0.428066 0.350304 0.422411 0.465805 0.416048 0.557751
0 0.387063 0.582067 0.403676 0.606383 0.412513 0.604103 0.416755 0.578267 0.423118 0.564590 0.420997 0.509119 0.414988 0.319149 0.388476 0.332827 0.388476 0.476444 0.385295 0.537234
0 0.356663 0.586626 0.366914 0.594225 0.377165 0.587386 0.390951 0.594225 0.397667 0.548632 0.385295 0.376140 0.356310 0.386778 0.357370 0.491641 0.355603 0.545593
0 0.322022 0.562310 0.332273 0.597264 0.347473 0.602584 0.361258 0.594225 0.366207 0.540274 0.358784 0.455927 0.349947 0.358663 0.332626 0.372340 0.335808 0.460486 0.326971 0.511398 0.324496 0.540274
0 0.281018 0.568389 0.292329 0.602584 0.305762 0.602584 0.313892 0.607903 0.325910 0.574468 0.321315 0.518237 0.317780 0.484802 0.306115 0.373100 0.277130 0.389818 0.279251 0.468085 0.281018 0.500760 0.284906 0.512918
0 0.484270 0.601064 0.512195 0.606383 0.516437 0.600304 0.520325 0.538754 0.509014 0.354103 0.489219 0.362462 0.487451 0.492401 0.484977 0.533435 0.481089 0.569909
0 0.521386 0.591945 0.531637 0.597264 0.542948 0.587386 0.547543 0.579787 0.547543 0.493921 0.533051 0.338146 0.519618 0.346505 0.517851 0.473404 0.514669 0.537234
0 0.542948 0.578267 0.552492 0.598784 0.565217 0.606383 0.575822 0.576748 0.576529 0.537234 0.572641 0.435410 0.566985 0.332827 0.550018 0.339666 0.546129 0.458967 0.545422 0.511398 0.542241 0.547112
0 0.571934 0.590426 0.566985 0.549392 0.568752 0.507599 0.568752 0.445289 0.575822 0.302432 0.592789 0.306991 0.602333 0.462766 0.606575 0.509119 0.609756 0.574468 0.603040 0.591945 0.587840 0.586626
0 0.605514 0.594225 0.596677 0.548632 0.602333 0.502280 0.632732 0.369301 0.653941 0.377660 0.650760 0.467325 0.650760 0.530395 0.646518 0.574468 0.633086 0.602584 0.621774 0.600304
0 0.655355 0.601064 0.645811 0.578267 0.646518 0.534954 0.650760 0.509119 0.656062 0.460486 0.679392 0.382979 0.705196 0.385258 0.696359 0.479483 0.691410 0.521277 0.695652 0.552432 0.693178 0.587386 0.680099 0.595745 0.669141 0.597264
0 0.521032 0.626140 0.541181 0.639058 0.540474 0.708207 0.533404 0.875380 0.522800 0.868541 0.517144 0.740122 0.517144 0.690729 0.513256 0.651216
0 0.540474 0.640578 0.551785 0.623100 0.566985 0.640578 0.566985 0.714286 0.555673 0.909574 0.539060 0.908055 0.538706 0.693769
0 0.565571 0.704407 0.557441 0.647416 0.563097 0.623100 0.587840 0.614742 0.592789 0.645137 0.591729 0.688450 0.594910 0.899696 0.577589 0.894377 0.570166 0.759878
0 0.595263 0.712766 0.590315 0.667933 0.583952 0.654255 0.586073 0.626140 0.602333 0.614742 0.618593 0.613222 0.625663 0.657295 0.623895 0.690729 0.635207 0.905015 0.615058 0.904255 0.606575 0.777356
0 0.628137 0.716565 0.615412 0.688450 0.612937 0.643617 0.627430 0.619301 0.650760 0.613222 0.665606 0.606383 0.674797 0.631459 0.673736 0.697568 0.683280 0.845745 0.662778 0.851064 0.646518 0.778875
0 0.689996 0.700608 0.672322 0.671733 0.665606 0.652736 0.668434 0.624620 0.678685 0.612462 0.694945 0.604103 0.708378 0.586626 0.723577 0.582067 0.730647 0.626140 0.737363 0.669453 0.757158 0.788754 0.730647 0.803191 0.709084 0.759878 0.695652 0.724924
0 0.493107 0.638298 0.517144 0.636778 0.517144 0.712766 0.517144 0.859422 0.500177 0.854863 0.498056 0.780395 0.492400 0.700608 0.491693 0.651216
0 0.470484 0.626140 0.493107 0.626900 0.494875 0.702128 0.494875 0.863222 0.476140 0.867021 0.470484 0.667933
0 0.445034 0.638298 0.459173 0.635258 0.472959 0.635258 0.472252 0.716565 0.474726 0.876900 0.462708 0.880699 0.453517 0.757599 0.445034 0.664134
0 0.419936 0.659574 0.423825 0.631459 0.433722 0.619301 0.448215 0.633739 0.449629 0.685410 0.453517 0.887538 0.425592 0.887538 0.422411 0.753040
0 0.387770 0.667933 0.389537 0.620061 0.411806 0.614742 0.429834 0.639058 0.423118 0.699088 0.410392 0.879179 0.392718 0.885258 0.394839 0.761398
0 0.358784 0.671733 0.359491 0.632219 0.365500 0.614742 0.395900 0.619301 0.399081 0.658055 0.388830 0.724924 0.375044 0.870061 0.356663 0.863222 0.360551 0.791033
0 0.317780 0.692249 0.313892 0.638298 0.326971 0.609422 0.361965 0.620061 0.368328 0.639058 0.360551 0.693769 0.331566 0.856383 0.303641 0.835866
0 0.249558 0.769757 0.253800 0.700608 0.260163 0.662614 0.263344 0.604103 0.281725 0.588906 0.288441 0.604103 0.307529 0.620061 0.320255 0.638298 0.311417 0.688450 0.300106 0.727204 0.273595 0.828267 0.250619 0.804711
