0 0.457715 0.318389 0.457715 0.351064 0.457715 0.408055 0.449776 0.479483 0.452537 0.533435 0.474284 0.535714 0.478426 0.485562 0.479462 0.424772 0.482223 0.370821 0.481187 0.320669
0 0.428029 0.307751 0.424232 0.357903 0.424232 0.414134 0.424232 0.455167 0.425958 0.514438 0.432862 0.546353 0.441836 0.520517 0.443907 0.479483 0.448740 0.418693 0.454608 0.360182 0.455644 0.320669 0.447705 0.284195 0.434933 0.272796
0 0.389713 0.287994 0.389713 0.322948 0.391439 0.366261 0.393511 0.403495 0.401450 0.484043 0.407318 0.525076 0.416293 0.522796 0.421125 0.468845 0.421125 0.409574 0.421125 0.362462 0.416293 0.301672 0.414222 0.257599 0.393511 0.259878
0 0.365896 0.290274 0.369002 0.307751 0.370038 0.347264 0.371764 0.405775 0.371764 0.477204 0.378668 0.512158 0.388678 0.518237 0.399379 0.496960 0.389713 0.381459 0.385571 0.333587 0.384536 0.284195 0.378668 0.256079
0 0.331377 0.310030 0.332413 0.340426 0.336210 0.401216 0.335174 0.464286 0.339317 0.525076 0.350017 0.553191 0.370728 0.531155 0.369002 0.455167 0.363134 0.375380 0.363134 0.307751 0.356921 0.259878 0.331377 0.272796 0.328271 0.286474
0 0.297894 0.305471 0.293752 0.363982 0.289955 0.424772 0.288920 0.464286 0.297894 0.503040 0.319641 0.509878 0.332413 0.503040 0.325509 0.438450 0.321367 0.379179 0.321367 0.332067 0.321367 0.284195 0.300656 0.281915
0 0.272351 0.251520 0.271315 0.277356 0.269244 0.322948 0.266137 0.355623 0.258543 0.392857 0.253366 0.420973 0.252330 0.462006 0.258543 0.477204 0.277183 0.492401 0.292026 0.494681 0.295823 0.474924 0.295823 0.408055 0.296859 0.360182 0.299965 0.314590 0.301691 0.271277 0.279254 0.225684
0 0.473248 0.307751 0.474284 0.327508 0.473248 0.357903 0.473248 0.408055 0.472558 0.457447 0.475319 0.496960 0.484294 0.525076 0.496030 0.518237 0.500173 0.479483 0.501899 0.439970 0.501899 0.401216 0.501899 0.351064 0.501899 0.320669
0 0.502934 0.297112 0.503970 0.390578 0.503970 0.479483 0.503970 0.507599 0.507076 0.537994 0.524681 0.537994 0.527787 0.505319 0.526752 0.446809 0.527787 0.383739 0.529513 0.347264 0.523645 0.303191 0.502934 0.272796
0 0.536417 0.318389 0.535381 0.335866 0.533656 0.394377 0.533656 0.466565 0.535381 0.527356 0.560235 0.557751 0.562306 0.503040 0.555402 0.423252 0.555402 0.360182 0.555402 0.301672 0.550224 0.281915 0.536417 0.281915
0 0.569900 0.314590 0.566103 0.363982 0.564032 0.416413 0.562996 0.446809 0.562996 0.481763 0.568174 0.531155 0.575078 0.535714 0.586814 0.515957 0.590611 0.474924 0.586814 0.436170 0.585778 0.379179 0.590611 0.333587 0.593718 0.307751 0.587849 0.292553 0.571971 0.284195
0 0.598550 0.303191 0.595789 0.322948 0.592682 0.351064 0.591647 0.377660 0.589921 0.420973 0.589921 0.490122 0.602692 0.520517 0.614429 0.500760 0.614429 0.470365 0.615464 0.438450 0.619261 0.368541 0.620297 0.322948 0.620297 0.297112
0 0.620297 0.305471 0.625129 0.292553 0.619261 0.487842 0.618226 0.512158 0.643079 0.514438 0.644115 0.449088 0.642043 0.362462 0.645150 0.286474
0 0.683466 0.325228 0.677598 0.375380 0.674491 0.398936 0.669658 0.449088 0.679669 0.477204 0.692440 0.474924 0.698309 0.444529 0.706248 0.408055 0.722126 0.325228 0.694166 0.314590
0 0.555402 0.759119 0.549189 0.700608 0.544356 0.639818 0.544356 0.566109 0.546427 0.548632 0.565067 0.560030 0.570935 0.594225 0.571971 0.618541 0.569900 0.664134 0.569900 0.722644 0.576113 0.783435
0 0.575078 0.550912 0.569210 0.605623 0.577839 0.698328 0.595789 0.787994 0.604418 0.783435 0.603728 0.712006 0.601657 0.664134 0.601657 0.613982 0.599586 0.561550 0.590611 0.544833
0 0.600621 0.546353 0.594753 0.581307 0.604418 0.653495 0.619261 0.731003 0.631343 0.791793 0.634104 0.733283 0.631343 0.674772 0.631343 0.629179 0.630307 0.583587 0.628236 0.542553 0.612358 0.531155
0 0.652744 0.529635 0.638937 0.540274 0.637211 0.575228 0.637211 0.605623 0.641008 0.692249 0.653780 0.800912 0.656886 0.733283 0.656886 0.661854 0.658958 0.613982 0.665861 0.561550
0 0.447705 0.720365 0.443907 0.670213 0.442872 0.605623 0.442872 0.550912 0.426993 0.550912 0.423196 0.588146 0.431136 0.674772 0.433897 0.715805 0.442872 0.778875 0.451847 0.742401
0 0.410425 0.553191 0.401450 0.568389 0.397653 0.616261 0.396617 0.661854 0.399379 0.692249 0.407318 0.759119 0.423196 0.816109 0.424922 0.776596 0.424922 0.722644 0.424922 0.670213 0.424232 0.624620 0.419054 0.570669
0 0.378668 0.550912 0.370038 0.553191 0.364860 0.577508 0.363134 0.620821 0.364860 0.664134 0.365896 0.700608 0.367967 0.746201 0.378668 0.787994 0.392475 0.718085 0.395582 0.698328 0.402485 0.638298 0.403521 0.575228
0 0.333448 0.555471 0.325509 0.572948 0.315499 0.601064 0.301691 0.629179 0.283051 0.674772 0.279945 0.713526 0.303763 0.713526 0.326545 0.689970 0.345185 0.664134 0.361063 0.626900 0.369002 0.590426 0.340352 0.535714
0 0.279254 0.518237 0.272351 0.540274 0.257508 0.572948 0.246462 0.594225 0.249569 0.644377 0.274077 0.644377 0.299965 0.633739 0.315499 0.620821 0.328271 0.609422 0.326545 0.563830 0.311702 0.531155 0.300656 0.514438
