0 0.465045 0.427052 0.460932 0.492401 0.476354 0.507599 0.495202 0.492401 0.495545 0.395137 0.503084 0.250760 0.503084 0.194529 0.489376 0.177052 0.478410 0.182371 0.476354 0.218845 0.469500 0.357143
0 0.392735 0.438450 0.391021 0.455927 0.396162 0.496201 0.394791 0.517477 0.410212 0.526596 0.415353 0.492401 0.422207 0.435410 0.423920 0.387538 0.421522 0.319149 0.418780 0.262918 0.412611 0.220365 0.400274 0.215805 0.389308 0.255319 0.392392 0.316109
0 0.365319 0.457447 0.367718 0.513678 0.381768 0.525836 0.392392 0.514438 0.399589 0.484802 0.393763 0.398176 0.385195 0.306991 0.374229 0.259878 0.348526 0.261398 0.349554 0.304711 0.361206 0.379939
0 0.325565 0.465805 0.326936 0.510638 0.333105 0.535714 0.345442 0.534954 0.370802 0.522796 0.374572 0.502280 0.370117 0.472644 0.363263 0.425532 0.360521 0.371581 0.351611 0.306991 0.348184 0.282675 0.343386 0.256079 0.329335 0.256079 0.319397 0.298632 0.315627 0.361702
0 0.283071 0.459726 0.279986 0.495441 0.287868 0.529635 0.295065 0.534954 0.322824 0.534954 0.328307 0.512158 0.326251 0.463526 0.318711 0.357143 0.314599 0.307751 0.309801 0.261398 0.297464 0.244681 0.286840 0.268237 0.287183 0.335106
0 0.246059 0.465046 0.243317 0.483283 0.250171 0.511398 0.269020 0.529635 0.285812 0.514438 0.287868 0.484802 0.284099 0.424012 0.282385 0.338146 0.274503 0.271277 0.265250 0.253799 0.257025 0.276596 0.252228 0.323708
0 0.500343 0.447568 0.498286 0.475684 0.503427 0.505319 0.526731 0.507599 0.533585 0.500000 0.532557 0.445289 0.535298 0.335106 0.531186 0.244681 0.526388 0.211246 0.521590 0.183131 0.507539 0.191489 0.505826 0.237842
0 0.533585 0.429331 0.532557 0.468845 0.536669 0.489362 0.551405 0.500000 0.563400 0.489362 0.564085 0.443769 0.559630 0.328267 0.562714 0.246201 0.561343 0.196049 0.554489 0.180851 0.546950 0.201368 0.542838 0.265957
0 0.559973 0.427052 0.556888 0.462766 0.561343 0.496201 0.576422 0.508359 0.589788 0.490122 0.591158 0.456687 0.593557 0.329027 0.599040 0.249240 0.602125 0.188450 0.596299 0.165653 0.577108 0.193009 0.569568 0.262158
0 0.581563 0.420213 0.576080 0.462006 0.579849 0.500000 0.599726 0.510638 0.613434 0.504559 0.616175 0.463526 0.625086 0.338146 0.633996 0.284195 0.637423 0.247720 0.638794 0.204407 0.623715 0.193009 0.610692 0.228723 0.598012 0.322948
0 0.610007 0.446809 0.602467 0.468085 0.610007 0.493921 0.625428 0.506079 0.638108 0.499240 0.642906 0.475684 0.642221 0.410334 0.653187 0.334347 0.662440 0.282675 0.668266 0.247720 0.670665 0.208207 0.661069 0.183131 0.651131 0.188450 0.641878 0.232523
0 0.640850 0.441489 0.635367 0.462766 0.631254 0.490881 0.650446 0.508359 0.678890 0.511398 0.688485 0.477964 0.687457 0.427052 0.686772 0.396657 0.696367 0.322948 0.699109 0.278116 0.696710 0.228723 0.687457 0.218845 0.674777 0.234043 0.666895 0.259878 0.654558 0.313070
0 0.686086 0.449848 0.683345 0.475684 0.686772 0.496201 0.700822 0.507599 0.725154 0.499240 0.732694 0.478723 0.726868 0.423252 0.726525 0.349544 0.734064 0.289514 0.736121 0.244681 0.731323 0.205167 0.720356 0.212766 0.709390 0.274316
0 0.728239 0.416413 0.727896 0.453647 0.733722 0.490122 0.748458 0.489362 0.764907 0.474164 0.762851 0.420213 0.759767 0.386018 0.759424 0.313070 0.761138 0.275076 0.761138 0.234043 0.752913 0.208207 0.744345 0.223404 0.737834 0.295593
0 0.721042 0.503040 0.717615 0.511398 0.725840 0.556991 0.745031 0.660334 0.758053 0.700608 0.775188 0.702128 0.783071 0.673252 0.768334 0.604863 0.759424 0.556991 0.758739 0.511398 0.749829 0.489362
0 0.680603 0.512158 0.670665 0.516717 0.662097 0.528875 0.667581 0.563830 0.685744 0.636018 0.705963 0.721884 0.721042 0.753799 0.740576 0.755319 0.745716 0.715805 0.735093 0.651216 0.725154 0.588146 0.722413 0.548632 0.720356 0.519757 0.708705 0.510638 0.698081 0.504559
0 0.625771 0.503040 0.614805 0.503040 0.614462 0.529635 0.625086 0.607903 0.641535 0.732523 0.646333 0.746201 0.664154 0.766717 0.683002 0.761398 0.684373 0.712006 0.670665 0.630699 0.666210 0.586626 0.673749 0.536474 0.668951 0.516717 0.657300 0.507599
0 0.596984 0.510638 0.584647 0.514438 0.586703 0.560790 0.601782 0.621581 0.606237 0.715805 0.613434 0.769757 0.623029 0.784195 0.635367 0.760638 0.627827 0.664134 0.620288 0.585106 0.625086 0.535714 0.617546 0.518237 0.609321 0.510638
0 0.578478 0.509119 0.572310 0.528875 0.565456 0.550912 0.567512 0.583587 0.577793 0.635258 0.585332 0.720365 0.588417 0.769757 0.594243 0.784195 0.605209 0.758359 0.603153 0.653495 0.598012 0.587386 0.599040 0.537994 0.590816 0.513678
0 0.555517 0.506079 0.542838 0.513678 0.543523 0.572188 0.547635 0.629939 0.555860 0.733283 0.559973 0.790274 0.567855 0.806231 0.579164 0.797112 0.579849 0.723404 0.574709 0.615502 0.572995 0.547112 0.567855 0.517477
0 0.522961 0.508359 0.515422 0.510638 0.516792 0.551672 0.523989 0.667173 0.530500 0.746201 0.532557 0.766717 0.541467 0.763678 0.549006 0.711246 0.542838 0.608663 0.542152 0.544833 0.543523 0.510638
0 0.507197 0.516717 0.499657 0.513678 0.497944 0.520517 0.501028 0.557751 0.505141 0.680851 0.507197 0.735562 0.514051 0.751520 0.521590 0.741641 0.522276 0.671733 0.517135 0.559271 0.516107 0.512158
0 0.490062 0.514438 0.479095 0.518237 0.480466 0.553951 0.489376 0.639058 0.493831 0.715805 0.498972 0.748480 0.504798 0.748480 0.508568 0.718845 0.505141 0.626900 0.499657 0.551672 0.494859 0.516717
0 0.464016 0.512158 0.457848 0.517477 0.460932 0.556991 0.466415 0.630699 0.470870 0.720365 0.477724 0.754559 0.490747 0.764438 0.492803 0.745441 0.492118 0.670213 0.484236 0.591185 0.482522 0.548632 0.484578 0.523556
0 0.448595 0.521277 0.441398 0.539514 0.437629 0.562310 0.434887 0.623860 0.443454 0.693769 0.448938 0.767477 0.452707 0.794073 0.470528 0.794833 0.476354 0.765957 0.470185 0.663374 0.462646 0.583587 0.462303 0.535714
0 0.433173 0.531915 0.418095 0.541793 0.408842 0.575988 0.408842 0.654255 0.407128 0.730243 0.407471 0.778116 0.417066 0.797872 0.429404 0.767477 0.438657 0.671733 0.440713 0.617781 0.444825 0.584347 0.444140 0.560790
0 0.406100 0.531915 0.392392 0.550912 0.391021 0.588146 0.391364 0.718085 0.389308 0.765957 0.393420 0.791793 0.404729 0.794833 0.413297 0.751520 0.418780 0.641337 0.426319 0.599544 0.432488 0.565350 0.432145 0.542553 0.426319 0.530395
0 0.365319 0.538754 0.350925 0.541793 0.339959 0.563070 0.344757 0.602584 0.348869 0.651976 0.344071 0.709726 0.339273 0.762918 0.342015 0.781915 0.368746 0.790274 0.385195 0.749240 0.395134 0.700608 0.397533 0.612462 0.400960 0.587386 0.408499 0.547872 0.400617 0.520517 0.387937 0.519757
0 0.310487 0.535714 0.298835 0.541033 0.295065 0.584347 0.293694 0.648176 0.278958 0.748480 0.283071 0.782675 0.308773 0.799392 0.332077 0.718085 0.345442 0.630699 0.350240 0.593465 0.354352 0.569909 0.349897 0.547872
0 0.262509 0.526596 0.254969 0.531915 0.251542 0.556991 0.248115 0.633739 0.232008 0.702128 0.227896 0.736322 0.241261 0.756839 0.266278 0.749240 0.280329 0.696049 0.295408 0.608663 0.302262 0.579027 0.305003 0.553951 0.302262 0.533435
