0 0.468035 0.543313 0.482503 0.544073 0.496972 0.530395 0.496972 0.491641 0.482503 0.263678 0.468708 0.271277 0.471063 0.472644 0.466353 0.484802
0 0.444482 0.527356 0.452894 0.540274 0.459960 0.541793 0.466353 0.530395 0.467026 0.483283 0.468035 0.439970 0.468371 0.272036 0.455585 0.275836 0.447510 0.449088 0.445491 0.505319
0 0.424293 0.523556 0.429004 0.544833 0.442799 0.540274 0.445828 0.521277 0.448856 0.483283 0.447174 0.436170 0.442463 0.256839 0.429341 0.262158 0.423284 0.389818 0.422275 0.462006 0.423620 0.510638
0 0.399731 0.503799 0.407133 0.540274 0.410498 0.542553 0.415209 0.540274 0.420592 0.515198 0.433715 0.516717 0.434724 0.487082 0.432369 0.446049 0.423284 0.239362 0.408143 0.242401 0.403769 0.440729
0 0.379879 0.512918 0.386272 0.522796 0.395357 0.523556 0.402759 0.513678 0.411507 0.512158 0.415545 0.499240 0.415209 0.455167 0.412180 0.436170 0.403769 0.242401 0.390646 0.240881 0.387954 0.344225 0.387618 0.419453 0.382907 0.455927 0.379879 0.493921
0 0.352288 0.494681 0.361036 0.491641 0.368102 0.500760 0.378533 0.498480 0.389637 0.488602 0.393001 0.455927 0.390983 0.417173 0.389637 0.234043 0.373822 0.241641 0.363392 0.351824 0.354980 0.411094 0.347577 0.436170 0.345222 0.459726 0.344213 0.481763
0 0.313257 0.470365 0.319314 0.466565 0.327389 0.485562 0.337147 0.493921 0.348587 0.474164 0.352288 0.446049 0.350942 0.419453 0.343540 0.259119 0.331427 0.268237 0.327725 0.362462 0.321332 0.379939 0.313594 0.400456 0.307201 0.434650 0.308210 0.457447
0 0.273217 0.411094 0.281292 0.424772 0.290040 0.453647 0.305518 0.450608 0.315276 0.429331 0.320659 0.396657 0.327725 0.324468 0.319650 0.239362 0.301480 0.237082 0.302153 0.289514 0.295760 0.325228 0.288694 0.354863 0.279946 0.371581 0.272544 0.395137
0 0.497981 0.523556 0.524563 0.521277 0.529273 0.499240 0.521871 0.460486 0.518506 0.406535 0.510094 0.274316 0.496299 0.274316 0.497981 0.470365 0.497308 0.505319
0 0.530283 0.514438 0.538358 0.518997 0.546770 0.512158 0.550808 0.504559 0.550808 0.487842 0.548452 0.481763 0.547443 0.442249 0.537685 0.235562 0.518506 0.251520 0.526245 0.380699 0.526918 0.424012 0.526245 0.471884 0.526918 0.498480
0 0.550135 0.485562 0.558210 0.510638 0.574697 0.503040 0.579071 0.471884 0.576716 0.440729 0.570996 0.331307 0.555182 0.237082 0.541723 0.251520 0.550135 0.377660 0.548116 0.436170 0.549125 0.467325
0 0.574361 0.489362 0.580081 0.480243 0.587147 0.477204 0.595559 0.495441 0.601952 0.493161 0.601952 0.477964 0.600269 0.433891 0.594549 0.311550 0.582436 0.196809 0.562248 0.207447 0.572005 0.428571 0.568977 0.455167 0.571669 0.493921
0 0.606999 0.472644 0.606662 0.425532 0.611036 0.381459 0.610027 0.257599 0.627524 0.252280 0.636272 0.361702 0.644684 0.413374 0.650740 0.447568 0.646366 0.471884 0.633917 0.479483 0.625168 0.484802 0.613392 0.484043
0 0.650067 0.448328 0.661844 0.455927 0.675976 0.430851 0.682032 0.429331 0.685397 0.410334 0.684388 0.385258 0.674966 0.363982 0.668237 0.311550 0.663190 0.206687 0.647039 0.209726 0.645357 0.299392 0.646030 0.360942 0.645357 0.389058 0.644684 0.403495 0.645357 0.424012 0.648048 0.442249
0 0.685397 0.410334 0.698856 0.429331 0.705585 0.411854 0.712988 0.389058 0.720054 0.384498 0.716689 0.357143 0.708614 0.335106 0.702221 0.300912 0.694818 0.215805 0.669583 0.233283 0.669919 0.279635 0.676649 0.322188 0.681023 0.358663 0.677995 0.380699 0.682032 0.403495
0 0.490915 0.556231 0.510767 0.550912 0.537349 0.791033 0.524226 0.790274
0 0.511104 0.550152 0.530956 0.542553 0.535330 0.563070 0.554509 0.803191 0.540040 0.804711
0 0.536339 0.562310 0.538358 0.539514 0.551480 0.534195 0.560902 0.548632 0.565276 0.581307 0.585128 0.819909 0.566285 0.825228
0 0.564939 0.556991 0.574361 0.520517 0.580417 0.510638 0.590175 0.531915 0.593540 0.553951 0.595895 0.623100 0.606662 0.809271 0.595895 0.811550 0.572005 0.613982 0.563257 0.577508
0 0.597241 0.527356 0.609017 0.520517 0.617093 0.530395 0.622476 0.541033 0.625841 0.556991 0.623149 0.585866 0.623486 0.650456 0.633244 0.778116 0.612719 0.784195 0.598923 0.653495 0.596568 0.573708 0.595895 0.534954
0 0.642328 0.499240 0.646366 0.491641 0.664199 0.457447 0.678331 0.446809 0.687079 0.455927 0.692799 0.478723 0.698856 0.509878 0.712988 0.545593 0.746972 0.601824 0.730485 0.651976 0.706595 0.616261 0.683042 0.594985 0.668910 0.571429 0.660834 0.557751 0.646366 0.540274 0.640310 0.512918
0 0.705249 0.457447 0.701548 0.437690 0.712988 0.417173 0.726447 0.420213 0.733849 0.429331 0.757402 0.437690 0.774899 0.443769 0.769179 0.531155 0.740915 0.531915 0.724092 0.528875 0.712315 0.534954 0.700538 0.527356 0.695491 0.518237 0.696501 0.490881 0.700202 0.465805
0 0.469044 0.541793 0.492261 0.550152 0.500336 0.652736 0.516487 0.777356 0.499327 0.783435 0.474764 0.608663
0 0.451211 0.544833 0.460296 0.541793 0.474092 0.544073 0.473419 0.604103 0.495626 0.788754 0.480821 0.796353 0.454913 0.615502 0.447847 0.569149
0 0.431359 0.544073 0.444482 0.540274 0.450875 0.556991 0.455249 0.583587 0.456931 0.623100 0.476110 0.811550 0.454576 0.818389 0.437416 0.667933 0.429341 0.598024 0.426312 0.588906 0.429677 0.556231
0 0.404778 0.564590 0.407806 0.552432 0.414872 0.544833 0.430686 0.556991 0.433042 0.580547 0.430350 0.605623 0.429677 0.632219 0.433378 0.806991 0.402086 0.804711 0.402086 0.768237 0.410498 0.707447 0.405114 0.638298 0.403769 0.598784
0 0.372476 0.568389 0.382907 0.539514 0.385262 0.531155 0.395693 0.536474 0.402759 0.547872 0.404441 0.585866 0.402086 0.628419 0.400740 0.791793 0.379879 0.776596 0.374159 0.684650 0.370121 0.598024 0.369785 0.582067
0 0.327725 0.522036 0.338493 0.496960 0.348250 0.504559 0.350942 0.523556 0.356999 0.515957 0.367093 0.506839 0.375841 0.516717 0.379879 0.538754 0.378869 0.565350 0.369785 0.587386 0.358681 0.643617 0.322005 0.750760 0.304172 0.726444 0.321669 0.623100 0.328735 0.596505 0.327389 0.544833
0 0.275908 0.518237 0.279946 0.503799 0.290713 0.462006 0.297106 0.464286 0.300808 0.469605 0.316622 0.477964 0.319650 0.493921 0.325707 0.503040 0.334118 0.503799 0.338156 0.533435 0.331090 0.558511 0.315276 0.573708 0.298452 0.604103 0.253365 0.648176 0.239906 0.589666 0.267833 0.537994
