0 0.471519 0.521277 0.496835 0.518997 0.502110 0.449088 0.484529 0.298632 0.471519 0.298632 0.468706 0.469605
0 0.454641 0.525076 0.468706 0.518997 0.473277 0.460486 0.468706 0.298632 0.453938 0.298632 0.448664 0.454407
0 0.431083 0.518997 0.446906 0.522796 0.456399 0.464286 0.445148 0.256839 0.428270 0.262918 0.426512 0.437690
0 0.404712 0.502280 0.417722 0.518997 0.430028 0.490881 0.437060 0.492401 0.437060 0.473404 0.427567 0.260638 0.408931 0.270517 0.403657 0.454407
0 0.384318 0.492401 0.397679 0.503799 0.401899 0.494681 0.413502 0.492401 0.417018 0.471884 0.401899 0.256839 0.385373 0.262918 0.382560 0.426292 0.382560 0.446809
0 0.348453 0.498480 0.362518 0.494681 0.384318 0.494681 0.389592 0.475684 0.375527 0.386018 0.368495 0.268237 0.350211 0.281915 0.347398 0.382219 0.342124 0.422492 0.342124 0.471884
0 0.305204 0.481003 0.324543 0.488602 0.339662 0.483283 0.346695 0.450608 0.342124 0.395897 0.337904 0.278116 0.312236 0.278116 0.310478 0.373100 0.302743 0.418693
0 0.526020 0.518997 0.542546 0.522796 0.548875 0.458207 0.546062 0.281915 0.528481 0.283435 0.519691 0.479483
0 0.547117 0.525076 0.563643 0.530395 0.575246 0.458207 0.575246 0.260638 0.556610 0.260638 0.551336 0.373100 0.543601 0.437690
0 0.566456 0.498480 0.571730 0.496201 0.584740 0.528875 0.598805 0.500000 0.588256 0.253040 0.568917 0.256839 0.567159 0.424012 0.563643 0.471884
0 0.591772 0.507599 0.602321 0.507599 0.611111 0.530395 0.621660 0.506079 0.622714 0.439210 0.624473 0.287234 0.603376 0.287234 0.590014 0.441489 0.584037 0.484802
0 0.620956 0.511398 0.656118 0.522796 0.665612 0.494681 0.661392 0.278116 0.639241 0.289514 0.618143 0.468085 0.617440 0.496201
0 0.665612 0.507599 0.678973 0.513678 0.702532 0.502280 0.707806 0.462006 0.702532 0.414894 0.699015 0.279635 0.677918 0.287234 0.668425 0.403495 0.661392 0.454407 0.660338 0.490881
0 0.702532 0.471884 0.718354 0.494681 0.738748 0.456687 0.733474 0.401216 0.721871 0.382219 0.713080 0.308511 0.696554 0.319909 0.700070 0.426292 0.698312 0.449088
0 0.501406 0.547872 0.517932 0.547872 0.517932 0.735562 0.507384 0.735562
0 0.520745 0.545593 0.542546 0.545593 0.533052 0.746960 0.520745 0.750760
0 0.540788 0.545593 0.555907 0.536474 0.566456 0.556991 0.566456 0.783435 0.545359 0.783435 0.537271 0.572188
0 0.559423 0.570669 0.574191 0.540274 0.591772 0.564590 0.588256 0.644377 0.593530 0.772036 0.577004 0.779635 0.563643 0.613982 0.558368 0.583587
0 0.584037 0.564590 0.600563 0.551672 0.621660 0.572188 0.617440 0.631459 0.622714 0.783435 0.605134 0.792553 0.588256 0.612462 0.580520 0.570669
0 0.611111 0.566869 0.615682 0.545593 0.647328 0.540274 0.663854 0.556991 0.663150 0.602584 0.689522 0.739362 0.645570 0.775836 0.628692 0.682371 0.621660 0.627660 0.612166 0.575988
0 0.649789 0.547872 0.690225 0.511398 0.708861 0.534195 0.719409 0.594985 0.749297 0.699848 0.716596 0.741641 0.649086 0.566869
0 0.481013 0.545593 0.500352 0.547872 0.500352 0.741641 0.489100 0.745441
0 0.461674 0.547872 0.482771 0.547872 0.484529 0.756839 0.465190 0.758359
0 0.445148 0.534195 0.463432 0.541793 0.466245 0.654255 0.459212 0.777356 0.438819 0.775836 0.439873 0.598784
0 0.419480 0.553191 0.431786 0.541793 0.437060 0.540274 0.450422 0.570669 0.441632 0.616261 0.438115 0.696049 0.426512 0.772036 0.405415 0.754559 0.419480 0.670973
0 0.393108 0.553191 0.410689 0.532675 0.425809 0.553191 0.426512 0.575988 0.421238 0.608663 0.419480 0.682371 0.401195 0.775836 0.382560 0.768237 0.397679 0.654255
0 0.351969 0.528875 0.368495 0.513678 0.403657 0.536474 0.403657 0.556991 0.390647 0.616261 0.384318 0.674772 0.366737 0.768237 0.327356 0.741641 0.350211 0.612462 0.349156 0.547872
0 0.325598 0.502280 0.357947 0.522796 0.357947 0.560790 0.305204 0.727964 0.272855 0.688450 0.305204 0.568389 0.308017 0.547872 0.317511 0.507599
