0 0.477477 0.454407 0.477477 0.528875 0.503812 0.553951 0.519058 0.538754 0.515939 0.420973 0.511435 0.277356 0.509356 0.235562 0.500693 0.197568 0.487526 0.201368 0.481635 0.275836
0 0.450450 0.437690 0.452183 0.506839 0.463617 0.537234 0.479210 0.532675 0.478517 0.458207 0.478517 0.317629 0.480596 0.252280 0.481289 0.227964 0.474359 0.198328 0.462231 0.231763 0.452183 0.341945
0 0.418226 0.459726 0.423077 0.517477 0.435897 0.544073 0.444560 0.545593 0.454608 0.518997 0.457727 0.481763 0.446639 0.354863 0.443867 0.275836 0.443867 0.230243 0.436590 0.206687 0.427581 0.221884 0.419265 0.303191
0 0.356549 0.490122 0.350658 0.539514 0.370409 0.554711 0.386694 0.553951 0.392931 0.496960 0.382190 0.245441 0.372834 0.237082 0.363825 0.260638 0.362786 0.419453
0 0.282051 0.491641 0.285863 0.547872 0.294179 0.574468 0.320513 0.574468 0.345114 0.522036 0.323631 0.447568 0.308039 0.311550 0.281358 0.240122 0.262647 0.246960 0.268884 0.371581
0 0.239778 0.528875 0.238739 0.561550 0.252945 0.600304 0.280665 0.584347 0.287249 0.550912 0.280665 0.486322 0.275121 0.401976 0.269924 0.357143 0.255717 0.316109 0.243590 0.309271 0.226611 0.322948 0.221067 0.422492 0.235967 0.506839
0 0.516979 0.465046 0.516286 0.538754 0.541580 0.547872 0.554054 0.534195 0.553708 0.447568 0.554054 0.260638 0.553015 0.189210 0.544006 0.177812 0.536036 0.193009 0.525295 0.243161 0.520790 0.287234
0 0.558559 0.437690 0.553015 0.480243 0.555440 0.532675 0.561677 0.542553 0.581774 0.524316 0.589397 0.422492 0.596327 0.310790 0.596327 0.235562 0.592169 0.205167 0.581428 0.208207 0.570686 0.256839
0 0.580042 0.462766 0.575537 0.505319 0.586279 0.552432 0.612266 0.531915 0.623354 0.390578 0.627166 0.326748 0.629938 0.265198 0.619889 0.199848 0.613306 0.201368 0.597020 0.304711
0 0.512128 0.569909 0.510742 0.598024 0.513860 0.713526 0.522869 0.807751 0.530146 0.827508 0.542966 0.785714 0.536729 0.643617 0.529799 0.556231
0 0.529106 0.559271 0.537076 0.645897 0.540194 0.782675 0.550589 0.851824 0.563756 0.839666 0.558559 0.645897 0.556133 0.578267 0.550936 0.557751
0 0.560984 0.563070 0.557519 0.588146 0.561677 0.737082 0.563756 0.829787 0.573805 0.871581 0.584546 0.861702 0.590783 0.743921 0.586972 0.629939 0.581774 0.569149
0 0.599099 0.594985 0.587665 0.610182 0.590090 0.698328 0.588358 0.806231 0.591476 0.843465 0.598406 0.870061 0.610880 0.860182 0.614692 0.711246 0.620929 0.630699 0.612959 0.598024
0 0.493763 0.561550 0.488219 0.566109 0.487526 0.672492 0.491684 0.803951 0.496188 0.828267 0.503119 0.831307 0.513167 0.763678 0.511435 0.625380 0.511435 0.569149 0.502426 0.559271
0 0.477477 0.552432 0.464657 0.571429 0.462231 0.610182 0.464310 0.715046 0.469161 0.812310 0.473666 0.841185 0.487526 0.827508 0.488219 0.650456 0.486140 0.571429
0 0.440748 0.572948 0.437630 0.610182 0.438323 0.712766 0.446639 0.832827 0.455301 0.857903 0.465350 0.849544 0.464657 0.756839 0.464657 0.639058 0.462231 0.584347 0.457727 0.569149
0 0.419958 0.578267 0.403673 0.594985 0.408177 0.665653 0.408177 0.763678 0.414414 0.838146 0.429660 0.849544 0.440748 0.822948 0.435204 0.704407 0.438323 0.601824
0 0.389813 0.591185 0.377685 0.601824 0.373527 0.693009 0.367290 0.807751 0.368330 0.849544 0.381150 0.864742 0.398475 0.817629 0.403673 0.706687 0.418919 0.596505
0 0.336798 0.582827 0.325364 0.591185 0.321206 0.640578 0.308385 0.730243 0.302148 0.790274 0.317394 0.827508 0.331254 0.828267 0.362786 0.750000 0.367637 0.675532 0.375953 0.628419 0.375260 0.596505 0.361400 0.581307
0 0.663895 0.602584 0.653500 0.617781 0.657658 0.678571 0.676022 0.797872 0.696466 0.829787 0.716563 0.835866 0.723146 0.780395 0.702356 0.636018 0.694387 0.598024 0.681913 0.594985
0 0.695080 0.577508 0.699584 0.632979 0.715523 0.709726 0.733888 0.772036 0.761608 0.765198 0.776854 0.707447 0.773042 0.666413 0.752599 0.633739 0.742550 0.602584 0.741164 0.562310 0.724879 0.552432 0.708940 0.552432 0.697159 0.566109
