0 0.477021 0.362462 0.476350 0.407295 0.474337 0.427052 0.471318 0.455927 0.468299 0.496201 0.468299 0.521277 0.471318 0.547872 0.483059 0.567629 0.492117 0.567629 0.496813 0.541033 0.496813 0.514438 0.498826 0.462766 0.498826 0.409574 0.497820 0.351064
0 0.455552 0.362462 0.455552 0.386778 0.449514 0.433891 0.445488 0.505319 0.445488 0.543313 0.456558 0.556991 0.468299 0.531915 0.468299 0.493921 0.468299 0.395897 0.472325 0.348784
0 0.430728 0.346505 0.429722 0.373100 0.427709 0.409574 0.422006 0.455927 0.421000 0.491641 0.421000 0.536474 0.424019 0.561550 0.437773 0.554711 0.444482 0.531915 0.445488 0.500760 0.445488 0.451368 0.445488 0.409574 0.448507 0.346505
0 0.407246 0.351064 0.407246 0.382219 0.406240 0.436170 0.402214 0.487082 0.397182 0.527356 0.402214 0.552432 0.422006 0.552432 0.428715 0.541033 0.430728 0.509878 0.425025 0.462766 0.423012 0.413374 0.426032 0.344225
0 0.380409 0.331307 0.382422 0.346505 0.383428 0.389058 0.378397 0.433891 0.373700 0.478723 0.373700 0.523556 0.379403 0.550152 0.396176 0.559271 0.403220 0.545593 0.406240 0.516717 0.406240 0.469605 0.404227 0.391337 0.404227 0.353343
0 0.344851 0.329027 0.344851 0.355623 0.342167 0.407295 0.341161 0.443009 0.337135 0.491641 0.336129 0.525076 0.349883 0.550152 0.364643 0.552432 0.375713 0.541033 0.380409 0.516717 0.380409 0.460486 0.377390 0.409574 0.375713 0.369301 0.364643 0.319909
0 0.316337 0.339666 0.314324 0.362462 0.307615 0.413374 0.303589 0.443009 0.298558 0.485562 0.301577 0.514438 0.316337 0.527356 0.336129 0.507599 0.336129 0.476444 0.338142 0.431611 0.338142 0.382219 0.338142 0.331307
0 0.510567 0.348784 0.505871 0.402736 0.502851 0.467325 0.502851 0.505319 0.502851 0.550152 0.518618 0.547872 0.521637 0.534195 0.529353 0.512158 0.528346 0.455927 0.527340 0.402736 0.527340 0.341945
0 0.535391 0.341945 0.532372 0.373100 0.530359 0.415653 0.530359 0.460486 0.529353 0.507599 0.529353 0.529635 0.538410 0.556991 0.550151 0.550152 0.554176 0.518997 0.554176 0.487082 0.555183 0.449088 0.555183 0.398176 0.550151 0.346505
0 0.620262 0.329027 0.614223 0.400456 0.608521 0.460486 0.616236 0.503040 0.628984 0.525076 0.643744 0.521277 0.648776 0.489362 0.649782 0.449088 0.650788 0.389058 0.655820 0.326748
0 0.665548 0.319909 0.655820 0.384498 0.652801 0.433891 0.652801 0.485562 0.658839 0.509878 0.670580 0.516717 0.681315 0.507599 0.690372 0.503040 0.695069 0.485562 0.695069 0.451368 0.689366 0.415653 0.688360 0.351064
0 0.511573 0.784954 0.511573 0.753799 0.509896 0.715805 0.506877 0.681611 0.503858 0.637538 0.503858 0.610182 0.511573 0.588146 0.525663 0.619301 0.523650 0.639818 0.521637 0.677812 0.522643 0.735562 0.522643 0.780395
0 0.531365 0.782675 0.531365 0.726444 0.530359 0.693009 0.529353 0.657295 0.526333 0.626140 0.524656 0.605623 0.524656 0.588146 0.543106 0.590426 0.547132 0.619301 0.545119 0.655015 0.543106 0.695289 0.547132 0.791793
0 0.557196 0.804711 0.551157 0.757599 0.547132 0.731003 0.546125 0.690729 0.546125 0.657295 0.545119 0.623860 0.548138 0.588146 0.566924 0.585866 0.569943 0.664134 0.568937 0.713526 0.565917 0.757599
0 0.589735 0.797872 0.587722 0.735562 0.585709 0.708967 0.583697 0.666413 0.581684 0.643617 0.580678 0.614742 0.580678 0.592705 0.593425 0.583587 0.601476 0.583587 0.606508 0.650456 0.606508 0.681611
0 0.623281 0.764438 0.622274 0.751520 0.618249 0.715805 0.611204 0.679331 0.605502 0.623860 0.607514 0.581307 0.619255 0.574468 0.628984 0.574468 0.636028 0.628419 0.639047 0.670973 0.641060 0.726444 0.643744 0.768997
0 0.500839 0.768997 0.500839 0.749240 0.500839 0.708967 0.500839 0.652736 0.500839 0.619301 0.498826 0.603343 0.490104 0.603343 0.484066 0.612462 0.483059 0.628419 0.484066 0.655015 0.486078 0.673252 0.487085 0.706687 0.487085 0.744681 0.487085 0.782675
0 0.478028 0.789514 0.478028 0.749240 0.480040 0.706687 0.482053 0.670973 0.484066 0.626140 0.481047 0.605623 0.463267 0.599544 0.460248 0.621581 0.467293 0.670973 0.467293 0.706687 0.466286 0.733283 0.466286 0.766717 0.465280 0.802432
0 0.460248 0.822948 0.462261 0.789514 0.462261 0.735562 0.462261 0.693009 0.462261 0.657295 0.463267 0.628419 0.461255 0.610182 0.451526 0.597264 0.440792 0.610182 0.437773 0.632979 0.444482 0.688450 0.447501 0.733283 0.447501 0.768997
0 0.429722 0.800152 0.429722 0.780395 0.431734 0.744681 0.435760 0.695289 0.438779 0.657295 0.438779 0.626140 0.432741 0.597264 0.418987 0.594985 0.414961 0.614742 0.414961 0.652736 0.415968 0.681611 0.415968 0.711246 0.413955 0.753799 0.413955 0.791793
0 0.397182 0.800152 0.404227 0.778116 0.409930 0.744681 0.411942 0.683891 0.411942 0.652736 0.411942 0.626140 0.408252 0.603343 0.396176 0.588146 0.391479 0.605623 0.391479 0.635258 0.392486 0.666413 0.392486 0.715805 0.390473 0.749240 0.388460 0.782675
