0 0.513250 0.587101 0.505579 0.604388 0.488145 0.596410 0.483961 0.591755 0.481520 0.535239 0.483961 0.410904 0.487099 0.397606 0.497211 0.394947 0.505579 0.436170 0.510809 0.533245
0 0.457113 0.592420 0.463389 0.606383 0.476290 0.599069 0.476987 0.537234 0.480823 0.406250 0.461994 0.401596 0.458856 0.442819 0.455370 0.496676 0.454672 0.530585 0.455370 0.569149
0 0.429916 0.593750 0.441074 0.609043 0.453626 0.602394 0.458856 0.539894 0.453278 0.362367 0.427824 0.361037 0.429916 0.466090 0.427824 0.529920
0 0.354951 0.622340 0.367852 0.628324 0.377615 0.611037 0.396444 0.591755 0.395049 0.559176 0.384240 0.546543 0.366806 0.408910 0.338912 0.416888 0.340656 0.492021 0.349372 0.551862 0.349024 0.589761
0 0.305091 0.620346 0.311367 0.638963 0.326360 0.627660 0.343794 0.636968 0.350767 0.607048 0.332636 0.402261 0.297768 0.414229 0.300209 0.521277 0.301604 0.560505 0.295676 0.585771 0.298117 0.615691
0 0.514993 0.594415 0.522315 0.607048 0.537308 0.595080 0.542190 0.595080 0.542538 0.537234 0.542538 0.395612 0.518131 0.392287 0.517085 0.487367 0.515690 0.542553 0.510809 0.572473
0 0.548466 0.607048 0.565900 0.611037 0.572176 0.587766 0.576011 0.380319 0.548117 0.382314 0.546025 0.483378 0.546025 0.541888 0.547420 0.587766
0 0.573222 0.594415 0.581939 0.606383 0.592050 0.601729 0.599721 0.584441 0.597978 0.540559 0.593096 0.371676 0.573222 0.371676 0.569386 0.466755 0.571827 0.502660 0.571130 0.544548 0.569386 0.573803
0 0.649582 0.592420 0.668759 0.608378 0.675384 0.598404 0.689331 0.605718 0.699442 0.589096 0.694212 0.535904 0.692817 0.406250 0.651325 0.406915 0.653068 0.480718 0.655160 0.529920 0.649233 0.557181
0 0.517434 0.648936 0.538006 0.648936 0.538703 0.700798 0.536262 0.812500 0.511158 0.813165 0.518828 0.746676 0.514993 0.694149
0 0.540446 0.646277 0.550907 0.639628 0.562413 0.646941 0.563110 0.823138 0.538006 0.822473 0.540795 0.763298 0.541841 0.700798
0 0.567992 0.637633 0.579149 0.635638 0.587169 0.640293 0.591004 0.658245 0.589261 0.839761 0.563110 0.831782 0.564156 0.767287 0.564854 0.713431 0.563110 0.685505 0.562413 0.646277
0 0.600767 0.631649 0.584728 0.654255 0.594142 0.690160 0.596583 0.829787 0.622036 0.831117 0.620293 0.681516 0.619596 0.635638
0 0.620990 0.632314 0.627964 0.631649 0.644003 0.625000 0.652022 0.638963 0.664226 0.829122 0.634240 0.829787 0.626918 0.734043 0.618898 0.667553
0 0.653068 0.632979 0.706416 0.625665 0.724895 0.808511 0.675384 0.835106 0.664226 0.718750 0.660042 0.688830 0.652022 0.648936
0 0.493375 0.643617 0.514993 0.648936 0.509763 0.812500 0.489888 0.801197 0.493375 0.705452
0 0.467225 0.640293 0.487099 0.643617 0.490237 0.677527 0.482566 0.819814 0.469665 0.815824 0.469665 0.728059 0.464784 0.680186
0 0.441074 0.640293 0.451534 0.634309 0.462692 0.634309 0.465132 0.658245 0.467573 0.829122 0.444561 0.831782 0.444909 0.761303 0.439679 0.691489 0.438633 0.672872 0.442120 0.658910
0 0.420502 0.631649 0.411437 0.636968 0.409693 0.668218 0.411785 0.705452 0.405509 0.815160 0.432357 0.822473 0.435844 0.706117 0.440377 0.662899 0.441423 0.649601 0.429916 0.638963
