0 0.497739 0.266717 0.502957 0.524316 0.470261 0.525076 0.467826 0.496201 0.468174 0.264438
0 0.466783 0.260638 0.468174 0.521277 0.449739 0.518237 0.443130 0.493921 0.442783 0.465046 0.443130 0.268997
0 0.428174 0.237082 0.441739 0.304711 0.443478 0.414134 0.442783 0.506839 0.428522 0.526596 0.416696 0.508359 0.413565 0.491641 0.413217 0.465046 0.415652 0.408055 0.408348 0.251520
0 0.397565 0.260638 0.413913 0.362462 0.415304 0.429331 0.417739 0.453647 0.419478 0.484802 0.410087 0.504559 0.403130 0.517477 0.395130 0.509878 0.390609 0.503040 0.389217 0.493161 0.388870 0.474924 0.389913 0.462766 0.392348 0.431611 0.394435 0.395897 0.381913 0.284195
0 0.378435 0.265198 0.387826 0.370061 0.390609 0.424772 0.393739 0.451368 0.393043 0.477204 0.389913 0.493921 0.382261 0.506839 0.373913 0.512158 0.366261 0.510638 0.362783 0.500760 0.358609 0.481763 0.362087 0.448328 0.362435 0.268237
0 0.355478 0.280395 0.362087 0.352584 0.362783 0.407295 0.364522 0.433891 0.365565 0.447568 0.366957 0.467325 0.364870 0.484043 0.362783 0.494681 0.359652 0.503040 0.354783 0.507599 0.346087 0.506079 0.335304 0.502280 0.329739 0.496201 0.326609 0.488602 0.325565 0.473404 0.325217 0.456687 0.325217 0.427812 0.318957 0.366261 0.313043 0.287994
0 0.301913 0.268237 0.317565 0.347264 0.325565 0.424772 0.327304 0.495441 0.304696 0.491641 0.286609 0.484043 0.277565 0.462766 0.281391 0.420213 0.273043 0.260638 0.299826 0.250000
0 0.498783 0.258359 0.502609 0.520517 0.529043 0.520517 0.541913 0.508359 0.538435 0.455927 0.529043 0.253040
0 0.528696 0.256079 0.536000 0.411854 0.540174 0.512158 0.556522 0.509878 0.562783 0.482523 0.562435 0.405775 0.554087 0.250000
0 0.567652 0.245441 0.562783 0.411094 0.563826 0.497720 0.578435 0.518237 0.591304 0.492401 0.593043 0.468085 0.592000 0.430851 0.589217 0.395897 0.589217 0.368541 0.591652 0.239362
0 0.596870 0.243161 0.587130 0.419453 0.585043 0.457447 0.588870 0.488602 0.598609 0.512158 0.610783 0.504559 0.614609 0.477964 0.611478 0.455927 0.611130 0.423252 0.610783 0.382219 0.610435 0.256839
0 0.611478 0.250760 0.610435 0.457447 0.611826 0.490122 0.617739 0.496960 0.623304 0.496960 0.627478 0.492401 0.633043 0.474924 0.635478 0.458967 0.634783 0.439210 0.630609 0.375380 0.642087 0.261398
0 0.644174 0.257599 0.631652 0.384498 0.629913 0.453647 0.630261 0.489362 0.635826 0.493921 0.648000 0.500760 0.658087 0.500760 0.667130 0.503040 0.673739 0.500760 0.678261 0.477964 0.677565 0.457447 0.675826 0.419453 0.676522 0.401976 0.679304 0.386778 0.682435 0.368541 0.684522 0.353343 0.685217 0.340426 0.684870 0.319909 0.684870 0.309271 0.682783 0.287234 0.681043 0.274316 0.668522 0.261398
0 0.688348 0.283435 0.683478 0.322188 0.685913 0.344225 0.683478 0.357143 0.682087 0.367781 0.679652 0.382979 0.676522 0.401976 0.675478 0.414894 0.675130 0.443009 0.677217 0.458967 0.678609 0.468085 0.681391 0.484802 0.698087 0.487842 0.713391 0.465805 0.716174 0.442249 0.715478 0.420213 0.713043 0.396657 0.713739 0.364742 0.706087 0.325988 0.708870 0.287994 0.711652 0.267477 0.706783 0.254559 0.693913 0.254559
0 0.712696 0.262918 0.711652 0.278116 0.709913 0.297872 0.707130 0.321429 0.708870 0.354103 0.714435 0.363982 0.713739 0.391337 0.713391 0.412614 0.714435 0.433131 0.716870 0.449848 0.717565 0.459726 0.721739 0.465046 0.730783 0.465046 0.747478 0.455167 0.759652 0.436930 0.764870 0.395137 0.755130 0.250760
0 0.504348 0.537994 0.503304 0.562310 0.513739 0.768237 0.540174 0.755319 0.527304 0.577508 0.524870 0.535714
0 0.525913 0.534954 0.531826 0.774316 0.555478 0.772796 0.549217 0.574468 0.548174 0.526596 0.536348 0.525836
0 0.556870 0.528116 0.549217 0.566109 0.554435 0.698328 0.570783 0.829787 0.594087 0.818389 0.582609 0.690729 0.576348 0.580547 0.575652 0.552432 0.560696 0.525076
0 0.575652 0.526596 0.571826 0.541793 0.568696 0.544833 0.566609 0.556231 0.567652 0.568389 0.570783 0.588906 0.572870 0.601064 0.588870 0.704407 0.607304 0.800152 0.618435 0.784954 0.600696 0.655775 0.597217 0.585866 0.592000 0.546353 0.586783 0.525076 0.581565 0.521277
0 0.597565 0.519757 0.591652 0.532675 0.586435 0.530395 0.582261 0.528875 0.580870 0.541793 0.584348 0.560790 0.588522 0.584347 0.592348 0.605623 0.595826 0.623100 0.600348 0.655015 0.606609 0.696809 0.621217 0.767477 0.633739 0.753040 0.616696 0.602584 0.611478 0.549392 0.608696 0.527356 0.604522 0.518997
0 0.612870 0.522036 0.606261 0.529635 0.604174 0.541033 0.605565 0.555471 0.608696 0.569149 0.611826 0.579787 0.615652 0.594225 0.617391 0.604863 0.618783 0.622340 0.618783 0.643617 0.624696 0.687690 0.642435 0.762158 0.687652 0.696809 0.658435 0.583587 0.653565 0.549392 0.651826 0.518237 0.651130 0.509878 0.624696 0.512158
0 0.656696 0.515957 0.649043 0.528875 0.651130 0.552432 0.654957 0.568389 0.660174 0.601824 0.694261 0.731003 0.740522 0.667933 0.700870 0.539514 0.696000 0.505319 0.689391 0.488602 0.673739 0.501520 0.660174 0.508359
0 0.702957 0.482523 0.692522 0.498480 0.697739 0.521277 0.711652 0.577508 0.729043 0.632979 0.747130 0.651216 0.769739 0.651976 0.784348 0.638298 0.790609 0.591945 0.769739 0.560030 0.757217 0.506079 0.751652 0.473404 0.737739 0.455927 0.726957 0.465805 0.717913 0.468845 0.709217 0.474924
0 0.502261 0.537994 0.502957 0.570669 0.513043 0.759119 0.492870 0.762918 0.480696 0.575988 0.478957 0.541033
0 0.476174 0.529635 0.478261 0.537234 0.478957 0.544833 0.491826 0.762158 0.470957 0.768237 0.459478 0.595745 0.455652 0.534954 0.474087 0.528875
0 0.456000 0.534954 0.458087 0.573708 0.464348 0.734043 0.464348 0.817629 0.438957 0.811550 0.435478 0.631459 0.433391 0.556231 0.442087 0.527356 0.445217 0.522796 0.448696 0.523556
0 0.426087 0.526596 0.429913 0.539514 0.435478 0.550152 0.437565 0.562310 0.435130 0.601824 0.434087 0.613982 0.437913 0.808511 0.408000 0.805471 0.408696 0.681611 0.410087 0.602584 0.409739 0.555471 0.410087 0.545593 0.415652 0.528116 0.421565 0.522796
0 0.382957 0.531915 0.396522 0.515198 0.409739 0.527356 0.416696 0.530395 0.418087 0.537994 0.418783 0.547872 0.417391 0.563070 0.411130 0.590426 0.409043 0.622340 0.405565 0.687690 0.403478 0.808511 0.363130 0.778875 0.365913 0.693009
0 0.311304 0.498480 0.288696 0.482523 0.276870 0.493161 0.222957 0.625380 0.265739 0.708967 0.301913 0.634498 0.320348 0.582067 0.332174 0.538754 0.331130 0.515198 0.320696 0.502280
0 0.339478 0.508359 0.332174 0.511398 0.323826 0.535714 0.320696 0.551672 0.317565 0.566109 0.306783 0.613222 0.279304 0.702128 0.325217 0.746960 0.366957 0.621581 0.378435 0.553951 0.378087 0.527356 0.367304 0.522036 0.353391 0.516717
