0 0.473776 0.386778 0.458042 0.507599 0.461189 0.583587 0.467832 0.598024 0.481469 0.600304 0.496853 0.581307 0.504895 0.537234 0.504895 0.448328 0.502797 0.391337 0.496853 0.357903 0.483217 0.363982
0 0.441608 0.363982 0.443706 0.423252 0.443706 0.509878 0.437762 0.562310 0.437762 0.598024 0.452448 0.587386 0.461888 0.505319 0.463986 0.450608 0.468881 0.348784 0.451399 0.344985
0 0.423077 0.376900 0.418182 0.433891 0.417483 0.488602 0.411538 0.541033 0.408741 0.575228 0.422028 0.589666 0.432867 0.570669 0.439510 0.500760 0.440559 0.437690 0.437762 0.359422
0 0.388112 0.367781 0.389161 0.401976 0.389161 0.454407 0.385315 0.496960 0.379371 0.534954 0.382517 0.575228 0.394056 0.610942 0.406643 0.575228 0.409441 0.509878 0.417483 0.442249 0.417483 0.380699 0.417483 0.357903 0.405594 0.329787 0.394056 0.336626
0 0.368881 0.353343 0.366783 0.385258 0.365734 0.448328 0.356993 0.496960 0.351399 0.522036 0.350350 0.557751 0.356294 0.570669 0.365734 0.575228 0.386364 0.551672 0.391259 0.509878 0.387063 0.462766 0.387063 0.397416 0.389161 0.336626 0.378322 0.334347
0 0.303846 0.363982 0.305594 0.404255 0.306643 0.448328 0.304545 0.492401 0.304545 0.513678 0.320280 0.547872 0.346503 0.549392 0.349301 0.505319 0.340559 0.433891 0.335664 0.376900 0.334615 0.338906 0.315385 0.340426
0 0.508741 0.359422 0.505594 0.405775 0.505594 0.461246 0.502797 0.532675 0.502797 0.583587 0.513636 0.604863 0.532867 0.583587 0.539860 0.524316 0.537762 0.484043 0.534965 0.429331 0.533916 0.374620 0.522378 0.325988
0 0.541608 0.347264 0.536713 0.405775 0.531119 0.477964 0.534965 0.545593 0.540559 0.604863 0.552448 0.585866 0.552448 0.545593 0.558042 0.452888 0.565035 0.357903 0.557343 0.317629 0.546503 0.325988
0 0.563986 0.328267 0.561189 0.359422 0.559091 0.410334 0.557343 0.486322 0.558042 0.543313 0.566783 0.560030 0.576573 0.568389 0.579371 0.543313 0.579371 0.509878 0.578671 0.435410 0.578671 0.370061 0.582517 0.313070 0.571678 0.306991
0 0.596853 0.340426 0.594056 0.378419 0.590210 0.423252 0.588112 0.477964 0.586364 0.524316 0.590210 0.564590 0.607692 0.575228 0.612587 0.543313 0.611538 0.494681 0.610490 0.437690 0.608741 0.332067 0.605594 0.298632
0 0.674825 0.323708 0.672727 0.367781 0.674825 0.431611 0.678671 0.490881 0.682517 0.538754 0.697902 0.534954 0.708741 0.522036 0.712587 0.499240 0.714685 0.465046 0.714685 0.391337 0.708741 0.328267 0.702797 0.287994
0 0.519231 0.627660 0.511538 0.625380 0.501748 0.625380 0.502797 0.663374 0.504895 0.703647 0.509441 0.741641 0.514336 0.813830 0.523077 0.796353 0.525175 0.727204 0.526923 0.667933
0 0.540559 0.610942 0.524126 0.621581 0.523077 0.648936 0.526923 0.697568 0.531119 0.762918 0.536713 0.813830 0.544406 0.815350 0.548601 0.768997 0.552448 0.690729
0 0.566084 0.579027 0.557343 0.589666 0.556294 0.610942 0.555245 0.646657 0.562937 0.695289 0.566783 0.752280 0.575524 0.822188 0.583566 0.771277 0.583566 0.724924 0.581469 0.665653 0.582517 0.585866
0 0.601748 0.581307 0.585315 0.591945 0.588112 0.638298 0.593007 0.722644 0.603846 0.803191 0.617483 0.830547 0.614336 0.752280 0.611538 0.659574 0.611538 0.583587
0 0.624126 0.566869 0.612587 0.564590 0.609790 0.594225 0.620280 0.629939 0.630070 0.682371 0.640559 0.752280 0.650350 0.809271 0.655245 0.762918 0.650350 0.703647 0.649301 0.657295 0.649301 0.617021 0.644755 0.585866
0 0.500000 0.804711 0.500699 0.777356 0.498951 0.712006 0.496853 0.640578 0.489161 0.621581 0.478671 0.621581 0.475524 0.652736 0.481469 0.703647 0.484266 0.760638 0.490210 0.817629
0 0.461888 0.621581 0.454196 0.638298 0.451399 0.671733 0.456993 0.703647 0.461189 0.752280 0.467832 0.841185 0.473776 0.809271 0.475524 0.733283 0.475524 0.689210
0 0.424126 0.595745 0.420280 0.614742 0.415385 0.663374 0.418182 0.739362 0.430070 0.825988 0.434965 0.847264 0.439510 0.819909 0.441608 0.765198 0.444406 0.701368 0.442657 0.638298 0.436713 0.614742
0 0.395105 0.600304 0.388112 0.617021 0.386364 0.655015 0.387063 0.720365 0.388112 0.768997 0.391259 0.811550 0.400699 0.815350 0.406643 0.762918 0.415385 0.703647 0.418182 0.655015 0.415385 0.617021 0.407692 0.598024
0 0.361888 0.598024 0.356993 0.610942 0.356993 0.659574 0.358042 0.727204 0.358042 0.784195 0.356993 0.825988 0.365035 0.813830 0.372727 0.728723 0.387063 0.665653 0.393007 0.629939 0.374476 0.585866
0 0.316434 0.557751 0.308392 0.585866 0.300699 0.613222 0.282168 0.652736 0.273427 0.689210 0.272727 0.747720 0.288112 0.756839 0.311538 0.709726 0.324126 0.676292 0.334615 0.661854 0.350350 0.638298 0.355245 0.613222 0.348252 0.591945 0.339510 0.572948 0.329021 0.562310
0 0.273427 0.507599 0.260140 0.534954 0.243357 0.591945 0.238462 0.663374 0.245455 0.695289 0.274476 0.648936 0.304545 0.579027 0.310490 0.556231 0.297902 0.522036 0.285315 0.509878
0 0.739860 0.515957 0.727273 0.541033 0.722378 0.576748 0.739860 0.621581 0.768881 0.636018 0.797902 0.633739 0.780420 0.604863 0.767832 0.576748 0.751399 0.543313
