0 0.481145 0.339666 0.473401 0.445289 0.477104 0.512158 0.480135 0.547872 0.496970 0.547872 0.504040 0.536474 0.501010 0.491641 0.496970 0.465046 0.495960 0.443009 0.495960 0.409574 0.498990 0.353343
0 0.457576 0.326748 0.456566 0.351064 0.455556 0.389058 0.455556 0.417933 0.455556 0.447568 0.452525 0.496201 0.452525 0.527356 0.456566 0.554711 0.477104 0.547872 0.478114 0.507599 0.477104 0.445289 0.475421 0.431611 0.476431 0.335866
0 0.428620 0.346505 0.425926 0.375380 0.425926 0.405015 0.423906 0.534195 0.433670 0.567629 0.448485 0.556991 0.449495 0.518997 0.449495 0.487082 0.449495 0.438450 0.449495 0.379939 0.450505 0.339666
0 0.403030 0.360182 0.406061 0.386778 0.410774 0.411094 0.411785 0.458207 0.411785 0.487082 0.409091 0.518997 0.409091 0.538754 0.409091 0.561550 0.410774 0.579027 0.419865 0.581307 0.426599 0.572188 0.432660 0.559271 0.429630 0.536474 0.426599 0.496201 0.425926 0.460486 0.425926 0.424772 0.425926 0.382219 0.425926 0.367021
0 0.377104 0.377660 0.377104 0.407295 0.384175 0.436170 0.387205 0.471884 0.388215 0.500760 0.388215 0.531915 0.392256 0.581307 0.408081 0.581307 0.412795 0.543313 0.412795 0.496201 0.412795 0.460486 0.409091 0.417933 0.405051 0.382219 0.397980 0.360182
0 0.350505 0.379939 0.350505 0.427052 0.352525 0.467325 0.353535 0.509878 0.354545 0.572188 0.359259 0.590426 0.378114 0.594985 0.391246 0.590426 0.392929 0.559271 0.391246 0.536474 0.386195 0.487082 0.382155 0.433891 0.381145 0.395897 0.372391 0.367021
0 0.312795 0.409574 0.317845 0.455927 0.318855 0.503040 0.318855 0.543313 0.318855 0.572188 0.324579 0.590426 0.340741 0.597264 0.353535 0.601824 0.360269 0.581307 0.356566 0.543313 0.349495 0.505319 0.346465 0.467325 0.345455 0.422492 0.345455 0.393617 0.325589 0.377660
0 0.502020 0.351064 0.502020 0.384498 0.502020 0.429331 0.502020 0.474164 0.503030 0.514438 0.507071 0.541033 0.518855 0.547872 0.525926 0.541033 0.525926 0.514438 0.523906 0.483283 0.519865 0.447568 0.517845 0.400456 0.517845 0.369301 0.519865 0.341945
0 0.527609 0.335866 0.527609 0.377660 0.527609 0.429331 0.527609 0.487082 0.529630 0.518997 0.539731 0.536474 0.550505 0.538754 0.552525 0.509878 0.547475 0.460486 0.545455 0.427052 0.545455 0.377660 0.546465 0.331307
0 0.560269 0.335866 0.559596 0.375380 0.556566 0.409574 0.553535 0.431611 0.552525 0.476444 0.552525 0.507599 0.555556 0.536474 0.569360 0.547872 0.580135 0.541033 0.582155 0.505319 0.578114 0.471884 0.576431 0.431611 0.576431 0.395897 0.579125 0.335866
0 0.590236 0.337386 0.586195 0.371581 0.585185 0.415653 0.583165 0.451368 0.582155 0.505319 0.583165 0.536474 0.594949 0.561550 0.609091 0.563830 0.616835 0.554711 0.619865 0.531915 0.615825 0.489362 0.611785 0.451368 0.611785 0.409574 0.611785 0.355623 0.611785 0.333587
0 0.676431 0.373100 0.664310 0.417933 0.659596 0.445289 0.649495 0.481003 0.642761 0.509878 0.638721 0.541033 0.642761 0.569909 0.656566 0.585866 0.668350 0.581307 0.673401 0.561550 0.675421 0.521277 0.677441 0.471884 0.683165 0.422492 0.691246 0.382219
0 0.705051 0.379939 0.698990 0.413374 0.689226 0.458207 0.682155 0.491641 0.677441 0.514438 0.675421 0.550152 0.676431 0.574468 0.695960 0.585866 0.713805 0.574468 0.715825 0.554711 0.716835 0.496201 0.720875 0.449088 0.728956 0.409574
0 0.508081 0.759878 0.507071 0.706687 0.506061 0.666413 0.504040 0.621581 0.502020 0.590426 0.508081 0.576748 0.522896 0.574468 0.523906 0.601824 0.521886 0.637538 0.518855 0.659574 0.518855 0.697568 0.518855 0.728723 0.518855 0.751520 0.519865 0.771277
0 0.527609 0.793313 0.528620 0.768997 0.523906 0.717325 0.521886 0.683891 0.521886 0.645897 0.521886 0.614742 0.522896 0.597264 0.524916 0.574468 0.533670 0.567629 0.539731 0.583587 0.539731 0.619301 0.538721 0.652736 0.536700 0.686170 0.536700 0.726444 0.536700 0.759878 0.536700 0.775836
0 0.553535 0.771277 0.550505 0.749240 0.547475 0.717325 0.546465 0.683891 0.545455 0.650456 0.545455 0.628419 0.545455 0.599544 0.544444 0.576748 0.550505 0.572188 0.563300 0.572188 0.565320 0.612462 0.564310 0.650456 0.564310 0.673252 0.563300 0.704407 0.563300 0.735562
0 0.572391 0.778116 0.567340 0.719605 0.565320 0.686170 0.564310 0.645897 0.564310 0.603343 0.569360 0.581307 0.581145 0.585866 0.587205 0.614742 0.588215 0.645897 0.586195 0.681611 0.586195 0.719605 0.585185 0.780395 0.585185 0.800152 0.572391 0.811550
0 0.593939 0.789514 0.593939 0.757599 0.589226 0.724164 0.586195 0.695289 0.586195 0.648176 0.586195 0.614742 0.586195 0.588146 0.592256 0.583587 0.602020 0.585866 0.608081 0.599544 0.610101 0.623860 0.610101 0.655015 0.609091 0.681611 0.608081 0.704407 0.607071 0.731003 0.607071 0.759878 0.607071 0.780395 0.607071 0.800152
0 0.496970 0.802432 0.496970 0.746960 0.496970 0.695289 0.503030 0.641337 0.507071 0.592705 0.503030 0.576748 0.482155 0.576748 0.479125 0.592705 0.480135 0.626140 0.484175 0.657295 0.484175 0.693009 0.483165 0.749240 0.482155 0.787234 0.484175 0.804711
0 0.478114 0.773556 0.481145 0.733283 0.482155 0.704407 0.483165 0.675532 0.483165 0.639818 0.483165 0.594985 0.483165 0.572188 0.460269 0.569909 0.465320 0.650456 0.466330 0.675532 0.466330 0.708967 0.466330 0.746960 0.466330 0.778116 0.466330 0.802432 0.466330 0.829787 0.477104 0.831307
0 0.659259 0.796353 0.648148 0.775076 0.635017 0.735562 0.631987 0.709726 0.626599 0.682371 0.620875 0.661094 0.614478 0.646657 0.612458 0.619301 0.617172 0.595745 0.624579 0.581307 0.639731 0.579027 0.646128 0.583587 0.656566 0.625380 0.659259 0.652736 0.661953 0.671733 0.667677 0.705927 0.673401 0.737082 0.678788 0.771277
0 0.705051 0.783435 0.698653 0.758359 0.683502 0.712006 0.678788 0.695289 0.672391 0.678571 0.663973 0.657295 0.655556 0.633739 0.655556 0.619301 0.655556 0.606383 0.665657 0.589666 0.677104 0.587386 0.687205 0.585106 0.702357 0.583587 0.707071 0.614742 0.710774 0.638298 0.713468 0.667933 0.719865 0.688450 0.727609 0.718085 0.731313 0.739362 0.734007 0.758359
0 0.458586 0.582827 0.447811 0.580547 0.444444 0.622340 0.444444 0.656535 0.444444 0.686930 0.446801 0.721125 0.449495 0.757599 0.451178 0.787994 0.452862 0.829787 0.461279 0.823708 0.461279 0.776596 0.461279 0.742401 0.461279 0.705927 0.461279 0.670213 0.466330 0.622340 0.466330 0.595745
0 0.444444 0.835106 0.444444 0.800912 0.443434 0.757599 0.441751 0.728723 0.443434 0.690729 0.447811 0.648936 0.449495 0.624620 0.448485 0.598024 0.435017 0.598024 0.424242 0.624620 0.424242 0.643617 0.424242 0.670213 0.425926 0.702128 0.427609 0.728723 0.427609 0.768997 0.427609 0.803191 0.430976 0.835106
0 0.420875 0.823708 0.420875 0.812310 0.419865 0.772796 0.421549 0.728723 0.425926 0.670213 0.429293 0.632219 0.415825 0.624620 0.409091 0.643617 0.407407 0.656535 0.407407 0.681611 0.407407 0.700608 0.407407 0.723404 0.407407 0.761398 0.407407 0.819909
0 0.396296 0.816109 0.395623 0.781915 0.392929 0.740122 0.393939 0.709726 0.400673 0.677812 0.404040 0.645137 0.400673 0.609422 0.385522 0.607143 0.374411 0.610942 0.368687 0.626140 0.367677 0.655015 0.367003 0.686930 0.355219 0.793313 0.359259 0.818389 0.374411 0.829787 0.387205 0.835106
0 0.338384 0.835106 0.342424 0.819909 0.347475 0.768997 0.350842 0.751520 0.353535 0.724924 0.360943 0.683131 0.367003 0.662614 0.367677 0.639818 0.359259 0.614742 0.341751 0.614742 0.334007 0.614742 0.328283 0.610942 0.319865 0.628419 0.319865 0.641337 0.318182 0.658815 0.315488 0.693009 0.313131 0.719605 0.309764 0.750000 0.304714 0.787994 0.303030 0.814590 0.314815 0.827508 0.329966 0.829787
