0 0.491531 0.288754 0.517954 0.287234 0.516938 0.433131 0.524729 0.513678 0.512873 0.528116 0.496951 0.528116 0.494580 0.485562 0.496274 0.428571 0.494241 0.349544
0 0.513889 0.275076 0.534553 0.272796 0.535230 0.363982 0.541667 0.458207 0.544377 0.492401 0.525407 0.500000 0.521341 0.453647 0.516260 0.373860 0.518970 0.317629 0.517954 0.277356
0 0.532859 0.265957 0.557588 0.259878 0.561653 0.406535 0.565041 0.461246 0.564702 0.486322 0.554539 0.485562 0.545054 0.471884 0.537602 0.449848 0.535908 0.284195
0 0.563347 0.477964 0.557927 0.460486 0.551829 0.254559 0.573171 0.253799 0.586382 0.468845 0.579946 0.482523 0.573509 0.470365 0.570461 0.466565 0.567412 0.467325
0 0.571477 0.247720 0.590108 0.242401 0.600610 0.397416 0.602981 0.429331 0.600949 0.450608 0.597222 0.454407 0.594173 0.456687 0.582317 0.456687 0.575203 0.417933
0 0.602981 0.449088 0.630759 0.445289 0.630759 0.418693 0.621951 0.228723 0.591802 0.229483 0.601626 0.402736
0 0.623306 0.224164 0.653455 0.221884 0.660908 0.395897 0.663279 0.430851 0.654133 0.420973 0.643293 0.439210 0.632791 0.431611 0.630759 0.406535
0 0.655149 0.206687 0.680894 0.206687 0.677507 0.261398 0.687669 0.353343 0.691396 0.392857 0.670393 0.423252 0.663618 0.417173 0.658875 0.376900 0.660908 0.338906 0.661585 0.290274
0 0.467818 0.274316 0.488482 0.275836 0.489160 0.432371 0.494241 0.494681 0.496274 0.533435 0.475949 0.530395 0.467818 0.520517 0.467141 0.463526 0.467480 0.403495
0 0.447832 0.506079 0.456301 0.515957 0.465786 0.515957 0.464770 0.453647 0.468157 0.255319 0.451220 0.254559 0.447154 0.450608
0 0.427507 0.241641 0.451220 0.250000 0.445122 0.503040 0.430556 0.509878 0.425136 0.494681 0.425136 0.460486 0.426152 0.414894
0 0.406504 0.237842 0.424797 0.241641 0.423780 0.490881 0.402778 0.484043 0.393631 0.441489 0.397358 0.382219
0 0.379065 0.227964 0.406843 0.240881 0.400745 0.483283 0.386856 0.490122 0.376355 0.489362 0.367209 0.493921 0.364160 0.481763 0.365515 0.461246 0.366531 0.420973 0.379404 0.313830
0 0.339770 0.211246 0.371951 0.218085 0.366192 0.413374 0.365176 0.465046 0.350949 0.476444 0.344512 0.462766 0.338415 0.464286 0.334688 0.461246 0.331640 0.443009 0.330285 0.431611 0.333333 0.405775 0.336043 0.381459
0 0.304878 0.198328 0.337737 0.210486 0.333672 0.406535 0.326558 0.436930 0.315379 0.437690 0.306572 0.421733 0.300474 0.428571 0.296409 0.414134 0.301491 0.378419
0 0.498984 0.543313 0.516260 0.541033 0.521341 0.727964 0.506436 0.731763 0.505081 0.610942 0.499661 0.566869
0 0.516938 0.539514 0.520325 0.532675 0.527100 0.529635 0.530488 0.527356 0.536585 0.531915 0.536924 0.588146 0.539295 0.748480 0.521341 0.743161 0.519648 0.610182 0.518970 0.569149 0.516938 0.544833
0 0.540989 0.515957 0.545393 0.528116 0.553523 0.531915 0.558943 0.538754 0.582317 0.785714 0.555217 0.780395 0.540650 0.627660 0.536247 0.560030 0.536924 0.534195 0.538957 0.520517
0 0.568767 0.518237 0.558604 0.534954 0.562669 0.568389 0.582656 0.772036 0.613821 0.777356 0.591463 0.684650 0.585027 0.613982 0.585366 0.559271 0.580962 0.526596 0.572154 0.516717
0 0.588076 0.512158 0.604675 0.517477 0.638889 0.757599 0.613144 0.767477 0.590447 0.582827 0.582995 0.541033 0.581640 0.521277
0 0.608401 0.501520 0.631775 0.492401 0.637195 0.493921 0.642615 0.511398 0.648035 0.544833 0.677507 0.697568 0.636179 0.724924 0.615515 0.569909 0.609417 0.554711 0.606707 0.550912 0.607046 0.537234 0.606030 0.511398
0 0.639566 0.485562 0.641260 0.471884 0.645664 0.468845 0.648713 0.469605 0.657520 0.474164 0.668699 0.458967 0.673780 0.459726 0.676491 0.470365 0.718835 0.655775 0.681911 0.689970 0.657182 0.580547 0.643631 0.523556 0.639228 0.503799
0 0.674458 0.465805 0.673103 0.449088 0.676152 0.440729 0.681911 0.439970 0.688686 0.441489 0.690718 0.433131 0.694783 0.424772 0.699864 0.417933 0.704946 0.412614 0.709350 0.414894 0.715447 0.424012 0.755759 0.564590 0.723238 0.626900 0.694444 0.516717 0.683266 0.495441 0.678523 0.484802 0.677168 0.468845
0 0.480691 0.537994 0.496951 0.541793 0.497629 0.556231 0.505759 0.745441 0.490515 0.749240 0.486450 0.646657 0.482385 0.595745 0.479675 0.569909 0.479675 0.551672
0 0.463076 0.534195 0.478659 0.536474 0.492547 0.770517 0.473916 0.763678 0.466125 0.620821 0.462060 0.579787 0.458672 0.548632
0 0.451897 0.533435 0.440718 0.547872 0.441057 0.786474 0.459688 0.799392 0.462398 0.641337 0.462737 0.586626 0.460027 0.542553 0.456301 0.531155
0 0.431233 0.534195 0.435976 0.552432 0.441057 0.557751 0.438008 0.793313 0.411247 0.782675 0.417005 0.651976 0.423442 0.587386 0.420732 0.549392 0.426152 0.539514
0 0.409553 0.547872 0.399051 0.556231 0.394648 0.582067 0.394648 0.609422 0.395664 0.620821 0.381436 0.764438 0.399051 0.774316 0.414973 0.686930 0.419377 0.615502 0.423103 0.584347 0.421748 0.557751 0.417344 0.547112
0 0.336043 0.496960 0.355691 0.510638 0.365854 0.533435 0.364499 0.551672 0.321816 0.743161 0.271680 0.682371 0.317751 0.554711 0.319783 0.543313 0.317073 0.532675 0.323848 0.515198
0 0.286247 0.442249 0.290650 0.441489 0.298442 0.441489 0.308266 0.437690 0.318089 0.452128 0.323848 0.463526 0.328930 0.464286 0.335366 0.482523 0.334350 0.498480 0.258130 0.689970 0.222222 0.610942 0.273035 0.500000 0.282859 0.444529
