0 0.491736 0.257599 0.493457 0.507599 0.473829 0.512918 0.457989 0.500000 0.459022 0.370061 0.457989 0.264438
0 0.450758 0.256079 0.458333 0.394377 0.458333 0.441489 0.457989 0.458207 0.456267 0.474924 0.453857 0.488602 0.449725 0.494681 0.445937 0.494681 0.436983 0.494681 0.432851 0.479483 0.432851 0.448328 0.433196 0.413374 0.431129 0.269757
0 0.430441 0.263678 0.434229 0.464286 0.430785 0.508359 0.413567 0.507599 0.408747 0.481763 0.409091 0.439970 0.409780 0.278116
0 0.409780 0.277356 0.410124 0.431611 0.408747 0.493161 0.385331 0.483283 0.381198 0.469605 0.382576 0.433131 0.382576 0.392097 0.391185 0.286474
0 0.501377 0.243161 0.492424 0.452888 0.491736 0.510638 0.512397 0.509878 0.526171 0.503799 0.531680 0.494681 0.529614 0.463526 0.529270 0.448328 0.529614 0.420973 0.532713 0.256839
0 0.532025 0.254559 0.528926 0.436930 0.529270 0.464286 0.530303 0.484043 0.532025 0.490122 0.542700 0.500760 0.552686 0.500000 0.556474 0.471125 0.558884 0.443769 0.561295 0.376140 0.555441 0.255319
0 0.600551 0.283435 0.591253 0.397416 0.585399 0.442249 0.580923 0.481003 0.599174 0.494681 0.608815 0.476444 0.612259 0.443009 0.613292 0.410334 0.610537 0.283435
0 0.623967 0.276596 0.615358 0.349544 0.613636 0.386778 0.613292 0.413374 0.612259 0.431611 0.611226 0.451368 0.610193 0.467325 0.608471 0.484802 0.607782 0.495441 0.611226 0.503040 0.619490 0.509119 0.627755 0.503799 0.635331 0.496201 0.636708 0.446809 0.637052 0.408815 0.637741 0.275836
0 0.698003 0.284195 0.672865 0.354103 0.665634 0.425532 0.661501 0.496201 0.695937 0.518997 0.713499 0.503799 0.727617 0.436170 0.741391 0.310030
0 0.508264 0.524316 0.501033 0.525076 0.501033 0.570669 0.501722 0.724164 0.523416 0.724164 0.524449 0.592705 0.522039 0.531915 0.521006 0.524316
0 0.527204 0.531155 0.521694 0.531915 0.521350 0.550912 0.522039 0.598024 0.523416 0.736322 0.543388 0.737082 0.544421 0.592705 0.545455 0.547112 0.545455 0.533435 0.532369 0.529635
0 0.550964 0.521277 0.546143 0.527356 0.545455 0.544073 0.545799 0.553191 0.544766 0.571429 0.543733 0.759878 0.566804 0.756079 0.569215 0.661094 0.569559 0.570669 0.570248 0.546353 0.570592 0.531915 0.567493 0.522796 0.560606 0.519757
0 0.577479 0.525076 0.570248 0.536474 0.566460 0.544073 0.566116 0.554711 0.569904 0.572188 0.570592 0.585866 0.571281 0.736322 0.591253 0.736322 0.593320 0.584347 0.595041 0.569149 0.595730 0.560030 0.595386 0.547872 0.594697 0.542553 0.591942 0.531915 0.585399 0.528116
0 0.600895 0.528116 0.594008 0.528875 0.590909 0.534195 0.590220 0.544833 0.591253 0.560030 0.593664 0.571429 0.595386 0.588146 0.609160 0.779635 0.632576 0.766717 0.620523 0.575988 0.621556 0.556991 0.621556 0.550912 0.620179 0.541033 0.618802 0.534954 0.611226 0.528116 0.606405 0.528116
0 0.637397 0.524316 0.625689 0.526596 0.619146 0.528116 0.617769 0.533435 0.618802 0.549392 0.621556 0.563070 0.622245 0.578267 0.624311 0.602584 0.630510 0.674772 0.639807 0.739362 0.686639 0.713526 0.670110 0.560030 0.659435 0.523556
0 0.501722 0.522796 0.500000 0.724924 0.477617 0.721125 0.480028 0.578267 0.482094 0.525836
0 0.482094 0.524316 0.479339 0.621581 0.476584 0.732523 0.457300 0.731763 0.460055 0.569149 0.459711 0.522036
0 0.456956 0.518997 0.460744 0.528116 0.458678 0.614742 0.456956 0.765198 0.433540 0.765957 0.436983 0.591185 0.436983 0.541793 0.442493 0.520517
0 0.426653 0.525076 0.435262 0.531915 0.439738 0.534954 0.440771 0.541033 0.440427 0.554711 0.438705 0.573708 0.436639 0.588146 0.436295 0.601824 0.436295 0.632979 0.434573 0.766717 0.414256 0.765957 0.415289 0.610942 0.413223 0.588906 0.410813 0.566869 0.411501 0.550152 0.413567 0.541033 0.417700 0.529635 0.420110 0.525076
0 0.402548 0.515957 0.398760 0.515198 0.395661 0.512918 0.392906 0.513678 0.389807 0.520517 0.389807 0.525836 0.388085 0.550912 0.383953 0.742401 0.404270 0.743921 0.413912 0.588906 0.415289 0.569909 0.417700 0.556231 0.419421 0.550152 0.421832 0.535714 0.421832 0.524316 0.419421 0.519757 0.414601 0.519757 0.405992 0.519757
0 0.369490 0.477964 0.361570 0.472644 0.357438 0.476444 0.353306 0.486322 0.351240 0.501520 0.349518 0.513678 0.345730 0.540274 0.343320 0.572188 0.319904 0.683131 0.364325 0.711246 0.384298 0.567629 0.388774 0.539514 0.391185 0.536474 0.393251 0.532675 0.396006 0.523556 0.397383 0.515198 0.397727 0.503799 0.397039 0.500760 0.393939 0.494681 0.390840 0.493161 0.385675 0.489362 0.378444 0.484802 0.372934 0.483283
0 0.340909 0.465046 0.317493 0.438450 0.301997 0.458207 0.295455 0.495441 0.273072 0.636018 0.320592 0.675532 0.341598 0.566869 0.347796 0.524316 0.352961 0.502280 0.354339 0.492401 0.354339 0.479483
