0 0.486447 0.606383 0.517167 0.602584 0.505602 0.335866 0.486447 0.339666 0.488977 0.525076 0.483918 0.591945
0 0.465847 0.525076 0.461872 0.583587 0.482111 0.595745 0.488616 0.531915 0.488977 0.333587 0.471269 0.357143
0 0.454283 0.338906 0.434044 0.567629 0.448500 0.588146 0.467654 0.547872 0.472714 0.312310
0 0.425732 0.316109 0.414167 0.545593 0.423925 0.575988 0.435128 0.563830 0.445248 0.554711 0.451753 0.521277 0.451753 0.469605 0.445248 0.300912
0 0.397181 0.341185 0.393567 0.521277 0.396458 0.575988 0.410553 0.563830 0.422479 0.550912 0.429707 0.522796 0.422479 0.452128 0.408746 0.312310 0.396097 0.328267
0 0.353451 0.344985 0.353451 0.466565 0.348392 0.535714 0.375497 0.550912 0.389592 0.556231 0.401518 0.535714 0.405493 0.517477 0.385255 0.319909
0 0.315504 0.358663 0.318034 0.436170 0.307192 0.484043 0.303939 0.500000 0.312252 0.526596 0.319118 0.528875 0.328876 0.535714 0.344416 0.540274 0.353451 0.517477 0.354174 0.480243 0.354174 0.452128 0.361041 0.405015 0.353451 0.314590
0 0.309722 0.279635 0.296350 0.310790 0.286953 0.363982 0.286953 0.371581 0.302132 0.386778 0.312974 0.395897 0.325623 0.395897 0.333936 0.376140 0.346946 0.342705 0.347669 0.322948 0.329237 0.303951 0.319841 0.290274
0 0.511384 0.599544 0.539935 0.613222 0.543549 0.540274 0.530177 0.338906 0.509939 0.338906 0.517528 0.507599
0 0.530900 0.379939 0.535237 0.551672 0.534153 0.588146 0.543549 0.604103 0.554391 0.604863 0.563787 0.599544 0.559451 0.506839 0.556198 0.332067 0.529816 0.366261
0 0.555114 0.344985 0.557644 0.550912 0.561258 0.583587 0.574268 0.595745 0.586194 0.567629 0.582219 0.515957 0.572100 0.316109 0.553307 0.332067
0 0.577882 0.351824 0.576798 0.534195 0.576798 0.563830 0.588001 0.569149 0.598844 0.591945 0.604987 0.588906 0.612215 0.579787 0.610770 0.462766 0.604626 0.323708
0 0.600651 0.357143 0.599928 0.526596 0.598844 0.549392 0.600651 0.563830 0.610408 0.569149 0.614745 0.574468 0.633538 0.561550 0.633538 0.540274 0.633177 0.471884 0.617998 0.323708
0 0.622335 0.346505 0.619082 0.512918 0.627394 0.551672 0.633177 0.560030 0.647633 0.560030 0.657752 0.560030 0.664619 0.551672 0.665342 0.530395 0.662812 0.477204 0.658475 0.439970 0.642573 0.329027
0 0.661005 0.346505 0.645103 0.397416 0.650163 0.446809 0.657029 0.484043 0.663535 0.515957 0.667871 0.547872 0.684496 0.540274 0.692085 0.528116 0.699675 0.521277 0.709071 0.518237 0.705457 0.464286 0.697868 0.436170 0.692085 0.417173 0.671124 0.330547
0 0.686303 0.287994 0.668594 0.306231 0.661005 0.362462 0.668594 0.385258 0.677991 0.395897 0.688833 0.408055 0.699675 0.409574 0.713047 0.406535 0.719190 0.385258 0.724250 0.358663 0.714854 0.333587 0.702927 0.318389 0.693892 0.298632
0 0.499819 0.629179 0.520058 0.627660 0.520058 0.846505 0.498735 0.837386
0 0.514998 0.627660 0.518974 0.821429 0.530177 0.819909 0.538128 0.632219
0 0.535960 0.632219 0.550777 0.620061 0.560173 0.655775 0.558728 0.858663 0.534875 0.865502
0 0.570293 0.617021 0.552584 0.646657 0.553668 0.682371 0.560896 0.842705 0.586194 0.839666 0.586917 0.698328 0.585472 0.643617 0.576798 0.623860
0 0.590531 0.611702 0.570293 0.638298 0.581135 0.689210 0.593061 0.795593 0.608963 0.838146 0.625587 0.832067 0.614022 0.673252 0.607156 0.622340
0 0.587279 0.620061 0.641128 0.591945 0.646549 0.636018 0.649440 0.664894 0.679798 0.806231 0.635707 0.819909 0.620528 0.731763 0.615829 0.680091 0.597398 0.667933
0 0.646549 0.658815 0.632454 0.607903 0.638598 0.590426 0.650163 0.578267 0.657752 0.574468 0.662089 0.567629 0.672931 0.561550 0.683050 0.569149 0.694615 0.616261 0.727503 0.747720 0.692085 0.779635 0.666787 0.717325
0 0.727503 0.689210 0.702205 0.667933 0.697868 0.658815 0.695338 0.634498 0.696422 0.602584 0.703289 0.582827 0.713408 0.566869 0.723889 0.560030 0.735815 0.565350 0.748464 0.591945 0.778822 0.651976 0.762920 0.715805 0.742682 0.712006
0 0.482833 0.625380 0.505602 0.632219 0.501988 0.830547 0.488616 0.830547
0 0.461872 0.613222 0.486447 0.621581 0.478858 0.838146 0.472714 0.839666
0 0.439827 0.677052 0.439104 0.623860 0.444163 0.599544 0.452476 0.594225 0.465125 0.641337 0.469462 0.881459 0.447777 0.879939
0 0.425732 0.759878 0.421756 0.671733 0.419949 0.625380 0.429707 0.590426 0.444886 0.611702 0.450307 0.653495 0.449946 0.731763 0.442356 0.871581 0.421756 0.862462
0 0.385616 0.835866 0.393928 0.683891 0.397181 0.643617 0.402963 0.616261 0.410553 0.599544 0.421756 0.591945 0.444886 0.604863 0.432598 0.662614 0.419227 0.746201 0.395374 0.860182
0 0.329960 0.784195 0.336465 0.724164 0.344055 0.682371 0.347669 0.664134 0.356704 0.639818 0.355258 0.570669 0.387062 0.579787 0.416335 0.590426 0.407300 0.632219 0.395374 0.661094 0.390676 0.742401 0.360318 0.816109
0 0.294543 0.724164 0.313336 0.683891 0.324178 0.655775 0.340080 0.632219 0.342609 0.611702 0.336827 0.585106 0.319118 0.558511 0.300687 0.551672 0.288760 0.561550 0.279364 0.595745 0.256957 0.616261 0.257680 0.677052
