0 0.467452 0.480243 0.500693 0.476444 0.495499 0.414134 0.479224 0.227964 0.462950 0.229483 0.464681 0.393617
0 0.438366 0.476444 0.468144 0.476444 0.457410 0.199088 0.433518 0.222644
0 0.408934 0.442249 0.409972 0.474924 0.420014 0.486322 0.434557 0.480243 0.440443 0.472644 0.441482 0.439210 0.429017 0.182371 0.406163 0.193009
0 0.388158 0.418693 0.386080 0.449088 0.386080 0.458207 0.393006 0.473404 0.404432 0.472644 0.409280 0.459726 0.413781 0.459726 0.419668 0.430851 0.419668 0.375380 0.404432 0.182371 0.385388 0.199848
0 0.359072 0.268997 0.359072 0.324468 0.362881 0.379939 0.364612 0.405775 0.362188 0.430851 0.362188 0.449848 0.376039 0.468085 0.389197 0.455927 0.396122 0.434650 0.391274 0.393617 0.389197 0.368541 0.376039 0.223404 0.360803 0.231763
0 0.313019 0.273556 0.323061 0.327508 0.326177 0.373860 0.321330 0.401976 0.321330 0.418693 0.321330 0.452888 0.334488 0.468085 0.353532 0.459726 0.363573 0.452888 0.367382 0.398936 0.364612 0.376900 0.360803 0.317629 0.350069 0.226444
0 0.500000 0.481763 0.512119 0.480243 0.524584 0.468085 0.530125 0.449848 0.529086 0.373860 0.522161 0.226444 0.498961 0.226444
0 0.529778 0.476444 0.554709 0.444529 0.547438 0.221125 0.529086 0.229483 0.529086 0.324468
0 0.551593 0.401976 0.551593 0.436170 0.558518 0.458207 0.573753 0.461246 0.582064 0.451368 0.581371 0.401976 0.575139 0.174012 0.559211 0.177812 0.551593 0.339666
0 0.609765 0.215046 0.601454 0.329027 0.595914 0.396657 0.591413 0.430851 0.597645 0.439210 0.606302 0.447568 0.621537 0.447568 0.626731 0.427052 0.629155 0.275836 0.629848 0.205927
0 0.683864 0.212766 0.668629 0.317629 0.664474 0.351824 0.659972 0.393617 0.659972 0.422492 0.672438 0.437690 0.689404 0.440729 0.709834 0.425532 0.712950 0.412614 0.716066 0.332827 0.718490 0.275836 0.699792 0.201368
0 0.719875 0.231763 0.717798 0.329787 0.709834 0.376900 0.704640 0.404255 0.706025 0.427052 0.722992 0.430851 0.740651 0.422492 0.748615 0.403495 0.746191 0.351824 0.746191 0.277356 0.743075 0.209726
0 0.503116 0.509878 0.519737 0.506839 0.521468 0.556231 0.524584 0.721125 0.500000 0.716565 0.500693 0.534195
0 0.520776 0.562310 0.519044 0.501520 0.547784 0.500000 0.541551 0.571429 0.542244 0.734802 0.527008 0.736322
0 0.543975 0.599544 0.537742 0.513678 0.546053 0.503040 0.564751 0.508359 0.569945 0.545593 0.576177 0.762158 0.559903 0.777356
0 0.576870 0.594985 0.569252 0.550912 0.567521 0.530395 0.577562 0.495441 0.588989 0.496960 0.596953 0.525836 0.595914 0.592705 0.604571 0.750000 0.591413 0.759878
0 0.599030 0.596505 0.590720 0.555471 0.585526 0.523556 0.585526 0.498480 0.596953 0.488602 0.612881 0.501520 0.618421 0.509878 0.621537 0.560790 0.638504 0.743161 0.630886 0.750000 0.619806 0.737842
0 0.628463 0.562310 0.617729 0.523556 0.610111 0.495441 0.613920 0.473404 0.627770 0.469605 0.636773 0.477964 0.650623 0.459726 0.661357 0.474924 0.670706 0.500000 0.669321 0.530395 0.670706 0.555471 0.697022 0.716565 0.673823 0.729483 0.638504 0.653495 0.631579 0.601064
0 0.678324 0.570669 0.665166 0.559271 0.659972 0.535714 0.654778 0.513678 0.655471 0.493161 0.670706 0.468085 0.687673 0.464286 0.701524 0.462766 0.712950 0.469605 0.720568 0.506839 0.722992 0.538754 0.767659 0.667173 0.724723 0.692249 0.695291 0.617781
0 0.725416 0.541033 0.717452 0.525076 0.707756 0.500000 0.708449 0.472644 0.710526 0.458207 0.729224 0.443009 0.748269 0.432371 0.754501 0.443009 0.760042 0.462766 0.763158 0.484802 0.798476 0.559271 0.778393 0.623100 0.752078 0.596505 0.737535 0.575988
0 0.480609 0.513678 0.505886 0.513678 0.500000 0.726444 0.484418 0.726444
0 0.461219 0.596505 0.461219 0.503799 0.483033 0.513678 0.481994 0.639818 0.488573 0.751520 0.475416 0.759878 0.458449 0.643617
0 0.432825 0.616261 0.432825 0.518237 0.452216 0.496960 0.457756 0.518237 0.461219 0.584347 0.450831 0.781915 0.440443 0.781915
0 0.400623 0.758359 0.405125 0.635258 0.402355 0.522036 0.410665 0.503799 0.430055 0.512158 0.437673 0.525076 0.436634 0.559271 0.419668 0.750000
0 0.368421 0.741641 0.377424 0.584347 0.377424 0.553951 0.378116 0.520517 0.388504 0.496960 0.405125 0.496960 0.418283 0.512158 0.408934 0.563830 0.381579 0.762158
0 0.318906 0.708967 0.329294 0.646657 0.330679 0.594985 0.332756 0.566109 0.338296 0.547112 0.338296 0.520517 0.338296 0.496960 0.353532 0.493161 0.366690 0.498480 0.383657 0.496960 0.391274 0.509878 0.385388 0.553951 0.378116 0.579787 0.360803 0.746960
0 0.260734 0.682371 0.272161 0.636778 0.279778 0.591185 0.289127 0.555471 0.293629 0.520517 0.301247 0.491641 0.308172 0.480243 0.326177 0.488602 0.346953 0.505319 0.343837 0.552432 0.326870 0.617781 0.297438 0.741641
0 0.219875 0.601064 0.230609 0.544073 0.245152 0.525836 0.252770 0.518237 0.253809 0.484802 0.254501 0.468085 0.259003 0.449088 0.264543 0.444529 0.281510 0.447568 0.292244 0.447568 0.302285 0.462766 0.300554 0.505319 0.291205 0.542553 0.262812 0.655015
