0 0.477217 0.424772 0.477217 0.488602 0.470261 0.511398 0.470261 0.549392 0.470261 0.595745 0.480000 0.606383 0.492522 0.604103 0.498435 0.585106 0.496348 0.532675 0.496348 0.490122 0.496348 0.446049 0.494609 0.429331
0 0.472348 0.441489 0.472348 0.481763 0.467478 0.507599 0.467478 0.587386 0.460870 0.587386 0.449043 0.570669 0.447304 0.541033 0.450087 0.498480 0.450087 0.450608 0.454957 0.420973
0 0.432696 0.420973 0.432696 0.454407 0.427826 0.494681 0.426087 0.509119 0.421217 0.541033 0.424000 0.564590 0.433739 0.589666 0.444174 0.564590 0.444174 0.498480 0.447304 0.431611 0.450087 0.408055
0 0.419130 0.427052 0.411478 0.452128 0.411478 0.473404 0.411478 0.513678 0.410435 0.572948 0.410435 0.606383 0.410435 0.619301 0.426087 0.604103 0.430609 0.568389 0.421217 0.524316 0.426087 0.473404
0 0.395130 0.439970 0.391304 0.469605 0.383304 0.572948 0.386435 0.619301 0.402783 0.625380 0.412522 0.591945 0.405565 0.538754 0.405565 0.477964 0.406609 0.431611
0 0.372870 0.454407 0.366957 0.503040 0.361043 0.545593 0.356522 0.572948 0.353391 0.591945 0.358261 0.610942 0.374609 0.619301 0.387130 0.610942 0.391304 0.593465 0.386435 0.566109 0.386435 0.500760 0.395130 0.431611 0.398957 0.405775 0.374609 0.416413 0.374609 0.431611
0 0.365217 0.448328 0.359304 0.492401 0.357217 0.524316 0.349565 0.579027 0.343652 0.610942 0.336000 0.606383 0.328348 0.591945 0.318609 0.572948 0.321739 0.538754 0.330435 0.500760 0.333217 0.460486 0.340870 0.414134 0.346783 0.391337 0.356522 0.401976 0.361043 0.416413
0 0.332174 0.401976 0.331130 0.448328 0.322435 0.479483 0.312000 0.481763 0.299478 0.458967 0.293565 0.446049 0.293565 0.427052 0.296348 0.408055 0.308174 0.389058 0.317565 0.386778 0.324522 0.386778
0 0.502261 0.429331 0.500174 0.450608 0.498435 0.496960 0.498435 0.530395 0.495652 0.551672 0.498435 0.595745 0.502261 0.608663 0.524522 0.589666 0.525565 0.557751 0.523478 0.511398 0.523478 0.484043 0.521739 0.408055 0.504348 0.395137
0 0.534261 0.416413 0.532174 0.439970 0.528348 0.494681 0.527304 0.524316 0.527304 0.560030 0.529391 0.602584 0.541913 0.600304 0.545739 0.579027 0.545739 0.538754 0.547826 0.498480 0.547826 0.433131 0.547826 0.401976
0 0.558261 0.416413 0.557217 0.446049 0.554435 0.486322 0.553391 0.530395 0.556522 0.576748 0.562087 0.593465 0.574609 0.585106 0.574609 0.555471 0.570783 0.503040 0.570783 0.452128 0.570783 0.405775
0 0.583304 0.424772 0.577739 0.454407 0.571826 0.494681 0.570783 0.526596 0.563130 0.564590 0.566957 0.589666 0.579478 0.602584 0.589217 0.600304 0.590261 0.560030 0.591304 0.498480 0.593043 0.452128
0 0.600696 0.431611 0.598957 0.462766 0.595130 0.496960 0.591304 0.543313 0.589217 0.570669 0.589217 0.583587 0.602783 0.602584 0.609391 0.598024 0.609391 0.574468 0.613217 0.528116 0.616348 0.471125 0.619130 0.429331 0.610435 0.427052
0 0.627826 0.446049 0.626087 0.462766 0.621913 0.507599 0.618087 0.549392 0.616348 0.589666 0.639304 0.606383 0.662609 0.593465 0.652870 0.557751 0.649043 0.503040 0.649043 0.418693 0.635478 0.393617 0.631652 0.422492
0 0.654957 0.422492 0.651130 0.458967 0.652870 0.517477 0.654957 0.572948 0.665391 0.589666 0.675130 0.595745 0.687652 0.581307 0.690783 0.557751 0.682087 0.513678 0.676174 0.473404 0.672348 0.416413 0.659826 0.401976
0 0.691478 0.378419 0.683826 0.395137 0.676174 0.410334 0.677217 0.446049 0.688696 0.467325 0.699478 0.458967 0.708174 0.454407 0.710957 0.439970 0.710957 0.418693
0 0.503304 0.819909 0.503304 0.790274 0.501217 0.747720 0.492522 0.693009 0.489739 0.659574 0.489739 0.638298 0.498435 0.619301 0.504348 0.636018 0.504348 0.669453 0.507130 0.705927 0.513043 0.756079 0.512000 0.800912
0 0.515826 0.817629 0.515826 0.796353 0.512000 0.731003 0.509913 0.680091 0.512000 0.659574 0.521739 0.638298 0.528348 0.655015 0.530435 0.705927 0.530435 0.750000 0.530435 0.790274 0.530435 0.823708
0 0.545739 0.636018 0.539130 0.669453 0.536000 0.712006 0.536000 0.760638 0.537043 0.840426 0.540870 0.866261 0.554435 0.800912 0.557217 0.752280 0.558261 0.705927 0.565217 0.648936
0 0.569043 0.646657 0.564174 0.665653 0.561043 0.686930 0.560348 0.718085 0.560348 0.737082 0.560348 0.762918 0.561043 0.813070 0.563130 0.828267 0.571826 0.800912 0.579478 0.733283 0.587130 0.690729 0.588174 0.665653
0 0.593043 0.652736 0.585391 0.663374 0.582609 0.695289 0.592000 0.745441 0.597913 0.819909 0.614261 0.857903 0.614261 0.821429 0.611478 0.771277 0.606609 0.720365 0.607652 0.684650 0.609391 0.665653 0.602783 0.650456
0 0.629913 0.646657 0.617391 0.650456 0.610435 0.667933 0.612522 0.720365 0.622957 0.783435 0.631652 0.842705 0.644174 0.859422 0.661565 0.819909 0.665391 0.796353 0.658783 0.762918 0.657739 0.697568 0.656000 0.642097 0.648000 0.636018
0 0.680000 0.629939 0.666435 0.633739 0.663652 0.659574 0.662609 0.724924 0.683826 0.783435 0.691478 0.809271 0.703304 0.817629 0.713739 0.785714 0.716870 0.754559 0.712000 0.712006 0.708174 0.671733 0.706087 0.640578 0.697391 0.621581
0 0.726261 0.640578 0.718609 0.665653 0.713043 0.695289 0.714783 0.722644 0.738087 0.741641 0.758261 0.768997 0.781565 0.779635 0.781565 0.754559 0.766957 0.705927 0.758261 0.665653 0.740870 0.633739
0 0.486957 0.608663 0.485913 0.633739 0.475130 0.646657 0.474087 0.669453 0.474087 0.709726 0.478261 0.743921 0.482783 0.806991 0.487652 0.844985 0.491478 0.800912 0.490783 0.754559 0.491478 0.705927
0 0.468522 0.621581 0.458783 0.623100 0.451130 0.633739 0.451130 0.665653 0.456000 0.728723 0.458783 0.771277 0.462609 0.851064 0.471304 0.859422 0.473391 0.771277 0.474087 0.690729
0 0.438609 0.631459 0.434783 0.646657 0.432696 0.667933 0.427826 0.705927 0.428870 0.743921 0.437565 0.783435 0.445217 0.855623 0.456000 0.882979 0.454957 0.783435 0.452870 0.716565 0.451130 0.665653
0 0.422957 0.657295 0.417391 0.657295 0.414261 0.701368 0.416348 0.745441 0.419130 0.813070 0.421913 0.855623 0.426087 0.754559 0.425043 0.682371
0 0.403826 0.652736 0.393043 0.652736 0.388174 0.684650 0.389217 0.743921 0.389217 0.823708 0.389217 0.872340 0.404522 0.800912 0.408696 0.728723 0.412522 0.684650
0 0.365913 0.678571 0.356522 0.661094 0.333217 0.633739 0.319652 0.631459 0.316870 0.671733 0.302261 0.724924 0.290783 0.777356 0.304348 0.809271 0.322435 0.809271 0.345739 0.731003 0.361043 0.705927
0 0.302261 0.678571 0.293565 0.659574 0.282783 0.644377 0.263652 0.640578 0.256696 0.682371 0.247304 0.712006 0.252174 0.756079 0.274087 0.754559 0.290783 0.741641 0.306087 0.707447
