0 0.466461 0.541033 0.500684 0.544833 0.501711 0.484802 0.491444 0.319149 0.478782 0.317629 0.470910 0.469605 0.465435 0.491641
0 0.441478 0.526596 0.467830 0.536474 0.471595 0.506839 0.468857 0.465046 0.474675 0.308511 0.458248 0.308511 0.442847 0.466565
0 0.411704 0.519757 0.422656 0.535714 0.434634 0.536474 0.444901 0.515957 0.443874 0.455167 0.441821 0.298632 0.425051 0.291793 0.413415 0.469605
0 0.388433 0.466565 0.389459 0.509878 0.394935 0.532675 0.406571 0.529635 0.416838 0.529635 0.424709 0.484043 0.423682 0.459726 0.412731 0.290274 0.400068 0.290274 0.391855 0.453647
0 0.298426 0.447568 0.302533 0.505319 0.331964 0.522796 0.348392 0.515957 0.353525 0.454407 0.329911 0.297872 0.305613 0.307751 0.305955 0.436170
0 0.501711 0.549392 0.532170 0.547112 0.537988 0.484802 0.536961 0.316109 0.524641 0.320669 0.506160 0.489362 0.500684 0.507599
0 0.530801 0.542553 0.553388 0.544833 0.559548 0.506839 0.557495 0.488602 0.553388 0.336626 0.543121 0.335106 0.535934 0.490881 0.531828 0.516717
0 0.554757 0.537234 0.565024 0.551672 0.575633 0.549392 0.582820 0.530395 0.584873 0.488602 0.582820 0.325988 0.572211 0.325988 0.559890 0.490881 0.556810 0.502280
0 0.627995 0.548632 0.665298 0.551672 0.670089 0.477964 0.655031 0.360182 0.639630 0.362462 0.627310 0.487082 0.621150 0.495441
0 0.681383 0.497720 0.687543 0.515957 0.709446 0.525076 0.715606 0.490881 0.712183 0.351064 0.704312 0.352584
0 0.501027 0.582827 0.520534 0.585866 0.511294 0.775076 0.497604 0.770517
0 0.520534 0.588146 0.544490 0.596505 0.544148 0.627660 0.525325 0.787994 0.516085 0.781155
0 0.546543 0.594985 0.568104 0.601824 0.567420 0.645897 0.547570 0.797112 0.535934 0.794833 0.533881 0.708207
0 0.567420 0.626900 0.577687 0.603343 0.590691 0.611702 0.595140 0.657295 0.587953 0.693769 0.581451 0.801672 0.572553 0.800152 0.563655 0.733283
0 0.590007 0.631459 0.594114 0.609422 0.605749 0.605623 0.622177 0.626900 0.616701 0.696049 0.610883 0.797112 0.598220 0.801672
0 0.637919 0.608663 0.682409 0.580547 0.690965 0.618541 0.688227 0.650456 0.704312 0.759119 0.689254 0.774316 0.650240 0.666413 0.643395 0.663374
0 0.497947 0.580547 0.476386 0.583587 0.475359 0.777356 0.491102 0.776596
0 0.453457 0.579027 0.479124 0.583587 0.472964 0.781155 0.458932 0.781155 0.450719 0.597264
0 0.423682 0.589666 0.445243 0.569909 0.456879 0.648176 0.458590 0.787994 0.441821 0.787994 0.429500 0.659574
0 0.399726 0.629179 0.404860 0.590426 0.416153 0.579027 0.430869 0.605623 0.432923 0.661094 0.434634 0.776596 0.416496 0.778875
0 0.376797 0.588146 0.385352 0.579027 0.396646 0.573708 0.408624 0.583587 0.402806 0.639058 0.393566 0.759119 0.383984 0.756079
0 0.324778 0.557751 0.337440 0.549392 0.371663 0.585866 0.367556 0.625380 0.316564 0.730243 0.296715 0.712006
