0 0.305481 0.325228 0.298797 0.552432 0.333556 0.574468 0.350936 0.541793 0.351604 0.468085 0.352607 0.333587
0 0.351939 0.325228 0.351270 0.453647 0.348930 0.499240 0.349933 0.525076 0.352941 0.541033 0.367981 0.551672 0.379679 0.554711 0.390374 0.547872 0.395053 0.528116 0.396390 0.487842 0.398730 0.338146
0 0.418449 0.350304 0.401070 0.497720 0.397393 0.541793 0.403409 0.565350 0.415775 0.557751 0.425134 0.544073 0.429479 0.513678 0.440842 0.338146 0.420455 0.336626
0 0.437500 0.349544 0.422460 0.479483 0.418449 0.531915 0.419452 0.569149 0.426471 0.579787 0.440174 0.539514 0.443850 0.481763 0.450535 0.348024
0 0.450869 0.340426 0.440174 0.532675 0.440508 0.560790 0.452540 0.569149 0.460227 0.553951 0.465241 0.340426
0 0.476939 0.319149 0.463235 0.490881 0.461564 0.574468 0.489305 0.574468 0.492981 0.535714 0.495655 0.338906
0 0.494987 0.333587 0.498997 0.580547 0.527406 0.575988 0.532086 0.563830 0.529412 0.522796 0.525067 0.332067
0 0.525401 0.330547 0.529412 0.533435 0.533757 0.569909 0.553142 0.560030 0.555816 0.527356 0.542447 0.331307
0 0.544118 0.332067 0.555481 0.537234 0.569853 0.573708 0.579880 0.560790 0.581217 0.500000 0.574198 0.436930 0.562166 0.324468
0 0.566845 0.341945 0.573195 0.472644 0.573864 0.522796 0.575201 0.540274 0.585561 0.553191 0.596591 0.563830 0.599599 0.552432 0.602273 0.516717 0.596591 0.464286 0.579545 0.326748
0 0.595254 0.325988 0.608623 0.413374 0.621992 0.544833 0.600267 0.550152 0.596257 0.517477 0.596591 0.480243 0.581551 0.332827
0 0.651070 0.322948 0.638035 0.487082 0.642714 0.539514 0.684158 0.533435 0.688503 0.500760 0.679144 0.446049 0.682152 0.334347
0 0.495321 0.614742 0.493650 0.651216 0.496658 0.801672 0.512701 0.800152 0.513035 0.653495 0.511698 0.613982
0 0.517714 0.604863 0.511364 0.620061 0.511364 0.820669 0.528075 0.821429 0.530414 0.672492 0.532086 0.612462 0.525067 0.596505
0 0.538102 0.594985 0.530080 0.629179 0.530749 0.697568 0.533757 0.853343 0.559826 0.849544 0.555481 0.686930 0.551471 0.654255 0.549799 0.642097 0.551805 0.628419 0.552807 0.606383 0.547126 0.600304
0 0.562166 0.599544 0.548797 0.640578 0.555816 0.690729 0.556150 0.766717 0.566845 0.857903 0.585896 0.849544 0.573864 0.699088 0.575201 0.659574 0.575201 0.636018 0.573864 0.614742 0.569519 0.602584
0 0.581885 0.619301 0.574532 0.628419 0.571858 0.632219 0.569519 0.643617 0.571858 0.660334 0.586564 0.849544 0.603275 0.841185 0.606952 0.773556 0.595588 0.660334 0.596591 0.642857 0.593583 0.623100 0.587233 0.613982
0 0.605281 0.596505 0.595588 0.603343 0.592580 0.613222 0.592580 0.632219 0.597594 0.655015 0.621658 0.836626 0.667781 0.781155 0.638035 0.666413 0.635027 0.639818 0.631016 0.611702 0.628676 0.592705 0.621324 0.585106 0.610963 0.588146
0 0.638369 0.574468 0.626671 0.589666 0.622995 0.596505 0.622660 0.612462 0.627674 0.635258 0.635027 0.660334 0.675802 0.794833 0.720922 0.708207 0.693182 0.637538 0.677807 0.599544 0.672126 0.575228 0.659091 0.555471 0.643048 0.560030
0 0.494987 0.607903 0.475936 0.604863 0.476604 0.672492 0.484960 0.848784 0.498997 0.840426 0.494318 0.661094
0 0.470588 0.595745 0.477941 0.617781 0.484960 0.879179 0.464238 0.883739 0.458556 0.655015 0.456885 0.598784 0.467914 0.586626
0 0.443516 0.591945 0.435829 0.622340 0.437166 0.856383 0.459559 0.853343 0.459559 0.684650 0.456885 0.600304
0 0.428476 0.596505 0.436497 0.621581 0.441176 0.621581 0.442513 0.631459 0.430816 0.855623 0.410428 0.845745 0.414439 0.660334 0.415441 0.623100 0.420455 0.604863
0 0.406751 0.610942 0.391043 0.627660 0.391711 0.654255 0.369318 0.806231 0.383356 0.824468 0.405414 0.741641 0.415441 0.659574 0.420789 0.638298 0.416778 0.617781
0 0.383690 0.587386 0.354947 0.581307 0.313837 0.762158 0.371658 0.803191 0.390709 0.664134 0.397727 0.623860 0.400401 0.598024 0.389372 0.587386
