0 0.476708 0.389058 0.473905 0.443769 0.474606 0.488602 0.474606 0.511398 0.475657 0.526596 0.477758 0.541033 0.502977 0.543313 0.505779 0.473404 0.497023 0.424772 0.496322 0.366261 0.497023 0.351064 0.466900 0.328267
0 0.449387 0.334347 0.446585 0.385258 0.446585 0.442249 0.443783 0.511398 0.443783 0.556231 0.458144 0.557751 0.466900 0.541033 0.466900 0.499240 0.467951 0.429331 0.469002 0.386778 0.466900 0.344985
0 0.419264 0.351064 0.410508 0.385258 0.403853 0.452888 0.409457 0.503040 0.411559 0.553951 0.428021 0.562310 0.435026 0.547872 0.439580 0.494681 0.442732 0.437690 0.445534 0.376900 0.438879 0.347264
0 0.395096 0.321429 0.387040 0.363982 0.380385 0.423252 0.382487 0.467325 0.381436 0.541033 0.385289 0.557751 0.403853 0.557751 0.414361 0.534954 0.417513 0.490881 0.417513 0.433891 0.411559 0.374620 0.411559 0.304711
0 0.357968 0.317629 0.365674 0.344985 0.359019 0.404255 0.355166 0.480243 0.355166 0.519757 0.364974 0.556231 0.380385 0.547872 0.382487 0.496960 0.382487 0.429331 0.385289 0.366261 0.387040 0.328267 0.378284 0.309271
0 0.288967 0.313070 0.286165 0.429331 0.285114 0.488602 0.304378 0.511398 0.321891 0.522036 0.329947 0.496960 0.318039 0.450608 0.318039 0.344985 0.316287 0.313070
0 0.286165 0.313070 0.277408 0.340426 0.263748 0.386778 0.249037 0.431611 0.246935 0.465046 0.263748 0.494681 0.277408 0.496960 0.283012 0.461246 0.283012 0.401976 0.288967 0.351064
0 0.509632 0.348784 0.512785 0.385258 0.502977 0.490881 0.514536 0.549392 0.524343 0.549392 0.535201 0.518237 0.535201 0.467325 0.540105 0.389058 0.544658 0.355623
0 0.549562 0.355623 0.541856 0.393617 0.545709 0.431611 0.543958 0.499240 0.540105 0.530395 0.552715 0.553951 0.565324 0.534954 0.568126 0.496960 0.574081 0.450608 0.573030 0.414894 0.569177 0.353343
0 0.578984 0.367781 0.569177 0.410334 0.570928 0.456687 0.570228 0.507599 0.571979 0.532675 0.578984 0.553951 0.591594 0.543313 0.597198 0.499240 0.597198 0.475684 0.596497 0.418693 0.596497 0.376900 0.598249 0.338906 0.576883 0.342705
0 0.611909 0.367781 0.596497 0.393617 0.595447 0.442249 0.591594 0.522036 0.593345 0.556231 0.612960 0.547872 0.620665 0.524316 0.622767 0.473404 0.632224 0.397416 0.629422 0.351064 0.610158 0.336626
0 0.636427 0.348784 0.632224 0.374620 0.630473 0.433891 0.626620 0.496960 0.628371 0.541033 0.650788 0.541033 0.656743 0.519757 0.656743 0.492401 0.650788 0.461246 0.650788 0.401976 0.651839 0.372340 0.651839 0.336626
0 0.662697 0.338906 0.651839 0.386778 0.652890 0.452888 0.653940 0.496960 0.663398 0.526596 0.691769 0.532675 0.697723 0.524316 0.702277 0.484043 0.700525 0.418693 0.693520 0.344985 0.687916 0.328267
0 0.699475 0.321429 0.693520 0.370061 0.688967 0.429331 0.696673 0.494681 0.721891 0.515957 0.738354 0.499240 0.741506 0.473404 0.733450 0.435410 0.726795 0.357903 0.723993 0.329787
0 0.731699 0.309271 0.718039 0.366261 0.726795 0.435410 0.742207 0.456687 0.755867 0.471884 0.767776 0.475684 0.772329 0.450608 0.771629 0.397416 0.760771 0.374620 0.748161 0.348784
0 0.520490 0.579027 0.497023 0.570669 0.498074 0.604863 0.500876 0.642857 0.500876 0.674012 0.506830 0.712006 0.506830 0.762918 0.516637 0.754559 0.516637 0.728723 0.526445 0.661854 0.520490 0.632219
0 0.543958 0.583587 0.535201 0.583587 0.526445 0.606383 0.522592 0.625380 0.522592 0.644377 0.524343 0.720365 0.527145 0.754559 0.530298 0.771277 0.536953 0.737842 0.535201 0.678571 0.535201 0.644377 0.538004 0.608663
0 0.554466 0.589666 0.549562 0.608663 0.546760 0.655015 0.546760 0.690729 0.547811 0.743921 0.549562 0.765198 0.559370 0.756839 0.561471 0.676292 0.562172 0.633739 0.567075 0.587386
0 0.577933 0.579027 0.574081 0.614742 0.571979 0.670213 0.573030 0.712006 0.579685 0.766717 0.587741 0.809271 0.590543 0.760638 0.590543 0.703647 0.592644 0.676292 0.597198 0.629939 0.597198 0.606383 0.587741 0.576748
0 0.622767 0.576748 0.614011 0.579027 0.603152 0.591945 0.600350 0.619301 0.603152 0.674012 0.605254 0.714286 0.605254 0.758359 0.611909 0.790274 0.618914 0.798632 0.624518 0.784195 0.627671 0.752280 0.626620 0.684650 0.627671 0.652736 0.633275 0.589666
0 0.660595 0.583587 0.645884 0.598024 0.645884 0.636018 0.652890 0.684650 0.657793 0.750000 0.665499 0.779635 0.679159 0.785714 0.693520 0.760638 0.687916 0.689210 0.681961 0.623860 0.675306 0.576748
0 0.697723 0.560030 0.684063 0.576748 0.683012 0.606383 0.700525 0.670213 0.727846 0.750000 0.736602 0.762918 0.746060 0.747720 0.742207 0.703647 0.728546 0.638298 0.726795 0.598024 0.719089 0.566869 0.715236 0.541033
0 0.736602 0.528875 0.719790 0.538754 0.730648 0.602584 0.747110 0.663374 0.750263 0.703647 0.763573 0.703647 0.767776 0.674012 0.768476 0.600304 0.771629 0.562310 0.771629 0.541033 0.756918 0.524316 0.746060 0.528875
0 0.489317 0.572948 0.482662 0.610942 0.486515 0.657295 0.488266 0.733283 0.490368 0.758359 0.496322 0.714286 0.498074 0.608663
0 0.473905 0.583587 0.466900 0.587386 0.461296 0.606383 0.460245 0.651216 0.460245 0.718845 0.473905 0.760638 0.481611 0.727204 0.477758 0.665653 0.482662 0.600304
0 0.449387 0.581307 0.440630 0.575228 0.433975 0.636018 0.440630 0.720365 0.443783 0.766717 0.447636 0.787994 0.459194 0.741641 0.455342 0.684650 0.455342 0.598024
0 0.438879 0.589666 0.423117 0.581307 0.412609 0.589666 0.405604 0.627660 0.405604 0.682371 0.409457 0.739362 0.410508 0.796353 0.432925 0.714286 0.430123 0.657295
0 0.406655 0.594225 0.395797 0.583587 0.381436 0.581307 0.377583 0.625380 0.375482 0.671733 0.375482 0.708207 0.375482 0.741641 0.372680 0.804711 0.386340 0.765198 0.390193 0.720365 0.396848 0.651216 0.400000 0.621581
0 0.369527 0.587386 0.340455 0.556231 0.321191 0.585866 0.325044 0.652736 0.321891 0.714286 0.315236 0.768997 0.336602 0.768997 0.349212 0.743921 0.357968 0.682371 0.365674 0.625380
0 0.328897 0.553951 0.300525 0.547872 0.290718 0.547872 0.284063 0.583587 0.274256 0.638298 0.264448 0.705927 0.266550 0.727204 0.281261 0.743921 0.297723 0.686930 0.304378 0.665653 0.316287 0.621581 0.332750 0.581307 0.339405 0.553951
0 0.286865 0.519757 0.266550 0.511398 0.246935 0.505319 0.235377 0.513678 0.232574 0.543313 0.234326 0.600304 0.233625 0.629939 0.229422 0.676292 0.232574 0.695289 0.251138 0.680851 0.258844 0.610942 0.270403 0.570669
