0 0.476756 0.541793 0.503224 0.537234 0.501188 0.439970 0.497455 0.281155 0.479131 0.287234 0.477435 0.452888 0.474720 0.510638
0 0.455378 0.540274 0.476756 0.541793 0.478113 0.452888 0.478453 0.279635 0.464880 0.281155 0.456057 0.431611 0.454021 0.497720 0.453003 0.525076
0 0.436037 0.537234 0.454700 0.544073 0.457414 0.469605 0.447234 0.254559 0.441466 0.259119 0.436037 0.457447
0 0.416356 0.537234 0.433322 0.541793 0.444181 0.533435 0.445199 0.449088 0.439091 0.246201 0.420767 0.259119 0.420088 0.423252 0.416356 0.507599
0 0.395657 0.531915 0.410587 0.537234 0.422124 0.528875 0.423821 0.520517 0.423482 0.443009 0.419070 0.277356 0.400068 0.297112 0.400747 0.430851 0.397693 0.465805 0.396335 0.500760
0 0.362402 0.518997 0.378690 0.533435 0.385477 0.528875 0.400747 0.533435 0.408212 0.517477 0.408212 0.467325 0.400068 0.271277 0.371904 0.282675 0.357313 0.350304 0.366135 0.449088 0.367492 0.503799
0 0.325755 0.500760 0.340346 0.512158 0.355616 0.515957 0.372582 0.509119 0.371904 0.469605 0.364778 0.297872 0.336614 0.302432 0.324058 0.313830 0.325416 0.371581 0.329827 0.431611 0.324058 0.487082
0 0.506956 0.537234 0.531388 0.540274 0.530709 0.481003 0.519511 0.282675 0.502545 0.285714 0.501866 0.465805 0.499491 0.522036
0 0.530031 0.533435 0.549712 0.534954 0.552087 0.468845 0.542586 0.272796 0.527655 0.278875 0.527655 0.443009 0.527655 0.513678
0 0.548354 0.528875 0.564642 0.538754 0.572786 0.520517 0.576179 0.479483 0.571089 0.278875 0.546318 0.279635 0.548354 0.423252 0.546318 0.472644 0.546318 0.513678
0 0.559552 0.490881 0.567696 0.527356 0.585341 0.534954 0.591788 0.525836 0.593485 0.482523 0.588056 0.376900 0.580251 0.253040 0.558534 0.256079 0.559552 0.406535 0.559552 0.452888
0 0.582966 0.490881 0.588056 0.517477 0.594164 0.531915 0.602307 0.531915 0.612487 0.512158 0.612487 0.477204 0.603665 0.275836 0.580930 0.279635 0.584323 0.441489 0.583644 0.464286
0 0.601629 0.487082 0.608755 0.517477 0.619952 0.522036 0.633186 0.515957 0.642687 0.490881 0.639973 0.433131 0.641330 0.257599 0.619952 0.264438 0.604343 0.420973 0.599932 0.459726
0 0.636919 0.449848 0.635562 0.490881 0.650831 0.507599 0.658975 0.500760 0.670852 0.493921 0.678996 0.474164 0.674584 0.423252 0.675263 0.408055 0.680353 0.277356 0.655243 0.272796 0.639973 0.338906 0.639634 0.375380 0.636919 0.427812
0 0.504920 0.576748 0.525280 0.575228 0.523923 0.781155 0.504242 0.776596
0 0.521208 0.566869 0.543264 0.565350 0.545979 0.786474 0.525619 0.781915
0 0.544622 0.558511 0.569732 0.579787 0.568375 0.819149 0.550390 0.819909
0 0.561588 0.609422 0.555141 0.568389 0.561588 0.556991 0.586698 0.569909 0.589752 0.621581 0.588734 0.661094 0.592806 0.803191 0.577876 0.801672
0 0.638955 0.610942 0.622667 0.553951 0.632508 0.523556 0.670173 0.509119 0.679674 0.555471 0.727520 0.715046 0.688497 0.733283 0.656939 0.667933
0 0.485579 0.575228 0.506278 0.571429 0.501188 0.771277 0.487275 0.769757
0 0.472345 0.563830 0.487954 0.569909 0.482864 0.766717 0.464880 0.776596
0 0.447913 0.563070 0.464880 0.560030 0.468612 0.596505 0.469291 0.664134 0.468612 0.813070 0.446556 0.807751 0.444520 0.619301
0 0.422124 0.621581 0.432643 0.563830 0.448592 0.563070 0.455378 0.579787 0.448592 0.621581 0.448592 0.807751 0.429589 0.809271
0 0.346115 0.718845 0.368171 0.604863 0.367492 0.560030 0.391924 0.545593 0.401425 0.547112 0.413302 0.563830 0.414659 0.596505 0.410587 0.626140 0.406854 0.647416 0.386155 0.781915
0 0.295894 0.721884 0.311503 0.641337 0.322022 0.594985 0.327791 0.528875 0.344757 0.518997 0.359348 0.530395 0.371225 0.545593 0.376654 0.571429 0.366814 0.626140 0.355616 0.689210 0.317272 0.761398
