0 0.506849 0.307751 0.504686 0.539514 0.470440 0.535714 0.472242 0.311550
0 0.460346 0.310790 0.470800 0.459726 0.470800 0.538754 0.445205 0.537234 0.440159 0.481763 0.435833 0.309271
0 0.417087 0.277356 0.440880 0.405775 0.443764 0.535714 0.421053 0.547112 0.416006 0.532675 0.410238 0.512918 0.411680 0.484802 0.412761 0.471884 0.397981 0.294073
0 0.394737 0.299392 0.412761 0.465046 0.417087 0.499240 0.417087 0.513678 0.416006 0.524316 0.411680 0.533435 0.399063 0.541033 0.385004 0.532675 0.384643 0.503040 0.374549 0.309271
0 0.364456 0.312310 0.383562 0.416413 0.385004 0.493921 0.388248 0.516717 0.383201 0.532675 0.374549 0.544833 0.361932 0.546353 0.357606 0.533435 0.353641 0.504559 0.347873 0.318389
0 0.344629 0.315350 0.356885 0.430851 0.353280 0.475684 0.358688 0.499240 0.358688 0.521277 0.355804 0.540274 0.348955 0.547872 0.334535 0.547872 0.319394 0.547872 0.308219 0.532675 0.304614 0.516717 0.305335 0.497720 0.313266 0.441489 0.314708 0.382979 0.314348 0.317629
0 0.527397 0.304711 0.510815 0.388298 0.502523 0.530395 0.516943 0.535714 0.534247 0.541793 0.539293 0.534195 0.554795 0.311550
0 0.560562 0.319149 0.541456 0.477964 0.536770 0.537234 0.561283 0.539514 0.563086 0.530395 0.565609 0.490122 0.588320 0.325988
0 0.603821 0.299392 0.578226 0.401216 0.564888 0.490881 0.560923 0.540274 0.582913 0.559271 0.591925 0.543313 0.596251 0.523556 0.596611 0.498480 0.597332 0.466565 0.600937 0.428571 0.605263 0.391337 0.616438 0.348784 0.629056 0.294073 0.608147 0.281155
0 0.617159 0.321429 0.600937 0.454407 0.596972 0.484043 0.592286 0.494681 0.590483 0.503040 0.589402 0.515198 0.589402 0.526596 0.590483 0.537234 0.594088 0.547112 0.603100 0.557751 0.613915 0.560790 0.619683 0.558511 0.626172 0.551672 0.626532 0.521277 0.625090 0.494681 0.633381 0.343465 0.631939 0.327508
0 0.645999 0.332827 0.623288 0.484802 0.617880 0.514438 0.620404 0.532675 0.625090 0.550912 0.635184 0.558511 0.645999 0.561550 0.654290 0.534195 0.671233 0.332067 0.649964 0.318389
0 0.706561 0.329787 0.686734 0.530395 0.694304 0.549392 0.719178 0.551672 0.730714 0.541033 0.735400 0.521277 0.734679 0.494681 0.744052 0.325228 0.707282 0.318389
0 0.742249 0.344225 0.735040 0.475684 0.730353 0.496960 0.728911 0.516717 0.728911 0.529635 0.728551 0.549392 0.736121 0.563830 0.751983 0.565350 0.770368 0.552432 0.776496 0.522036 0.780461 0.344985
0 0.501081 0.558511 0.496395 0.776596 0.515862 0.775836 0.523071 0.553951
0 0.523432 0.552432 0.515862 0.778875 0.531723 0.776596 0.543259 0.591185 0.547224 0.569909 0.545061 0.553951 0.535689 0.550912
0 0.554434 0.553951 0.545422 0.551672 0.541096 0.564590 0.541096 0.580547 0.543980 0.599544 0.540735 0.786474 0.566330 0.787994 0.571017 0.560790
0 0.580750 0.573708 0.570296 0.584347 0.568493 0.596505 0.570296 0.611702 0.567051 0.794833 0.595169 0.799392 0.603100 0.591185 0.598414 0.572188 0.592646 0.563830 0.584355 0.565350
0 0.628695 0.571429 0.620043 0.581307 0.620404 0.612462 0.627253 0.648176 0.648161 0.782675 0.697549 0.756839 0.671593 0.608663 0.670512 0.572188 0.662221 0.555471 0.652127 0.557751 0.643115 0.561550
0 0.686013 0.564590 0.674838 0.566869 0.671233 0.585866 0.670872 0.603343 0.672314 0.621581 0.701154 0.775836 0.742249 0.758359 0.751622 0.742401 0.745133 0.705927 0.736842 0.670213 0.729993 0.623860 0.727469 0.591185 0.724946 0.573708 0.712329 0.562310 0.698991 0.553951
0 0.499640 0.553191 0.496395 0.780395 0.476568 0.769757 0.480173 0.553951
0 0.460707 0.555471 0.480173 0.552432 0.476929 0.774316 0.453857 0.766717 0.458183 0.600304
0 0.446287 0.549392 0.431867 0.566109 0.431507 0.601824 0.427902 0.783435 0.453136 0.787234 0.458904 0.599544 0.461067 0.547872
0 0.424658 0.554711 0.435112 0.578267 0.420692 0.797872 0.394737 0.783435 0.404831 0.610942 0.403749 0.588906 0.404831 0.570669 0.408796 0.562310 0.414924 0.556231
0 0.399063 0.563830 0.388609 0.562310 0.382841 0.573708 0.378875 0.593465 0.376352 0.616261 0.376352 0.642857 0.364816 0.775076 0.382480 0.781915 0.406273 0.611702 0.405912 0.589666 0.404470 0.571429
0 0.336698 0.559271 0.320476 0.550912 0.311824 0.560030 0.305335 0.571429 0.302451 0.584347 0.299928 0.602584 0.295602 0.623100 0.281543 0.661854 0.257030 0.704407 0.284427 0.762158 0.306417 0.733283 0.329849 0.691489 0.344629 0.643617 0.352920 0.614742 0.355083 0.591185
0 0.287671 0.524316 0.275775 0.515957 0.268565 0.518237 0.259553 0.542553 0.253785 0.566869 0.234319 0.626900 0.217015 0.666413 0.240447 0.718085 0.288392 0.640578 0.299928 0.607903 0.311103 0.567629 0.310743 0.548632 0.300649 0.530395
0 0.269647 0.313830 0.295602 0.484043 0.283706 0.519757 0.268205 0.517477 0.258832 0.515198 0.248017 0.503799 0.243691 0.484043 0.242249 0.443769 0.239726 0.288754 0.266042 0.278875
