0 0.482032 0.490122 0.489288 0.500760 0.498272 0.503040 0.505183 0.494681 0.506565 0.471125 0.507256 0.421733 0.502419 0.221125 0.485142 0.224924 0.483414 0.391337 0.483414 0.420213 0.479959 0.443009 0.480650 0.484043
0 0.441949 0.480243 0.449205 0.495441 0.455771 0.487082 0.463372 0.471125 0.466482 0.432371 0.465791 0.389818 0.460608 0.205167 0.441949 0.205927 0.439530 0.354103 0.438493 0.389058 0.435729 0.407295 0.434692 0.428571 0.436075 0.447568
0 0.422944 0.480243 0.430200 0.492401 0.439185 0.492401 0.444368 0.464286 0.440912 0.408815 0.420180 0.209726 0.402211 0.220365 0.413960 0.348784 0.419143 0.414134 0.420525 0.462006
0 0.402557 0.486322 0.406358 0.491641 0.419143 0.489362 0.421562 0.482523 0.429164 0.485562 0.432965 0.468845 0.433656 0.427052 0.429855 0.401976 0.416724 0.240122 0.403939 0.238602 0.403248 0.347264 0.399102 0.390578 0.398756 0.427812 0.399102 0.471884
0 0.372149 0.487842 0.385625 0.493921 0.400138 0.491641 0.410159 0.487082 0.419489 0.459726 0.417070 0.424012 0.412232 0.390578 0.397719 0.212006 0.376296 0.216565 0.377332 0.363222 0.370076 0.409574 0.366275 0.440729 0.365238 0.465805 0.367312 0.479483
0 0.331721 0.490881 0.337941 0.497720 0.340359 0.493921 0.352108 0.507599 0.361437 0.503040 0.371458 0.483283 0.372840 0.465046 0.371458 0.422492 0.369385 0.397416 0.361783 0.212766 0.344160 0.215805 0.338977 0.369301 0.334485 0.394377 0.331375 0.432371 0.328265 0.458207 0.328265 0.485562
0 0.294402 0.481003 0.301659 0.480243 0.312716 0.500760 0.317554 0.507599 0.328265 0.490122 0.337941 0.455927 0.337595 0.411854 0.337941 0.370821 0.335867 0.300912 0.301313 0.181611 0.280581 0.208967 0.290601 0.266717 0.297512 0.324468 0.298203 0.387538 0.292329 0.429331 0.287837 0.460486
0 0.509675 0.491641 0.515895 0.499240 0.526261 0.497720 0.531444 0.468845 0.533172 0.431611 0.531099 0.397416 0.524188 0.188450 0.506565 0.190729 0.507602 0.296353 0.508639 0.351064 0.509675 0.416413 0.505529 0.446049 0.505529 0.474924
0 0.566690 0.471884 0.573601 0.477204 0.584658 0.471884 0.591569 0.459726 0.593642 0.443009 0.591914 0.417173 0.590878 0.400456 0.584658 0.195289 0.568417 0.204407 0.564616 0.364742 0.561507 0.418693 0.562198 0.455927
0 0.586040 0.482523 0.590532 0.486322 0.597097 0.485562 0.600553 0.493921 0.605390 0.493921 0.614375 0.477964 0.614029 0.449088 0.617139 0.194529 0.596752 0.197568 0.589150 0.369301 0.585003 0.423252 0.581548 0.452128 0.583276 0.476444
0 0.603317 0.477204 0.610574 0.484802 0.614720 0.486322 0.621631 0.492401 0.628196 0.484802 0.637180 0.496201 0.644437 0.490881 0.645819 0.468845 0.645473 0.433891 0.641672 0.383739 0.643746 0.203647 0.618521 0.215805 0.616448 0.335866 0.607118 0.384498 0.602972 0.422492 0.601589 0.446049 0.602281 0.469605
0 0.644782 0.476444 0.653421 0.503799 0.663442 0.507599 0.673462 0.496201 0.679682 0.490122 0.683483 0.464286 0.679337 0.439970 0.675881 0.408815 0.671389 0.250760 0.650657 0.249240 0.649965 0.356383 0.648929 0.418693 0.645819 0.446049 0.645473 0.465046
0 0.495162 0.525836 0.515895 0.523556 0.515895 0.553191 0.517968 0.768237 0.506565 0.766717 0.498618 0.574468 0.495853 0.547112
0 0.511748 0.518237 0.535591 0.511398 0.536628 0.534195 0.535591 0.615502 0.528680 0.764438 0.516586 0.765198 0.519005 0.601824 0.513476 0.550152
0 0.536973 0.525836 0.546648 0.512158 0.556669 0.518997 0.560815 0.544073 0.561852 0.583587 0.563580 0.639818 0.564616 0.686170 0.558397 0.804711 0.540083 0.800152 0.543193 0.667933 0.536282 0.583587 0.535936 0.554711
0 0.560815 0.534195 0.572218 0.517477 0.579820 0.517477 0.586386 0.530395 0.589150 0.553191 0.588804 0.593465 0.588804 0.784954 0.571182 0.784954 0.565999 0.634498 0.563234 0.588146 0.558397 0.563830
0 0.586386 0.590426 0.579820 0.553951 0.581894 0.535714 0.587768 0.525836 0.596406 0.516717 0.609537 0.531155 0.611956 0.556991 0.610919 0.576748 0.611956 0.642857 0.615066 0.806991 0.598134 0.813830
0 0.611265 0.598024 0.609191 0.569909 0.607118 0.559271 0.607464 0.529635 0.612301 0.514438 0.623359 0.524316 0.633034 0.514438 0.643746 0.526596 0.653075 0.532675 0.653421 0.554711 0.653075 0.600304 0.665169 0.756839 0.628542 0.762158 0.616448 0.674012
0 0.652039 0.607903 0.645473 0.578267 0.645819 0.540274 0.648929 0.530395 0.654803 0.541033 0.659986 0.523556 0.670698 0.528116 0.677263 0.518997 0.685902 0.526596 0.692467 0.555471 0.694195 0.591185 0.715273 0.749240 0.690739 0.759119 0.666206 0.682371 0.656531 0.639818
0 0.478576 0.523556 0.489634 0.515957 0.501037 0.528116 0.499309 0.576748 0.501728 0.760638 0.487906 0.765957 0.482723 0.585866 0.479267 0.565350
0 0.465446 0.525836 0.483068 0.535714 0.482377 0.569909 0.480304 0.658815 0.481686 0.778875 0.465791 0.779635 0.457844 0.648176 0.460954 0.603343 0.460954 0.558511
0 0.446786 0.511398 0.461990 0.521277 0.466482 0.562310 0.462681 0.604863 0.458535 0.642857 0.445059 0.809271 0.429164 0.797112 0.431583 0.639818 0.435384 0.581307 0.439876 0.542553
0 0.413269 0.539514 0.422598 0.511398 0.436075 0.516717 0.438148 0.537234 0.445059 0.541793 0.444713 0.570669 0.440221 0.601064 0.418452 0.812310 0.402557 0.802432 0.404285 0.687690 0.411196 0.622340 0.411541 0.578267 0.412578 0.544833
0 0.391154 0.521277 0.402903 0.514438 0.410504 0.528116 0.416379 0.525836 0.421907 0.550912 0.418106 0.573708 0.397374 0.768237 0.380097 0.762158 0.387353 0.627660 0.388390 0.592705 0.386317 0.566869 0.388390 0.532675
0 0.348307 0.535714 0.358328 0.512158 0.366621 0.518237 0.369730 0.528116 0.373877 0.521277 0.384589 0.528875 0.390463 0.528875 0.398756 0.555471 0.395301 0.579027 0.391845 0.614742 0.380097 0.658815 0.362129 0.786474 0.331721 0.756079 0.342433 0.636018 0.347616 0.594225 0.348307 0.547112
0 0.303041 0.572188 0.306842 0.544833 0.311679 0.518237 0.325501 0.505319 0.331375 0.521277 0.338632 0.516717 0.345543 0.528116 0.345888 0.540274 0.352453 0.528116 0.360055 0.543313 0.357982 0.573708 0.350035 0.601064 0.339323 0.639818 0.307878 0.759878 0.275052 0.727204 0.288182 0.654255 0.299585 0.592705
0 0.254319 0.577508 0.255010 0.553191 0.262958 0.531155 0.268487 0.528875 0.275397 0.522796 0.285764 0.533435 0.296130 0.525836 0.303732 0.543313 0.303386 0.570669 0.298549 0.602584 0.293711 0.653495 0.271942 0.717325 0.237733 0.674772 0.249482 0.615502 0.253283 0.592705
