0 0.526499 0.494681 0.528591 0.534574 0.483961 0.531915 0.483264 0.502660 0.484658 0.437500 0.480474 0.347074 0.484658 0.269947 0.494421 0.247340 0.504881 0.252660 0.527197 0.422872
0 0.451185 0.438830 0.449791 0.469415 0.453278 0.505319 0.460251 0.523936 0.474895 0.527926 0.481172 0.515957 0.485356 0.476064 0.477685 0.386968 0.474198 0.307181 0.471409 0.265957 0.447001 0.255319
0 0.414923 0.450798 0.414923 0.521277 0.428870 0.534574 0.451883 0.513298 0.453278 0.489362 0.442120 0.324468 0.438633 0.253989 0.438633 0.180851 0.413529 0.178191 0.401674 0.295213
0 0.356346 0.461436 0.355649 0.505319 0.359833 0.526596 0.375872 0.529255 0.390516 0.521277 0.390516 0.461436 0.382845 0.377660 0.375174 0.291223 0.366806 0.264628 0.352162 0.295213
0 0.306137 0.468085 0.305439 0.497340 0.308229 0.517287 0.331939 0.529255 0.354254 0.529255 0.359135 0.490691 0.351464 0.442819 0.356346 0.372340 0.355649 0.336436 0.352162 0.299202 0.341004 0.261968 0.317992 0.256649 0.308229 0.299202 0.302650 0.378989 0.303347 0.414894 0.306834 0.453457
0 0.236402 0.450798 0.229428 0.472074 0.229428 0.505319 0.239191 0.515957 0.249651 0.515957 0.268480 0.530585 0.281729 0.497340 0.283821 0.458777 0.283821 0.436170 0.281729 0.355053 0.283124 0.317819 0.284519 0.295213 0.272664 0.275266 0.257322 0.276596 0.240586 0.291223 0.239191 0.309840 0.235704 0.353723 0.241980 0.417553
0 0.528591 0.448138 0.527894 0.497340 0.527894 0.519947 0.532775 0.535904 0.541841 0.539894 0.555788 0.535904 0.564156 0.530585 0.569735 0.514628 0.567643 0.462766 0.570432 0.418883 0.575314 0.359043 0.575314 0.303191 0.574616 0.271277 0.570432 0.248670 0.555788 0.248670 0.545328 0.271277 0.533473 0.365691
0 0.570432 0.444149 0.569735 0.486702 0.573222 0.523936 0.585077 0.526596 0.593445 0.518617 0.599024 0.489362 0.600418 0.440160 0.604603 0.351064 0.605997 0.307181 0.607392 0.275266 0.600418 0.246011 0.582985 0.267287 0.580893 0.304521
0 0.605997 0.421543 0.602510 0.457447 0.599024 0.496011 0.603208 0.529255 0.615760 0.531915 0.629010 0.523936 0.633891 0.493351 0.635286 0.450798 0.638773 0.406915 0.640167 0.341755 0.640167 0.312500 0.643654 0.246011 0.640865 0.215426 0.631102 0.211436 0.622734 0.244681
0 0.634589 0.440160 0.630404 0.450798 0.629010 0.502660 0.641562 0.526596 0.660391 0.525266 0.669456 0.498670 0.666667 0.473404 0.662483 0.378989 0.662483 0.312500 0.660391 0.275266 0.660391 0.227394 0.642957 0.222074 0.640865 0.265957
0 0.692469 0.448138 0.691771 0.497340 0.697350 0.515957 0.715481 0.514628 0.732915 0.509309 0.745467 0.490691 0.746165 0.457447 0.741980 0.422872 0.742678 0.347074 0.741283 0.293883 0.735007 0.250000 0.722455 0.238032 0.692469 0.257979 0.688982 0.287234 0.688982 0.356383
0 0.745467 0.311170 0.745467 0.347074 0.735704 0.410904 0.746165 0.417553 0.762204 0.417553 0.774059 0.390957 0.773361 0.325798 0.776151 0.273936 0.768480 0.247340 0.744770 0.261968
0 0.769177 0.308511 0.769177 0.361702 0.788006 0.390957 0.821478 0.378989 0.822873 0.317819 0.808926 0.226064 0.783124 0.182181 0.758717 0.200798 0.762901 0.247340
0 0.506276 0.551862 0.507671 0.615691 0.501395 0.696809 0.491632 0.767287 0.476290 0.780585 0.470711 0.757979 0.478382 0.691489 0.481869 0.593085 0.482566 0.559840 0.487448 0.535904
0 0.505579 0.546543 0.506974 0.614362 0.501395 0.674202 0.497908 0.734043 0.498605 0.773936 0.524407 0.765957 0.531381 0.610372 0.534868 0.541223 0.527197 0.537234
0 0.534868 0.543883 0.531381 0.646277 0.525802 0.728723 0.522315 0.785904 0.537657 0.799202 0.559275 0.750000 0.560669 0.619681 0.559275 0.594415 0.562064 0.558511 0.562762 0.545213
0 0.566946 0.533245 0.554393 0.571809 0.557183 0.623670 0.563459 0.671543 0.564854 0.722074 0.567643 0.751330 0.571130 0.783245 0.573222 0.825798 0.590656 0.855053 0.601813 0.833777 0.604603 0.804521 0.604603 0.736702 0.601116 0.690160 0.594142 0.626330 0.592748 0.601064 0.592748 0.571809 0.588563 0.534574 0.576709 0.526596
0 0.599721 0.542553 0.590656 0.551862 0.592748 0.583777 0.599024 0.660904 0.609484 0.772606 0.614365 0.796543 0.620642 0.811170 0.630404 0.807181 0.636681 0.787234 0.641562 0.728723 0.636681 0.682181 0.629707 0.635638 0.625523 0.582447 0.622734 0.554521 0.608089 0.535904
0 0.633891 0.526596 0.621339 0.537234 0.618550 0.558511 0.625523 0.603723 0.631799 0.631649 0.639470 0.687500 0.643654 0.743351 0.643654 0.759309 0.643654 0.781915 0.652720 0.792553 0.663180 0.791223 0.669456 0.763298 0.670153 0.715426 0.670153 0.668883 0.670153 0.623670 0.669456 0.571809 0.663877 0.535904 0.652022 0.535904
0 0.711994 0.529255 0.705718 0.549202 0.714086 0.581117 0.720363 0.630319 0.728033 0.678191 0.735704 0.714096 0.740586 0.744681 0.756625 0.763298 0.777545 0.767287 0.791492 0.746011 0.793584 0.698138 0.777545 0.638298 0.774059 0.614362 0.776151 0.531915 0.769177 0.509309 0.754533 0.502660 0.731520 0.515957
0 0.775453 0.586436 0.771269 0.613032 0.782427 0.660904 0.797071 0.680851 0.805439 0.712766 0.814505 0.748670 0.824268 0.764628 0.847978 0.756649 0.868898 0.716755 0.869596 0.682181 0.859833 0.631649 0.850070 0.605053 0.836123 0.595745 0.827057 0.562500 0.819386 0.546543 0.804045 0.539894 0.789400 0.562500 0.783124 0.586436
0 0.455370 0.538564 0.454672 0.563830 0.454672 0.615691 0.455370 0.682181 0.453975 0.720745 0.449791 0.744681 0.449093 0.772606 0.456764 0.781915 0.466527 0.776596 0.473501 0.743351 0.476987 0.687500 0.483264 0.587766 0.487448 0.543883 0.475593 0.525266 0.465830 0.525266
0 0.439331 0.542553 0.431660 0.555851 0.426081 0.590426 0.426081 0.647606 0.421897 0.691489 0.418410 0.720745 0.412831 0.760638 0.414923 0.789894 0.419107 0.808511 0.428870 0.815160 0.440725 0.796543 0.443515 0.772606 0.445607 0.742021 0.453278 0.672872 0.458856 0.635638 0.460251 0.603723 0.460948 0.559840 0.460251 0.535904 0.449791 0.531915
0 0.400976 0.547872 0.398884 0.555851 0.398187 0.595745 0.394003 0.643617 0.393305 0.694149 0.391911 0.723404 0.389121 0.751330 0.387727 0.769947 0.388424 0.783245 0.394003 0.808511 0.403766 0.809840 0.410739 0.780585 0.414923 0.743351 0.419805 0.702128 0.429568 0.617021 0.433752 0.587766 0.437238 0.562500 0.433752 0.542553 0.421199 0.537234
0 0.315900 0.546543 0.301255 0.675532 0.289400 0.726064 0.282427 0.768617 0.309623 0.808511 0.348675 0.773936 0.355649 0.680851 0.367503 0.590426 0.369596 0.557181 0.367503 0.542553 0.341702 0.534574 0.324965 0.539894
0 0.255927 0.534574 0.253835 0.557181 0.255230 0.589096 0.255230 0.617021 0.244073 0.670213 0.233612 0.736702 0.239191 0.767287 0.267085 0.781915 0.283821 0.764628 0.295676 0.710106 0.304742 0.666223 0.315900 0.589096 0.317992 0.542553 0.302650 0.526596 0.275453 0.519947
0 0.195258 0.573138 0.191074 0.615691 0.183403 0.651596 0.179219 0.696809 0.177824 0.718085 0.180614 0.746011 0.193863 0.769947 0.215481 0.769947 0.234310 0.742021 0.239888 0.690160 0.246165 0.660904 0.252441 0.622340 0.250349 0.590426 0.239888 0.570479 0.220363 0.563830
