0 0.489964 0.329027 0.501434 0.565350 0.469534 0.570669 0.465591 0.532675 0.468817 0.477964 0.460215 0.329787 0.490681 0.317629
0 0.462007 0.321429 0.467025 0.506079 0.464158 0.566869 0.440860 0.561550 0.440143 0.537994 0.439427 0.506079 0.441577 0.332067
0 0.430466 0.322188 0.437634 0.498480 0.441577 0.521277 0.441935 0.531915 0.441219 0.546353 0.437993 0.563070 0.433333 0.573708 0.426165 0.575988 0.421505 0.576748 0.417204 0.574468 0.412186 0.553191 0.410036 0.522796 0.415771 0.487842 0.409677 0.337386
0 0.393190 0.340426 0.389247 0.503799 0.383513 0.528875 0.382079 0.539514 0.383871 0.553191 0.388889 0.568389 0.393190 0.575228 0.401434 0.575228 0.410394 0.566869 0.416487 0.558511 0.421864 0.547112 0.423297 0.522796 0.416487 0.492401 0.414337 0.458967 0.414337 0.338906
0 0.357348 0.360182 0.361649 0.502280 0.358781 0.538754 0.358423 0.556991 0.362366 0.570669 0.369534 0.576748 0.377419 0.576748 0.384229 0.570669 0.389606 0.555471 0.393907 0.547112 0.393190 0.528875 0.389964 0.503040 0.387097 0.479483 0.382796 0.346505 0.358423 0.348024
0 0.288889 0.359422 0.306093 0.466565 0.305018 0.512918 0.308602 0.530395 0.315412 0.546353 0.325448 0.557751 0.337276 0.560790 0.348387 0.553191 0.359140 0.535714 0.364158 0.507599 0.362007 0.486322 0.348029 0.428571 0.340860 0.387538 0.334767 0.348024 0.329749 0.329787 0.313978 0.333587 0.298925 0.348784
0 0.278136 0.509878 0.258065 0.594985 0.210753 0.680091 0.241935 0.750000 0.308602 0.638298 0.325806 0.608663 0.331541 0.580547 0.333333 0.561550 0.326882 0.556991 0.321505 0.555471 0.313978 0.546353 0.306810 0.531155 0.283871 0.507599
0 0.330108 0.573708 0.318996 0.591945 0.313262 0.623100 0.267025 0.806991 0.298566 0.829787 0.357348 0.686170 0.370968 0.635258 0.373118 0.611702 0.365591 0.595745 0.359498 0.584347 0.350179 0.573708 0.339785 0.571429
0 0.389247 0.584347 0.381362 0.607903 0.385305 0.851064 0.408602 0.850304 0.416129 0.656535 0.421864 0.627660 0.423656 0.604103 0.421864 0.591945 0.418280 0.585106 0.413262 0.580547 0.407885 0.577508 0.402151 0.575988 0.393190 0.574468
0 0.418638 0.582827 0.412903 0.604103 0.411828 0.636778 0.416487 0.680851 0.425806 0.864742 0.451254 0.857903 0.440502 0.665653 0.443011 0.618541 0.441219 0.598784 0.436918 0.588906 0.432975 0.583587 0.430108 0.579027 0.427599 0.576748 0.425806 0.576748 0.420430 0.576748
0 0.445520 0.578267 0.437276 0.605623 0.437993 0.636778 0.456631 0.870821 0.484946 0.854863 0.468100 0.664134 0.466308 0.601824 0.465950 0.582067 0.458781 0.575228 0.452330 0.572948
0 0.473835 0.580547 0.468817 0.582067 0.467025 0.591185 0.466667 0.601824 0.478495 0.823708 0.492473 0.824468 0.490681 0.645897 0.486738 0.579787
0 0.526165 0.579027 0.532616 0.842705 0.553047 0.835106 0.546595 0.613222 0.544803 0.577508
0 0.550538 0.574468 0.545878 0.602584 0.558423 0.859422 0.582437 0.850304 0.574194 0.687690 0.572401 0.576748 0.560932 0.572188
0 0.581004 0.572948 0.575986 0.594985 0.573477 0.595745 0.571326 0.601824 0.571685 0.614742 0.573835 0.628419 0.583154 0.825228 0.600000 0.823708 0.599283 0.628419 0.600000 0.613982 0.600000 0.601824 0.597849 0.591185 0.594265 0.580547 0.589606 0.573708
0 0.602151 0.567629 0.593548 0.583587 0.592832 0.592705 0.593548 0.601824 0.596057 0.612462 0.598566 0.621581 0.601075 0.628419 0.617563 0.818389 0.644803 0.801672 0.627240 0.632979 0.629391 0.607143 0.630824 0.589666 0.627957 0.575228 0.622939 0.565350 0.613978 0.561550 0.607527 0.564590
0 0.651254 0.553191 0.646953 0.575988 0.641577 0.588146 0.639427 0.610942 0.648029 0.645137 0.699283 0.798632 0.741935 0.712006 0.700000 0.594225 0.685663 0.547112 0.672401 0.536474 0.661290 0.543313
0 0.494982 0.324468 0.501075 0.569149 0.527240 0.563070 0.532616 0.547872 0.529749 0.496960 0.522939 0.324468
0 0.521864 0.321429 0.529032 0.506079 0.533333 0.557751 0.553405 0.553951 0.554122 0.510638 0.548029 0.325988
0 0.549821 0.321429 0.553047 0.500000 0.556272 0.542553 0.572043 0.555471 0.581720 0.537234 0.585305 0.519757 0.583871 0.501520 0.579211 0.477964 0.576703 0.458967 0.570609 0.319149
0 0.579570 0.329027 0.577419 0.476444 0.574910 0.489362 0.573477 0.497720 0.573477 0.507599 0.573477 0.522036 0.576703 0.533435 0.586738 0.547872 0.594982 0.550912 0.602151 0.550152 0.609677 0.533435 0.611828 0.521277 0.604659 0.451368 0.600717 0.322188
0 0.607168 0.316869 0.608602 0.475684 0.605735 0.489362 0.605018 0.496201 0.606093 0.509119 0.607885 0.522796 0.612186 0.537234 0.619713 0.544833 0.630108 0.543313 0.639068 0.537234 0.643369 0.519757 0.640860 0.489362 0.638351 0.445289 0.630466 0.303191 0.608244 0.304711
0 0.665233 0.313830 0.650538 0.524316 0.668100 0.544833 0.697491 0.537234 0.703943 0.492401 0.702867 0.422492 0.705376 0.303951 0.665233 0.300912
