0 0.504059 0.348784 0.510332 0.503040 0.509225 0.544073 0.477860 0.547872 0.475277 0.500760 0.473432 0.352584
0 0.476015 0.351824 0.476015 0.470365 0.470849 0.546353 0.451661 0.550912 0.442804 0.531155 0.443911 0.492401 0.449815 0.435410 0.456089 0.349544
0 0.428782 0.342705 0.447232 0.484043 0.449446 0.503799 0.450185 0.515957 0.449815 0.531915 0.442804 0.556231 0.435055 0.572948 0.424723 0.560790 0.411070 0.536474 0.405904 0.351064
0 0.356089 0.354103 0.387454 0.427052 0.401476 0.538754 0.401476 0.577508 0.391144 0.591185 0.380443 0.582827 0.369742 0.574468 0.363100 0.569149 0.362731 0.545593 0.360517 0.492401 0.337269 0.370061
0 0.337638 0.367781 0.361993 0.509878 0.367897 0.531915 0.369742 0.547872 0.370480 0.567629 0.370480 0.588146 0.365683 0.597264 0.355351 0.607143 0.346863 0.608663 0.336531 0.608663 0.326937 0.598784 0.321402 0.583587 0.320295 0.538754 0.307749 0.439210 0.303321 0.393617
0 0.291513 0.375380 0.303321 0.422492 0.311808 0.449848 0.317343 0.484043 0.321033 0.550912 0.322140 0.582827 0.312915 0.594225 0.302952 0.595745 0.292989 0.588906 0.288930 0.585866 0.281919 0.584347 0.276384 0.579787 0.272694 0.575228 0.273063 0.539514 0.276753 0.485562 0.269004 0.392857
0 0.247970 0.382219 0.224723 0.550152 0.259410 0.573708 0.271218 0.573708 0.277122 0.514438 0.276384 0.457447 0.266052 0.379939
0 0.511808 0.341945 0.508118 0.542553 0.523247 0.546353 0.539114 0.544833 0.545018 0.508359 0.544649 0.348784
0 0.548339 0.349544 0.549815 0.422492 0.544649 0.510638 0.549077 0.529635 0.555720 0.536474 0.563838 0.536474 0.570849 0.530395 0.576384 0.510638 0.581550 0.358663
0 0.601107 0.341185 0.582288 0.431611 0.577491 0.471884 0.575646 0.502280 0.573801 0.522036 0.574170 0.541033 0.578598 0.550912 0.583026 0.556991 0.587823 0.560030 0.592251 0.560790 0.600369 0.550912 0.606273 0.531915 0.607011 0.506079 0.609963 0.430091 0.624723 0.337386 0.604797 0.325228
0 0.615129 0.377660 0.608856 0.478723 0.604059 0.531915 0.602214 0.560030 0.616236 0.571429 0.630258 0.561550 0.638745 0.532675 0.641328 0.379179
0 0.670480 0.373860 0.635793 0.572948 0.657934 0.601824 0.679705 0.604863 0.688192 0.589666 0.690037 0.564590 0.690775 0.534195 0.701107 0.383739
0 0.707749 0.376900 0.691513 0.481003 0.689668 0.532675 0.689299 0.566109 0.692620 0.587386 0.698155 0.592705 0.703321 0.597264 0.711439 0.598024 0.725830 0.584347 0.730258 0.572948 0.728413 0.538754 0.736900 0.366261 0.709594 0.365502
0 0.751661 0.386018 0.733948 0.464286 0.731365 0.509119 0.729151 0.546353 0.729151 0.569909 0.732841 0.591945 0.745756 0.594985 0.759041 0.588906 0.770111 0.554711 0.772325 0.496960 0.775646 0.389818
0 0.504797 0.566869 0.511439 0.773556 0.532103 0.762158 0.528413 0.641337 0.530258 0.625380 0.527306 0.558511
0 0.529520 0.552432 0.528782 0.609422 0.529520 0.730243 0.529520 0.746201 0.542804 0.745441 0.549815 0.626900 0.553137 0.603343 0.556827 0.588146 0.557934 0.559271 0.553506 0.551672 0.541328 0.551672
0 0.563469 0.559271 0.559041 0.574468 0.555720 0.589666 0.551661 0.604103 0.551292 0.619301 0.557196 0.828267 0.559410 0.844985 0.587823 0.840426 0.581181 0.715046 0.580443 0.657295 0.581919 0.610182 0.581919 0.581307
0 0.608856 0.575988 0.596310 0.614742 0.613284 0.806231 0.644649 0.830547 0.650185 0.775076 0.638745 0.698328 0.638007 0.620061 0.636162 0.574468
0 0.663838 0.607143 0.652768 0.618541 0.644280 0.643617 0.642804 0.673252 0.654982 0.713526 0.675277 0.764438 0.700369 0.815350 0.740959 0.763678 0.708856 0.696049 0.696310 0.656535 0.693358 0.625380 0.690037 0.606383 0.680443 0.602584 0.671587 0.603343
0 0.707011 0.604103 0.694465 0.610942 0.691513 0.624620 0.692989 0.642857 0.696679 0.664134 0.709963 0.691489 0.728044 0.725684 0.759779 0.756079 0.772325 0.696049 0.740959 0.648176 0.730996 0.607903 0.720664 0.592705 0.715498 0.590426 0.709963 0.598784
0 0.504797 0.561550 0.511070 0.748480 0.492989 0.750000 0.485609 0.614742 0.484502 0.563830
0 0.483026 0.561550 0.492620 0.749240 0.469742 0.756839 0.464207 0.620821 0.464576 0.607903 0.461624 0.581307 0.461255 0.560030 0.467159 0.557751 0.475277 0.560030
0 0.454982 0.561550 0.464576 0.611702 0.473432 0.825988 0.444280 0.834347 0.439114 0.683131 0.439483 0.655015 0.439114 0.642097 0.438745 0.626900 0.436531 0.610942 0.433948 0.591185 0.445018 0.561550
0 0.423247 0.574468 0.437269 0.609422 0.441328 0.620821 0.439852 0.635258 0.439483 0.651216 0.439114 0.665653 0.439114 0.683891 0.440221 0.781155 0.438745 0.868541 0.414022 0.854863 0.412915 0.735562 0.409594 0.640578 0.407380 0.625380 0.405904 0.613222 0.406273 0.601064 0.416974 0.573708
0 0.397417 0.592705 0.402952 0.600304 0.408118 0.605623 0.410332 0.613982 0.411070 0.622340 0.410332 0.632219 0.409594 0.645897 0.415129 0.771277 0.413653 0.860942 0.386347 0.854863 0.381919 0.785714 0.386716 0.758359 0.376384 0.677052 0.374908 0.623860 0.374908 0.607903 0.380074 0.601824 0.384871 0.595745 0.391144 0.590426
0 0.306642 0.600304 0.301845 0.610942 0.298524 0.620821 0.296310 0.629939 0.294834 0.639818 0.294096 0.651216 0.291513 0.668693 0.259041 0.794833 0.301845 0.833587 0.344280 0.688450 0.355351 0.638298 0.342804 0.613982 0.321033 0.604103
0 0.259041 0.571429 0.246494 0.573708 0.240959 0.595745 0.217712 0.680091 0.200369 0.727204 0.230627 0.778116 0.248339 0.778116 0.270111 0.730243 0.286716 0.674772 0.296679 0.654255 0.301107 0.643617 0.304059 0.634498 0.304059 0.623860 0.302952 0.616261 0.297048 0.598024 0.289299 0.592705 0.278598 0.582067 0.269373 0.576748 0.261255 0.574468
