0 0.518131 0.577128 0.555788 0.580452 0.556834 0.519282 0.555788 0.431516 0.552999 0.361702 0.527545 0.365027 0.523710 0.449468 0.520223 0.525931
0 0.557880 0.557846 0.570432 0.578457 0.583333 0.575133 0.590656 0.540559 0.583333 0.472074 0.576011 0.407580 0.573222 0.358378 0.551255 0.359707 0.556834 0.435505 0.556834 0.535239
0 0.591702 0.540559 0.599024 0.563165 0.613668 0.547207 0.620293 0.496676 0.624826 0.422872 0.626569 0.344415 0.601813 0.344415 0.592748 0.421543 0.583333 0.484043 0.586123 0.519282
0 0.659693 0.529920 0.673291 0.554521 0.690028 0.561170 0.701883 0.536569 0.699791 0.458112 0.703626 0.394947 0.709205 0.347739 0.686192 0.339096 0.677127 0.407580 0.670502 0.472074
0 0.728382 0.535239 0.749651 0.554521 0.772315 0.538564 0.772315 0.488032 0.777197 0.408910 0.782427 0.342420 0.755927 0.333777 0.739540 0.414229 0.733961 0.480718
0 0.518131 0.575133 0.496165 0.585771 0.484310 0.583777 0.475244 0.541888 0.476987 0.494681 0.476987 0.416223 0.478731 0.370346 0.500000 0.369016 0.505579 0.417553 0.508020 0.477394 0.512901 0.522606
0 0.473152 0.541888 0.473152 0.577128 0.456764 0.575133 0.444909 0.549202 0.443863 0.489362 0.446653 0.414229 0.437587 0.361702 0.456764 0.358378 0.470711 0.396941 0.475244 0.445479 0.475941 0.496676
0 0.442120 0.550532 0.430265 0.578457 0.410042 0.552527 0.410042 0.517287 0.413529 0.410904 0.410042 0.356383 0.420851 0.331782 0.432008 0.372340 0.438285 0.431516 0.440377 0.488032
0 0.379707 0.489362 0.385286 0.538564 0.369596 0.557846 0.356695 0.582447 0.345886 0.554521 0.346583 0.456117 0.342050 0.374335 0.359484 0.361702 0.369596 0.416223
0 0.342050 0.524601 0.329149 0.554521 0.323919 0.564495 0.300907 0.564495 0.289052 0.527926 0.288006 0.478723 0.268828 0.378989 0.284170 0.359707 0.316248 0.359707 0.329149 0.430186 0.341353 0.482713
0 0.286262 0.525931 0.274059 0.545213 0.260460 0.541888 0.250349 0.498005 0.254881 0.450798 0.245816 0.380984 0.254881 0.351064 0.270572 0.375665 0.290795 0.480718
0 0.524756 0.608378 0.547768 0.605053 0.552301 0.664229 0.552301 0.724069 0.549512 0.779920 0.534868 0.790559 0.528243 0.724069 0.524756 0.669548
0 0.549512 0.607048 0.565900 0.597739 0.581590 0.603059 0.582636 0.634973 0.584379 0.720745 0.589958 0.804521 0.575314 0.820479 0.565202 0.744681 0.555091 0.660904
0 0.581590 0.601729 0.587866 0.583777 0.603556 0.587766 0.619247 0.615691 0.618201 0.660904 0.625523 0.722074 0.627615 0.793883 0.626569 0.823803 0.614714 0.825133 0.606346 0.771277 0.582636 0.630984
0 0.620990 0.615691 0.631102 0.583777 0.648536 0.601729 0.655160 0.648936 0.655160 0.713431 0.659693 0.774601 0.655858 0.815160 0.645746 0.813165 0.634937 0.751995 0.626569 0.690824
0 0.649582 0.601729 0.667713 0.580452 0.688982 0.583777 0.699791 0.641622 0.699791 0.701463 0.706416 0.755319 0.706416 0.801197 0.690725 0.806516 0.676081 0.741356 0.659693 0.668218
0 0.737448 0.621011 0.754184 0.575133 0.775105 0.559176 0.794630 0.608378 0.831939 0.632979 0.852162 0.643617 0.831939 0.710106 0.796374 0.682181 0.768828 0.660904
0 0.525453 0.608378 0.497211 0.610372 0.496165 0.636303 0.498954 0.694149 0.505579 0.767952 0.506276 0.790559 0.515690 0.790559 0.515690 0.738032 0.516388 0.680186
0 0.494421 0.613697 0.469665 0.605053 0.466876 0.646941 0.467922 0.706782 0.463389 0.765957 0.471409 0.795878 0.481520 0.791888 0.487099 0.710106 0.493375 0.660904 0.497211 0.634973
0 0.468619 0.607048 0.451185 0.597739 0.433752 0.617021 0.432008 0.657580 0.428522 0.732713 0.420851 0.779920 0.430962 0.799202 0.451185 0.740027 0.462343 0.662899
0 0.433054 0.617021 0.412831 0.601729 0.398884 0.613697 0.395397 0.669548 0.388773 0.748670 0.388075 0.793883 0.406206 0.795878 0.417364 0.716755 0.433054 0.646941
0 0.397141 0.617021 0.388773 0.597739 0.376918 0.608378 0.369596 0.646941 0.358787 0.669548 0.353905 0.720745 0.353905 0.755319 0.354951 0.773271 0.366806 0.779920 0.381450 0.741356 0.392608 0.685505 0.398884 0.669548
