0 0.468941 0.398936 0.468223 0.429331 0.465350 0.496960 0.463196 0.558511 0.479713 0.575228 0.493357 0.564590 0.491203 0.536474 0.489408 0.470365 0.487612 0.423252
0 0.438061 0.390578 0.442011 0.472644 0.442729 0.525836 0.442729 0.571429 0.452424 0.579027 0.459246 0.548632 0.459246 0.505319 0.460323 0.423252 0.460323 0.386018
0 0.413645 0.394377 0.414722 0.433891 0.416517 0.513678 0.420467 0.564590 0.430162 0.575228 0.438061 0.542553 0.435189 0.490881 0.429443 0.431611 0.425494 0.376140
0 0.391382 0.390578 0.391382 0.449848 0.391382 0.531915 0.391382 0.581307 0.405027 0.577508 0.414722 0.554711 0.414722 0.530395 0.413645 0.468085 0.407899 0.394377
0 0.363375 0.378419 0.365171 0.472644 0.366248 0.531915 0.368043 0.571429 0.380610 0.571429 0.396409 0.560790 0.395332 0.513678 0.385637 0.449848 0.382765 0.390578 0.373788 0.359422
0 0.311670 0.396657 0.310952 0.414894 0.311670 0.474924 0.315619 0.530395 0.320646 0.577508 0.337163 0.604103 0.363375 0.585866 0.365171 0.550912 0.359425 0.505319 0.350808 0.435410 0.342908 0.378419 0.314901 0.371581 0.305206 0.371581
0 0.290485 0.384498 0.286535 0.414894 0.281867 0.481003 0.277917 0.537994 0.283662 0.572948 0.299102 0.577508 0.311670 0.546353 0.316697 0.490881 0.315619 0.425532 0.308797 0.363982 0.299102 0.359422
0 0.504847 0.402736 0.508797 0.468085 0.501257 0.523556 0.496230 0.560790 0.513824 0.569149 0.529264 0.546353 0.529264 0.513678 0.529264 0.470365 0.526391 0.417173
0 0.538959 0.398936 0.531059 0.455927 0.527110 0.523556 0.532136 0.569149 0.545781 0.566869 0.550449 0.544073 0.551526 0.499240 0.555476 0.439970 0.556553 0.390578
0 0.563016 0.382219 0.563016 0.420973 0.559425 0.468085 0.555476 0.523556 0.557271 0.556991 0.574865 0.591945 0.586355 0.579027 0.590305 0.544073 0.589228 0.513678 0.582765 0.458207 0.579533 0.396657 0.573788 0.376140
0 0.588510 0.398936 0.588510 0.433891 0.588510 0.517477 0.588510 0.556991 0.598205 0.579027 0.608977 0.575228 0.611849 0.546353 0.611849 0.472644 0.608977 0.420973 0.605745 0.388298
0 0.618671 0.388298 0.617594 0.435410 0.613645 0.501520 0.609695 0.548632 0.613645 0.575228 0.624417 0.572948 0.634111 0.556991 0.634111 0.522036 0.635907 0.441489 0.635907 0.378419
0 0.645601 0.365502 0.643806 0.431611 0.638779 0.505319 0.638061 0.540274 0.645601 0.564590 0.661041 0.564590 0.670018 0.546353 0.670736 0.503040 0.668941 0.455927 0.668941 0.382219
0 0.696230 0.371581 0.693357 0.419453 0.689408 0.496960 0.689408 0.531915 0.701975 0.552432 0.723160 0.530395 0.722442 0.496960 0.720287 0.431611 0.720287 0.384498
0 0.529264 0.606383 0.524237 0.618541 0.527110 0.665653 0.527110 0.731003 0.532136 0.792553 0.537882 0.765957 0.541831 0.683891 0.541831 0.613982 0.537163 0.593465
0 0.508797 0.607903 0.496230 0.624620 0.496230 0.682371 0.501975 0.750000 0.505925 0.821429 0.513824 0.803191 0.514542 0.727204 0.515619 0.659574 0.518492 0.622340
0 0.562298 0.599544 0.552603 0.613982 0.546858 0.645137 0.551526 0.696049 0.553321 0.772036 0.559425 0.809271 0.566966 0.765957 0.570916 0.702888 0.570916 0.661854 0.573070 0.626900
0 0.584560 0.610182 0.575943 0.618541 0.576661 0.655015 0.576661 0.710486 0.579533 0.784954 0.586355 0.800912 0.594255 0.762158 0.598923 0.698328 0.602873 0.675532 0.603950 0.636778 0.597127 0.607903
0 0.616517 0.613222 0.594255 0.626140 0.598564 0.648936 0.606822 0.696809 0.614722 0.751520 0.627289 0.810790 0.636266 0.812310 0.634470 0.719605 0.630880 0.633739
0 0.657092 0.608663 0.647397 0.620821 0.643447 0.641337 0.652424 0.673252 0.670377 0.758359 0.687612 0.790274 0.704847 0.781155 0.701975 0.741641 0.688330 0.689210 0.677917 0.627660 0.671813 0.600304
0 0.692280 0.592705 0.684740 0.608663 0.686176 0.642857 0.707002 0.677812 0.725673 0.708207 0.738600 0.728723 0.749731 0.724164 0.752603 0.684650 0.733932 0.625380 0.722801 0.589666 0.701975 0.576748
0 0.489408 0.608663 0.476122 0.619301 0.472172 0.642857 0.476840 0.695289 0.480431 0.741641 0.490126 0.841185 0.494075 0.769757 0.494075 0.705167 0.494794 0.632219
0 0.458169 0.614742 0.448833 0.635258 0.448115 0.665653 0.456373 0.698328 0.461041 0.743161 0.476840 0.820669 0.481867 0.817629 0.480431 0.758359 0.476840 0.698328 0.475045 0.658815 0.472890 0.630699
0 0.436984 0.623860 0.428007 0.622340 0.424417 0.632219 0.424417 0.663374 0.428007 0.695289 0.435548 0.733283 0.445961 0.788754 0.456373 0.834347 0.458887 0.819149 0.456373 0.750760 0.454219 0.699848 0.450628 0.649696
0 0.407899 0.635258 0.399641 0.651216 0.400359 0.670213 0.409336 0.725684 0.410772 0.759878 0.419031 0.834347 0.428007 0.822188 0.426571 0.772796 0.422980 0.701368 0.422980 0.664894 0.422980 0.635258
0 0.380969 0.627660 0.370557 0.646657 0.368402 0.665653 0.363734 0.706687 0.355476 0.765198 0.355476 0.809271 0.363016 0.844225 0.373429 0.791793 0.380969 0.747720 0.391382 0.717325 0.401077 0.682371 0.403950 0.658815 0.399641 0.646657 0.392819 0.642857
0 0.331418 0.616261 0.324237 0.630699 0.316697 0.668693 0.313465 0.715805 0.309874 0.762158 0.309156 0.807751 0.320287 0.831307 0.327828 0.820669 0.336804 0.797872 0.346499 0.765198 0.355476 0.731763 0.363734 0.699848 0.374147 0.660334 0.368402 0.638298 0.358348 0.633739 0.347217 0.629179
0 0.278636 0.626900 0.274686 0.633739 0.266427 0.687690 0.259605 0.724164 0.272531 0.755319 0.285817 0.733283 0.298025 0.708207 0.310592 0.687690 0.319569 0.655775 0.327828 0.627660 0.323519 0.613222 0.313465 0.616261 0.300898 0.627660
