0 0.484310 0.597739 0.517085 0.597739 0.514644 0.510638 0.497908 0.370346 0.482915 0.369016
0 0.459554 0.587101 0.485007 0.587766 0.482566 0.369016 0.468271 0.369016
0 0.433752 0.583112 0.464435 0.587101 0.463389 0.515957 0.451534 0.363032 0.436192 0.364362
0 0.343445 0.562500 0.385983 0.569149 0.391562 0.513963 0.359135 0.367021 0.342399 0.367021 0.349721 0.466755
0 0.304045 0.541888 0.345537 0.555186 0.349024 0.505984 0.339261 0.337101 0.316946 0.339761 0.322524 0.422207 0.307183 0.498670
0 0.514644 0.596410 0.551255 0.593085 0.544282 0.509309 0.527197 0.378324 0.512901 0.380319
0 0.551255 0.584441 0.573919 0.573803 0.570084 0.524601 0.548815 0.381649 0.533473 0.380319
0 0.571130 0.571144 0.603208 0.567819 0.600418 0.496011 0.579149 0.357713 0.564854 0.361037 0.568689 0.550532
0 0.609484 0.537899 0.631799 0.557181 0.650628 0.537899 0.645049 0.483378 0.642608 0.366356 0.623780 0.320479 0.612273 0.323138 0.622036 0.386968 0.616806 0.483378 0.608787 0.504654
0 0.639819 0.509309 0.661437 0.543883 0.688982 0.539894 0.696304 0.499335 0.687238 0.432181 0.691074 0.332447 0.678173 0.331782
0 0.688285 0.504654 0.708856 0.530585 0.721060 0.515293 0.732566 0.509973 0.735356 0.476729 0.703626 0.335106 0.692817 0.339096 0.694909 0.428191 0.688285 0.474069
0 0.514993 0.634973 0.535216 0.626330 0.537308 0.678191 0.537308 0.811170 0.525453 0.813165
0 0.535565 0.633644 0.561018 0.626330 0.557880 0.686835 0.556834 0.808511 0.540098 0.811835
0 0.555439 0.630984 0.571478 0.615027 0.585774 0.617686 0.590656 0.823803 0.575314 0.827128
0 0.582636 0.630319 0.589261 0.606383 0.613319 0.610372 0.617852 0.800532 0.601813 0.808511
0 0.609833 0.594415 0.645397 0.601064 0.642608 0.654920 0.646095 0.815824 0.632497 0.817154 0.607043 0.595080
0 0.636681 0.607713 0.682357 0.556516 0.751743 0.763298 0.735356 0.776596 0.641911 0.632314
0 0.684449 0.589761 0.686890 0.561170 0.702580 0.554521 0.707462 0.545213 0.732218 0.531250 0.741283 0.552527 0.784170 0.744016 0.771269 0.752660
0 0.493724 0.631649 0.517782 0.636303 0.514296 0.803191 0.498954 0.801197
0 0.474198 0.628324 0.496862 0.631649 0.495467 0.807181 0.480126 0.804521
0 0.447001 0.636303 0.451534 0.621011 0.466876 0.616356 0.477336 0.639628 0.464784 0.822473 0.449093 0.818484
0 0.423989 0.611037 0.441423 0.606383 0.453626 0.628324 0.438982 0.821809 0.421199 0.815824 0.424686 0.672207
0 0.398884 0.606383 0.415272 0.595080 0.429219 0.617021 0.423291 0.673537 0.417713 0.769947 0.398884 0.832447 0.384937 0.819149 0.396095 0.771277 0.398884 0.668218 0.392957 0.646941
0 0.318340 0.573803 0.368898 0.603059 0.360181 0.655585 0.350070 0.664229 0.291144 0.779255 0.277894 0.759309 0.304742 0.666888
0 0.268480 0.553191 0.282775 0.540559 0.302301 0.554521 0.323222 0.575798 0.306834 0.639628 0.249303 0.736702 0.232915 0.718750 0.262552 0.596410 0.261506 0.588431
