0 0.504351 0.299392 0.505689 0.550152 0.474900 0.545593 0.475569 0.508359 0.478581 0.465046 0.479250 0.300152
0 0.475569 0.279635 0.477912 0.392857 0.477242 0.474924 0.477242 0.514438 0.475234 0.529635 0.471218 0.544833 0.464525 0.548632 0.458835 0.547872 0.455154 0.538754 0.453481 0.522036 0.454819 0.509878 0.456158 0.494681 0.453481 0.468845 0.453146 0.438450 0.455823 0.282675
0 0.453815 0.272036 0.453146 0.446049 0.455823 0.481763 0.455823 0.491641 0.454819 0.503799 0.452811 0.515198 0.450134 0.524316 0.446787 0.530395 0.439090 0.536474 0.434070 0.539514 0.430723 0.536474 0.428046 0.519757 0.426372 0.509119 0.425033 0.474164 0.425703 0.344985 0.427711 0.266717 0.450803 0.260638
0 0.399264 0.270517 0.405288 0.466565 0.402276 0.517477 0.414324 0.533435 0.428380 0.522796 0.432062 0.512158 0.436747 0.489362 0.437416 0.462766 0.435743 0.424012 0.426372 0.258359
0 0.395582 0.278875 0.399933 0.420213 0.405622 0.468085 0.402610 0.519757 0.376506 0.526596 0.354083 0.515198 0.354083 0.478723 0.359772 0.453647 0.362115 0.419453 0.360776 0.354863 0.365462 0.287994 0.384538 0.285714
0 0.329652 0.392857 0.336011 0.353343 0.344043 0.298632 0.344712 0.268237 0.348728 0.252280 0.360776 0.250000 0.370147 0.261398 0.371821 0.277356 0.361111 0.356383 0.362450 0.420973 0.359438 0.457447 0.353748 0.479483 0.340361 0.479483 0.327644 0.462766 0.320616 0.454407 0.317269 0.438450 0.322289 0.414134
0 0.312918 0.202888 0.305890 0.283435 0.296854 0.307751 0.290161 0.321429 0.285141 0.345745 0.282798 0.365502 0.285810 0.385258 0.291499 0.395897 0.296854 0.401976 0.302878 0.411854 0.308568 0.420213 0.314257 0.424012 0.319612 0.419453 0.321620 0.411854 0.329317 0.391337 0.335676 0.340426 0.344712 0.296353 0.352075 0.268237 0.352744 0.236322 0.346051 0.212006 0.339357 0.193769 0.327979 0.189970 0.316600 0.196049
0 0.505355 0.293313 0.505689 0.550912 0.524431 0.549392 0.537818 0.541793 0.538153 0.522796 0.534471 0.487842 0.532463 0.408815 0.531794 0.276596 0.504685 0.278875
0 0.532798 0.279635 0.533802 0.488602 0.536479 0.521277 0.543173 0.533435 0.549531 0.532675 0.554552 0.523556 0.557898 0.507599 0.558233 0.488602 0.557229 0.468085 0.554886 0.420213 0.551874 0.274316
0 0.556560 0.275836 0.555556 0.449848 0.552544 0.469605 0.552544 0.490881 0.556225 0.509878 0.559237 0.522036 0.565596 0.535714 0.570281 0.540274 0.577309 0.522796 0.578983 0.506839 0.581660 0.484802 0.582329 0.463526 0.582999 0.446049 0.581995 0.267477 0.565261 0.267477
0 0.594043 0.252280 0.584672 0.450608 0.582999 0.483283 0.582329 0.502280 0.588019 0.515198 0.594378 0.518237 0.605422 0.513678 0.615127 0.504559 0.620817 0.483283 0.621486 0.433131 0.624163 0.325988 0.624163 0.249240
0 0.503347 0.569909 0.503012 0.604863 0.496319 0.789514 0.515395 0.775836 0.524766 0.582067 0.524096 0.560030 0.508032 0.565350
0 0.532798 0.560030 0.526774 0.564590 0.526439 0.582067 0.524766 0.598024 0.526439 0.615502 0.517068 0.749240 0.539826 0.746960 0.542838 0.640578 0.545515 0.610942 0.545181 0.573708 0.545850 0.557751
0 0.554886 0.547872 0.546185 0.560030 0.545850 0.592705 0.543842 0.634498 0.539491 0.715046 0.546519 0.818389 0.568273 0.803191 0.566600 0.683131 0.568942 0.607903 0.570616 0.579027 0.567269 0.564590 0.564592 0.555471 0.561914 0.550912 0.559237 0.547112
0 0.572959 0.538754 0.566600 0.558511 0.565930 0.582827 0.569612 0.601824 0.567604 0.665653 0.574632 0.782675 0.594043 0.776596 0.587684 0.654255 0.590361 0.585866 0.592369 0.572188 0.591031 0.562310 0.589357 0.553191 0.587684 0.545593 0.585007 0.539514 0.581660 0.537994 0.576975 0.537234
0 0.595716 0.517477 0.592035 0.522036 0.590027 0.527356 0.588353 0.539514 0.587684 0.546353 0.587684 0.556991 0.589357 0.569909 0.591031 0.577508 0.591700 0.589666 0.589692 0.615502 0.590027 0.662614 0.595047 0.707447 0.606426 0.774316 0.623494 0.762918 0.615127 0.670213 0.619143 0.575228 0.618474 0.541793 0.614793 0.528875 0.613119 0.522036 0.606760 0.515957 0.601740 0.515198
0 0.684404 0.452888 0.674364 0.472644 0.668675 0.485562 0.667671 0.499240 0.676037 0.526596 0.690428 0.544833 0.709505 0.575988 0.748661 0.630699 0.769746 0.564590 0.760710 0.522036 0.751004 0.493921 0.738286 0.476444 0.732597 0.458967 0.724565 0.444529 0.718876 0.433891 0.714190 0.427052 0.703146 0.436930 0.695783 0.437690 0.690428 0.438450 0.687416 0.445289
0 0.503012 0.565350 0.502677 0.615502 0.496988 0.765198 0.478916 0.758359 0.482932 0.601824 0.482597 0.564590 0.493976 0.564590
0 0.476238 0.558511 0.460843 0.556231 0.461847 0.575988 0.463186 0.584347 0.463521 0.591945 0.462182 0.600304 0.461178 0.609422 0.458835 0.762158 0.478581 0.765198 0.482932 0.602584 0.481928 0.561550
0 0.456493 0.555471 0.451138 0.547112 0.448795 0.547112 0.445114 0.552432 0.442771 0.556231 0.440428 0.557751 0.438086 0.560030 0.437416 0.566869 0.436412 0.577508 0.435743 0.600304 0.433400 0.645137 0.431727 0.670973 0.425368 0.753799 0.446452 0.761398 0.459839 0.618541 0.462517 0.599544 0.463855 0.588146 0.462182 0.578267 0.461178 0.570669 0.459170 0.563830
0 0.442102 0.540274 0.442771 0.560790 0.441098 0.582067 0.436078 0.602584 0.434070 0.625380 0.432396 0.660334 0.428380 0.703647 0.413655 0.781155 0.400937 0.772036 0.409639 0.692249 0.413655 0.619301 0.413989 0.582827 0.414324 0.562310 0.416332 0.550912 0.419344 0.541793 0.422691 0.537994 0.426707 0.537994 0.431392 0.537234 0.435408 0.537234
0 0.415663 0.534195 0.408300 0.528875 0.405288 0.528116 0.400268 0.529635 0.396252 0.537234 0.394244 0.557751 0.378179 0.764438 0.401606 0.774316 0.412651 0.621581 0.414324 0.585866 0.418005 0.566109 0.420348 0.544073 0.417336 0.534954
0 0.288153 0.410334 0.212517 0.488602 0.230254 0.610182 0.299866 0.552432 0.342704 0.529635 0.331995 0.484043 0.320616 0.450608 0.315261 0.428571 0.310576 0.420973 0.306225 0.416413 0.303548 0.412614 0.298193 0.411094 0.293507 0.411094
0 0.672021 0.250000 0.674699 0.376140 0.680388 0.446049 0.697122 0.443009 0.718206 0.424772 0.723896 0.400456 0.720884 0.367021 0.707497 0.313830 0.702477 0.273556 0.697122 0.247720 0.685074 0.237842
