0 0.461131 0.514438 0.459717 0.555471 0.464311 0.578267 0.481625 0.579787 0.495406 0.566109 0.495406 0.512158 0.489399 0.443769 0.490813 0.364742 0.490813 0.319149 0.486926 0.278875 0.477739 0.265957 0.467491 0.342705 0.461484 0.439970
0 0.438163 0.517477 0.437809 0.551672 0.440283 0.566869 0.454064 0.569909 0.463251 0.559271 0.464311 0.518237 0.456890 0.426292 0.455124 0.358663 0.457597 0.321429 0.453004 0.295593 0.453004 0.259878 0.444523 0.260638 0.436396 0.281155 0.428975 0.344225 0.434982 0.422492
0 0.410601 0.518237 0.407420 0.564590 0.415194 0.590426 0.427915 0.591945 0.435336 0.572188 0.439223 0.542553 0.437102 0.466565 0.433569 0.395897 0.430742 0.347264 0.429329 0.317629 0.425795 0.283435 0.415548 0.292553 0.412721 0.322948 0.414841 0.440729
0 0.388693 0.529635 0.390813 0.565350 0.395760 0.591945 0.406714 0.598024 0.416608 0.582827 0.422615 0.545593 0.423322 0.505319 0.425088 0.456687 0.424735 0.411094 0.422615 0.373860 0.418375 0.347264 0.413428 0.332067 0.409541 0.311550 0.404947 0.306991 0.394700 0.323708 0.391873 0.376140 0.393993 0.493921
0 0.327562 0.539514 0.328975 0.574468 0.349117 0.589666 0.367491 0.580547 0.372792 0.549392 0.367491 0.479483 0.358657 0.401976 0.349470 0.360942 0.347703 0.350304 0.336396 0.341945 0.319435 0.341945 0.311307 0.363982 0.307420 0.398936 0.320848 0.430851 0.331449 0.505319 0.330389 0.533435
0 0.296466 0.527356 0.291873 0.544833 0.302473 0.570669 0.315548 0.580547 0.328269 0.570669 0.330742 0.540274 0.326148 0.474924 0.318375 0.409574 0.311307 0.367781 0.301767 0.352584 0.293286 0.347264 0.284806 0.351824 0.280212 0.375380 0.282686 0.427052 0.293640 0.499240
0 0.495053 0.498480 0.495053 0.525836 0.495053 0.567629 0.498233 0.575988 0.519788 0.576748 0.528622 0.563830 0.526502 0.534954 0.526502 0.482523 0.526502 0.414894 0.524382 0.369301 0.522615 0.338146 0.520495 0.308511 0.519788 0.287994 0.510247 0.288754 0.503534 0.322188 0.500000 0.386018
0 0.526502 0.498480 0.526148 0.537994 0.528622 0.563070 0.539929 0.569909 0.556184 0.560030 0.558657 0.533435 0.554770 0.484802 0.551237 0.400456 0.548410 0.328267 0.541343 0.297112 0.533569 0.286474 0.527915 0.319909
0 0.554417 0.500000 0.551943 0.517477 0.554064 0.549392 0.560071 0.575988 0.581272 0.575988 0.586572 0.544833 0.586572 0.451368 0.583039 0.369301 0.576325 0.329787 0.566078 0.295593 0.555124 0.306991 0.550883 0.340426
0 0.630389 0.503799 0.628622 0.537994 0.632155 0.565350 0.651590 0.574468 0.679505 0.555471 0.681625 0.522796 0.674558 0.464286 0.668551 0.405775 0.667845 0.360182 0.663604 0.313070 0.658657 0.294833 0.646643 0.266717 0.631802 0.268997 0.618728 0.301672 0.621555 0.378419 0.627562 0.460486
0 0.702120 0.530395 0.693640 0.552432 0.702473 0.590426 0.717668 0.646657 0.734982 0.711246 0.749823 0.732523 0.773498 0.741641 0.784452 0.716565 0.779505 0.664894 0.760777 0.602584 0.749470 0.559271 0.739223 0.520517 0.733922 0.514438
0 0.669258 0.571429 0.655477 0.588146 0.651590 0.612462 0.659717 0.654255 0.691873 0.754559 0.714488 0.793313 0.733569 0.800912 0.740989 0.781155 0.740989 0.738602 0.723322 0.688450 0.712721 0.639058 0.706007 0.599544 0.704240 0.574468 0.697880 0.565350 0.687279 0.561550 0.676325 0.568389
0 0.598233 0.588906 0.586572 0.604103 0.591873 0.645897 0.595760 0.730243 0.603534 0.783435 0.614488 0.849544 0.628622 0.865502 0.640636 0.835866 0.630742 0.764438 0.625442 0.698328 0.622261 0.642857 0.621555 0.606383 0.613428 0.589666
0 0.569965 0.586626 0.562544 0.609422 0.561484 0.638298 0.570671 0.689970 0.577739 0.779635 0.585866 0.830547 0.591519 0.852584 0.603534 0.857143 0.604947 0.809271 0.593993 0.699848 0.593640 0.648176 0.592933 0.611702 0.589046 0.589666 0.575972 0.582827
0 0.550883 0.579787 0.539576 0.586626 0.539929 0.629939 0.543816 0.689970 0.548763 0.782675 0.556184 0.838146 0.564311 0.881459 0.571378 0.878419 0.574912 0.777356 0.567491 0.664134 0.567491 0.624620 0.564311 0.597264 0.556184 0.579027
0 0.530742 0.574468 0.520495 0.579027 0.515901 0.579787 0.515901 0.617021 0.522261 0.707447 0.527915 0.800152 0.530035 0.838146 0.538516 0.852584 0.542403 0.843465 0.546290 0.764438 0.541343 0.652736 0.540636 0.609422 0.540283 0.584347
0 0.504947 0.591945 0.500707 0.596505 0.494700 0.607903 0.501413 0.671733 0.508481 0.752280 0.508481 0.809271 0.511661 0.832067 0.516961 0.840426 0.525088 0.816109 0.527915 0.765198 0.520848 0.629179 0.520848 0.598024 0.515194 0.587386
0 0.290813 0.572188 0.281979 0.561550 0.272085 0.579787 0.267138 0.645897 0.265371 0.675532 0.255830 0.722644 0.252650 0.756079 0.258304 0.787994 0.272792 0.789514 0.292226 0.743161 0.302473 0.706687 0.312367 0.666413 0.317314 0.626140 0.322968 0.605623 0.321555 0.591945 0.315194 0.583587 0.307067 0.568389 0.297880 0.566109
0 0.326855 0.592705 0.315548 0.615502 0.311307 0.659574 0.301060 0.745441 0.289753 0.804711 0.289399 0.829027 0.299647 0.847264 0.319435 0.829027 0.334982 0.773556 0.354770 0.709726 0.367491 0.648176 0.366078 0.610182 0.357244 0.600304 0.349823 0.591185 0.340636 0.591945 0.334276 0.588906
0 0.367845 0.610182 0.360071 0.615502 0.356537 0.677052 0.353004 0.716565 0.335336 0.803191 0.336749 0.850304 0.346290 0.859422 0.368905 0.842705 0.383392 0.791033 0.398233 0.715805 0.405654 0.655015 0.407774 0.629179 0.396466 0.620821 0.382332 0.610182
0 0.402473 0.623860 0.393640 0.633739 0.397527 0.721125 0.401767 0.797872 0.402120 0.851064 0.407420 0.871581 0.419788 0.867781 0.428975 0.808511 0.426148 0.715046 0.421908 0.662614 0.422968 0.636778 0.416608 0.623100
0 0.426502 0.606383 0.415548 0.626140 0.419788 0.680091 0.426148 0.728723 0.426855 0.809271 0.428269 0.837386 0.430389 0.863222 0.439223 0.875380 0.446290 0.864742 0.448057 0.793313 0.444523 0.689970 0.446290 0.655015 0.447703 0.627660 0.442049 0.613982 0.431802 0.603343
0 0.450530 0.599544 0.440989 0.612462 0.439223 0.652736 0.448057 0.762158 0.451943 0.819149 0.456890 0.867021 0.461131 0.884498 0.469611 0.878419 0.474558 0.825988 0.469611 0.735562 0.466431 0.639058 0.462898 0.616261
0 0.469258 0.595745 0.460777 0.604103 0.461484 0.633739 0.470671 0.737842 0.478092 0.823708 0.483039 0.854103 0.489399 0.858663 0.495406 0.841945 0.496820 0.808511 0.489753 0.734802 0.485159 0.656535 0.484452 0.608663 0.483039 0.597264
0 0.488339 0.590426 0.480212 0.590426 0.484452 0.628419 0.491519 0.771277 0.496820 0.823708 0.501413 0.835866 0.509187 0.833587 0.508834 0.791793 0.504240 0.688450 0.504594 0.625380 0.504594 0.598784 0.501767 0.584347
