0 0.523013 0.398271 0.523710 0.583777 0.512901 0.594415 0.491632 0.583777 0.497211 0.491356 0.503487 0.388298
0 0.484310 0.388298 0.504533 0.384309 0.496165 0.529920 0.490586 0.577128 0.474198 0.577128 0.466876 0.555851 0.467922 0.527926
0 0.459554 0.382979 0.480823 0.380984 0.472455 0.547207 0.469665 0.569814 0.455021 0.583777 0.441074 0.554521 0.441074 0.527926
0 0.422943 0.378989 0.445955 0.374335 0.438285 0.484043 0.440377 0.545213 0.422943 0.568484 0.407252 0.535239 0.411785 0.498005
0 0.354951 0.365027 0.398884 0.365027 0.401674 0.472074 0.408996 0.513963 0.396095 0.538564 0.385983 0.538564 0.372385 0.545213 0.368550 0.538564 0.353208 0.533245 0.350418 0.508644 0.353905 0.470080
0 0.528243 0.396941 0.545676 0.391622 0.551255 0.525931 0.554045 0.591090 0.521967 0.591090 0.523013 0.549202
0 0.550558 0.389628 0.564156 0.389628 0.576011 0.522606 0.577755 0.577128 0.557880 0.582447 0.555091 0.549202
0 0.576011 0.382979 0.593445 0.382979 0.595188 0.491356 0.607392 0.559176 0.595188 0.575133 0.577755 0.566489 0.578801 0.511968
0 0.599024 0.384309 0.615411 0.384309 0.622036 0.491356 0.632845 0.543883 0.624826 0.564495 0.605300 0.554521 0.599024 0.505319
0 0.630056 0.384309 0.638424 0.358378 0.654114 0.372340 0.656904 0.508644 0.660391 0.535239 0.658647 0.555851 0.648536 0.561170 0.640167 0.559176 0.629358 0.543883 0.628312 0.484043
0 0.662483 0.363697 0.690028 0.351064 0.700837 0.458112 0.710948 0.527926 0.707462 0.547207 0.697350 0.555851 0.690725 0.555851 0.676081 0.559176 0.664226 0.549202 0.660391 0.521277 0.662483 0.484043
0 0.515690 0.615691 0.529289 0.608378 0.542190 0.619016 0.538354 0.674867 0.547768 0.809840 0.527545 0.807846 0.520921 0.722074 0.519177 0.660904
0 0.493375 0.619016 0.511855 0.607048 0.518131 0.622340 0.515690 0.687500 0.521967 0.811170 0.497211 0.815160 0.498954 0.734707
0 0.540446 0.617021 0.555788 0.607048 0.563110 0.619016 0.564156 0.648936 0.567992 0.802527 0.551255 0.806516 0.541144 0.710106
0 0.561367 0.613697 0.572524 0.599734 0.587169 0.607048 0.589958 0.638298 0.591702 0.710106 0.600070 0.804521 0.578801 0.811170 0.571478 0.777926
0 0.587866 0.615691 0.592748 0.594415 0.602859 0.585771 0.613668 0.596410 0.618201 0.627660 0.634937 0.802527 0.608089 0.815160 0.595188 0.716755
0 0.613668 0.603059 0.617503 0.583777 0.624826 0.587766 0.630056 0.573803 0.645746 0.585771 0.677127 0.758644 0.672594 0.787234 0.651325 0.783245 0.630056 0.694149
0 0.473152 0.625665 0.489888 0.617021 0.495467 0.640293 0.489888 0.825133 0.464086 0.821809 0.465830 0.722074
0 0.447699 0.619016 0.460600 0.601729 0.474198 0.622340 0.468619 0.688830 0.459554 0.839761 0.430962 0.825133 0.443166 0.682181
0 0.419107 0.611702 0.430962 0.599734 0.449442 0.611702 0.447699 0.655585 0.426430 0.823803 0.396095 0.821809 0.408996 0.697473
0 0.392608 0.597739 0.404463 0.587766 0.419107 0.610372 0.411785 0.685505 0.385286 0.811170 0.349372 0.779920 0.365063 0.687500
0 0.349372 0.571809 0.357741 0.563165 0.375174 0.575133 0.392608 0.591090 0.377964 0.660904 0.326360 0.779920 0.288006 0.732713 0.303696 0.683511
0 0.297071 0.555851 0.311715 0.519282 0.329149 0.527926 0.348675 0.559176 0.343096 0.605053 0.292538 0.744681 0.261506 0.710106 0.283473 0.619016
