0 0.463319 0.607143 0.507835 0.607143 0.487536 0.320669 0.464387 0.315350
0 0.429487 0.585866 0.437678 0.603343 0.462607 0.604863 0.469729 0.601824 0.463319 0.311550 0.444088 0.308511
0 0.396368 0.586626 0.410969 0.605623 0.432692 0.592705 0.439103 0.551672 0.423789 0.313070 0.393875 0.320669
0 0.367877 0.574468 0.369658 0.604863 0.392094 0.619301 0.409188 0.604863 0.414886 0.554711 0.410613 0.496201 0.395299 0.325228 0.370370 0.342705 0.377493 0.541793 0.372863 0.563830
0 0.330128 0.558511 0.338675 0.598024 0.351852 0.598784 0.368590 0.591185 0.378561 0.582827 0.376781 0.527356 0.347934 0.345745 0.323362 0.356383 0.335470 0.509878
0 0.288818 0.550152 0.294516 0.566869 0.314459 0.585866 0.329060 0.579027 0.334758 0.547872 0.334046 0.497720 0.315527 0.342705 0.284544 0.351064
0 0.251425 0.516717 0.252137 0.537994 0.260328 0.556991 0.273860 0.570669 0.290242 0.550152 0.294516 0.506839 0.294160 0.468845 0.288818 0.335866 0.271724 0.338906 0.259615 0.472644
0 0.507123 0.529635 0.505342 0.603343 0.548433 0.607143 0.546652 0.520517 0.514601 0.288754 0.500712 0.289514
0 0.548433 0.531155 0.545940 0.565350 0.549858 0.582827 0.555556 0.600304 0.567664 0.607143 0.582621 0.596505 0.584758 0.554711 0.582621 0.344225 0.561610 0.346505
0 0.566239 0.544833 0.563746 0.570669 0.564459 0.600304 0.566952 0.617021 0.579060 0.618541 0.591168 0.624620 0.601140 0.608663 0.600071 0.563830 0.597934 0.518997 0.601140 0.346505 0.580128 0.346505
0 0.595442 0.536474 0.591168 0.570669 0.589031 0.604863 0.594729 0.619301 0.612536 0.624620 0.630342 0.623860 0.632479 0.594985 0.622863 0.541793 0.624644 0.353343 0.609330 0.354863
0 0.624644 0.535714 0.620370 0.565350 0.621083 0.582827 0.627849 0.603343 0.639245 0.608663 0.652778 0.607143 0.666667 0.603343 0.669160 0.560790 0.664174 0.525836 0.659544 0.358663 0.643162 0.358663 0.627849 0.512158
0 0.668447 0.510638 0.662749 0.558511 0.669872 0.591185 0.679487 0.601824 0.693376 0.596505 0.706909 0.577508 0.709402 0.558511 0.704772 0.522036 0.695869 0.358663 0.676282 0.357903 0.669160 0.477204
0 0.707265 0.379179 0.704772 0.474164 0.704060 0.515198 0.702991 0.541793 0.704060 0.573708 0.710470 0.582827 0.725071 0.586626 0.741097 0.572188 0.748932 0.562310 0.751781 0.535714 0.744302 0.496201 0.739316 0.456687 0.731481 0.351064 0.708689 0.363222
0 0.500000 0.623860 0.528134 0.623860 0.525641 0.693009 0.519943 0.867781 0.498932 0.873100
0 0.528134 0.713526 0.527422 0.688450 0.531339 0.626140 0.558048 0.631459 0.550926 0.703647 0.538818 0.878419 0.523504 0.879939 0.519943 0.876140
0 0.558048 0.713526 0.551638 0.669453 0.552707 0.636018 0.567664 0.630699 0.582621 0.639818 0.580840 0.719605 0.581553 0.883739 0.563034 0.886778
0 0.589744 0.721125 0.574430 0.668693 0.587963 0.641337 0.603632 0.639818 0.611467 0.664134 0.612179 0.710486 0.619658 0.870821 0.603276 0.871581
0 0.609330 0.706687 0.598647 0.686170 0.597934 0.651976 0.602564 0.638298 0.621439 0.631459 0.637464 0.626140 0.649573 0.627660 0.652066 0.674012 0.674858 0.845745 0.647792 0.860942 0.628561 0.786474 0.615028 0.719605
0 0.659544 0.705167 0.652778 0.686170 0.647080 0.649696 0.645655 0.627660 0.663462 0.611702 0.681268 0.608663 0.691595 0.608663 0.699074 0.651976 0.699786 0.684650 0.725783 0.822948 0.699786 0.847264 0.669160 0.745441
0 0.710114 0.677812 0.693376 0.660334 0.688390 0.642857 0.687678 0.619301 0.694801 0.598784 0.710114 0.584347 0.732194 0.579787 0.745726 0.579027 0.748932 0.619301 0.769587 0.781155 0.740028 0.797112 0.716168 0.708967
0 0.474715 0.630699 0.489316 0.623860 0.500712 0.636018 0.498219 0.733283 0.504630 0.892097 0.488604 0.889818
0 0.446581 0.693009 0.444801 0.642857 0.454416 0.629179 0.470085 0.631459 0.477920 0.684650 0.478989 0.866261 0.452991 0.855623
0 0.421296 0.848784 0.418091 0.710486 0.415598 0.658815 0.422009 0.629179 0.440883 0.627660 0.449074 0.668693 0.445513 0.722644 0.440883 0.871581 0.424501 0.867781
0 0.383903 0.814590 0.384259 0.734802 0.387464 0.705167 0.388177 0.672492 0.388889 0.643617 0.404202 0.629179 0.414886 0.634498 0.422009 0.672492 0.413462 0.712006 0.400285 0.860942 0.384972 0.859422
0 0.324074 0.826748 0.342236 0.724164 0.342236 0.696809 0.339031 0.672492 0.339031 0.645137 0.342236 0.622340 0.355057 0.608663 0.375000 0.608663 0.396368 0.623860 0.402066 0.648176 0.397792 0.696809 0.383903 0.721125 0.357194 0.871581 0.327279 0.840426
0 0.260328 0.787994 0.266026 0.729483 0.278846 0.695289 0.288462 0.670973 0.291667 0.648176 0.300570 0.608663 0.312322 0.582827 0.325855 0.586626 0.341168 0.611702 0.349359 0.637538 0.340456 0.684650 0.332265 0.705167 0.280627 0.810790
0 0.227920 0.743161 0.240741 0.651976 0.245014 0.636018 0.245726 0.610182 0.245726 0.582827 0.250712 0.560030 0.274217 0.556991 0.301638 0.573708 0.311254 0.594985 0.297721 0.632979 0.275641 0.703647 0.248932 0.769757 0.220442 0.753799
