0 0.477739 0.529635 0.477385 0.560030 0.489046 0.569909 0.505300 0.562310 0.504240 0.532675 0.501413 0.467325 0.497880 0.373860 0.493993 0.343465 0.478445 0.344985 0.475972 0.397416
0 0.456537 0.506839 0.456184 0.542553 0.460071 0.565350 0.470671 0.571429 0.477032 0.553951 0.477032 0.506839 0.477739 0.456687 0.478092 0.408815 0.478799 0.386018 0.476678 0.371581 0.471378 0.370821 0.464311 0.390578 0.457244 0.462006
0 0.436396 0.513678 0.435336 0.548632 0.446643 0.571429 0.450883 0.569909 0.457244 0.530395 0.460071 0.484802 0.463251 0.401216 0.463251 0.371581 0.463251 0.353343 0.462191 0.338906 0.459364 0.332067 0.449823 0.332067 0.443463 0.361702 0.442756 0.379179 0.441343 0.447568
0 0.395406 0.495441 0.391519 0.530395 0.400000 0.548632 0.409187 0.546353 0.420141 0.504559 0.424735 0.454407 0.421908 0.351064 0.420141 0.316869 0.415548 0.302432 0.407420 0.300152 0.396466 0.314590 0.396466 0.366261 0.399647 0.401976
0 0.418728 0.500760 0.416961 0.541793 0.417668 0.555471 0.431802 0.562310 0.442403 0.535714 0.446996 0.502280 0.450177 0.462006 0.445583 0.383739 0.444876 0.344225 0.443816 0.319149 0.435336 0.304711 0.424028 0.305471 0.419081 0.359422 0.423322 0.429331
0 0.367491 0.477204 0.361131 0.511398 0.361131 0.534954 0.373145 0.547112 0.390459 0.546353 0.397527 0.525076 0.402827 0.480243 0.403887 0.411094 0.397527 0.352584 0.393640 0.321429 0.386926 0.310030 0.375972 0.329787 0.372792 0.376140
0 0.327915 0.446809 0.323675 0.470365 0.326148 0.507599 0.342049 0.516717 0.350177 0.521277 0.366431 0.504559 0.367845 0.463526 0.369965 0.415653 0.372085 0.387538 0.372792 0.366261 0.371731 0.336626 0.361484 0.325988 0.349470 0.328267 0.342756 0.345745 0.339576 0.378419 0.337456 0.422492
0 0.502827 0.525076 0.504947 0.559271 0.519435 0.569909 0.524735 0.563070 0.526502 0.531155 0.523675 0.436170 0.523322 0.382979 0.521555 0.352584 0.513074 0.351824 0.506714 0.366261 0.505300 0.398936 0.504947 0.448328 0.503534 0.490881
0 0.625088 0.468845 0.628269 0.508359 0.632862 0.525836 0.649117 0.534195 0.659364 0.529635 0.667845 0.520517 0.669965 0.489362 0.666078 0.466565 0.659364 0.443769 0.656537 0.414894 0.653004 0.381459 0.651237 0.361702 0.649470 0.334347 0.645583 0.318389 0.639929 0.312310 0.626855 0.313830 0.619435 0.330547 0.618728 0.373860 0.620141 0.408055 0.620141 0.433891
0 0.593993 0.477204 0.597527 0.518997 0.601413 0.545593 0.612367 0.553951 0.627208 0.550152 0.635689 0.534195 0.629682 0.492401 0.625088 0.454407 0.621201 0.411094 0.621201 0.377660 0.620848 0.348784 0.617314 0.332827 0.611307 0.325228 0.602120 0.331307 0.594700 0.373860 0.592226 0.419453
0 0.523675 0.520517 0.524382 0.554711 0.530035 0.569909 0.540989 0.563070 0.542403 0.536474 0.539929 0.481763 0.540283 0.427812 0.540283 0.398176 0.540283 0.379939 0.540283 0.351064 0.538163 0.337386 0.529329 0.324468 0.523322 0.337386 0.521201 0.392097
0 0.275618 0.490881 0.266078 0.535714 0.256537 0.584347 0.240283 0.626900 0.240283 0.665653 0.254417 0.680851 0.268905 0.682371 0.281272 0.667933 0.313781 0.582067 0.331802 0.531915 0.326855 0.511398 0.314134 0.502280 0.305654 0.489362 0.298233 0.490122 0.290459 0.472644
0 0.326502 0.537234 0.317668 0.567629 0.312721 0.592705 0.299647 0.626140 0.288693 0.651216 0.274912 0.690729 0.272438 0.713526 0.284806 0.743921 0.307774 0.735562 0.316961 0.724924 0.330389 0.695289 0.351590 0.642097 0.364311 0.602584 0.371731 0.575228 0.365724 0.558511 0.354770 0.551672 0.345936 0.536474
0 0.403534 0.582067 0.399647 0.620061 0.396113 0.670213 0.395053 0.696049 0.386926 0.759878 0.388339 0.789514 0.400707 0.794833 0.421555 0.710486 0.430389 0.639818 0.435689 0.604863 0.431095 0.583587 0.412721 0.584347
0 0.434629 0.598024 0.428622 0.618541 0.424382 0.648936 0.421555 0.699088 0.416961 0.744681 0.415901 0.773556 0.423675 0.795593 0.438163 0.758359 0.445583 0.693009 0.452650 0.636778 0.456537 0.599544 0.445936 0.585866
0 0.452650 0.591185 0.448410 0.629179 0.447350 0.663374 0.445583 0.698328 0.444523 0.733283 0.442049 0.759119 0.439223 0.787994 0.439576 0.801672 0.448057 0.823708 0.455124 0.815350 0.459717 0.778875 0.463604 0.743921 0.469965 0.702888 0.471378 0.661854 0.468551 0.622340 0.466784 0.601824 0.463251 0.584347
0 0.468198 0.580547 0.463604 0.591185 0.466784 0.620821 0.469611 0.654255 0.468551 0.693009 0.466784 0.750000 0.471025 0.786474 0.477032 0.797872 0.485866 0.754559 0.486572 0.715805 0.485512 0.630699 0.487986 0.584347 0.482332 0.577508
0 0.487633 0.585106 0.485512 0.627660 0.486572 0.661854 0.487279 0.700608 0.487633 0.743921 0.487633 0.764438 0.491873 0.784195 0.496466 0.789514 0.501060 0.753040 0.503534 0.665653 0.503534 0.621581 0.503534 0.595745 0.502120 0.583587 0.490106 0.582067
0 0.504240 0.580547 0.502827 0.598784 0.501767 0.716565 0.501767 0.747720 0.504947 0.777356 0.510954 0.787994 0.518375 0.758359 0.519788 0.706687 0.517668 0.658815 0.519435 0.635258 0.521908 0.598024 0.520848 0.589666
0 0.524382 0.595745 0.516254 0.607903 0.516608 0.638298 0.518728 0.664894 0.521201 0.755319 0.522615 0.790274 0.529682 0.803951 0.536396 0.758359 0.536396 0.669453 0.536042 0.640578 0.536396 0.598024 0.536396 0.589666
0 0.537809 0.594985 0.535689 0.627660 0.536396 0.698328 0.536042 0.757599 0.540283 0.825988 0.556890 0.834347 0.559011 0.772796 0.559011 0.709726 0.559011 0.635258 0.559011 0.601064 0.548763 0.590426
0 0.553004 0.606383 0.550530 0.631459 0.555477 0.664134 0.560777 0.726444 0.560777 0.753799 0.562898 0.794833 0.570318 0.811550 0.581625 0.800912 0.583039 0.754559 0.582332 0.705927 0.582686 0.665653 0.583392 0.637538 0.583392 0.609422 0.575265 0.588906 0.560777 0.604863
0 0.565724 0.604103 0.565018 0.626900 0.572438 0.650456 0.578092 0.677052 0.584452 0.723404 0.585159 0.750000 0.588339 0.783435 0.591873 0.802432 0.604594 0.809271 0.609541 0.800912 0.606007 0.743161 0.605300 0.684650 0.602827 0.648176 0.596113 0.591185 0.582686 0.590426 0.570318 0.598784
0 0.593286 0.583587 0.587986 0.602584 0.587986 0.627660 0.596113 0.656535 0.602473 0.674012 0.607420 0.711246 0.617314 0.755319 0.630742 0.793313 0.646290 0.797872 0.657951 0.792553 0.665371 0.745441 0.659364 0.723404 0.643816 0.642857 0.640283 0.613222 0.636042 0.577508 0.620141 0.572188 0.603180 0.579027
0 0.633569 0.563830 0.629329 0.569909 0.628269 0.588146 0.635336 0.620061 0.644170 0.634498 0.653710 0.664894 0.665018 0.707447 0.680919 0.744681 0.697527 0.759119 0.714134 0.752280 0.717668 0.710486 0.693640 0.633739 0.687633 0.607143 0.680565 0.566869 0.668905 0.540274 0.653357 0.541793 0.649117 0.561550
0 0.671378 0.540274 0.671731 0.515957 0.682686 0.507599 0.687633 0.512918 0.693286 0.497720 0.700707 0.495441 0.708834 0.493161 0.713781 0.482523 0.719788 0.488602 0.728622 0.516717 0.729682 0.556231 0.731802 0.589666 0.740989 0.613982 0.749470 0.629179 0.755124 0.644377 0.756537 0.662614 0.751943 0.683131 0.737809 0.686930 0.724382 0.677052 0.716961 0.669453 0.705300 0.654255 0.695406 0.619301 0.690459 0.599544 0.683746 0.579027 0.678445 0.565350
0 0.541696 0.487082 0.543110 0.520517 0.543463 0.558511 0.554770 0.570669 0.564311 0.558511 0.561484 0.470365 0.559717 0.398176 0.557951 0.348024 0.554417 0.321429 0.543816 0.324468 0.541696 0.357903
0 0.563958 0.494681 0.564664 0.527356 0.564664 0.543313 0.570671 0.564590 0.580212 0.560790 0.580919 0.530395 0.580919 0.481003 0.579505 0.398176 0.581625 0.365502 0.582686 0.346505 0.583392 0.320669 0.576325 0.311550 0.565371 0.319149 0.560424 0.350304
0 0.579859 0.494681 0.580565 0.539514 0.582686 0.553191 0.591519 0.563070 0.600000 0.548632 0.596820 0.468085 0.595406 0.410334 0.599293 0.370821 0.598587 0.348784 0.593286 0.337386 0.582686 0.354863 0.579505 0.378419
