0 0.466573 0.357903 0.466573 0.435410 0.468684 0.541033 0.472555 0.553951 0.495074 0.551672 0.498944 0.528875 0.498944 0.477964 0.496833 0.431611 0.496129 0.393617 0.496129 0.348784 0.479240 0.347264
0 0.446165 0.353343 0.446165 0.372340 0.446165 0.397416 0.445109 0.443769 0.440183 0.488602 0.439127 0.534954 0.444053 0.560030 0.458832 0.560030 0.463758 0.537234 0.466573 0.452888 0.472555 0.382979 0.467628 0.344985
0 0.427516 0.348784 0.424701 0.366261 0.424701 0.401976 0.421534 0.423252 0.419775 0.450608 0.416960 0.477964 0.413793 0.494681 0.412738 0.519757 0.412738 0.545593 0.425757 0.556231 0.439127 0.547872 0.443350 0.518237 0.444053 0.473404 0.450035 0.416413 0.452146 0.378419 0.447924 0.344985
0 0.401126 0.344985 0.401126 0.378419 0.402182 0.414894 0.402182 0.443769 0.397255 0.481763 0.393385 0.503040 0.392329 0.547872 0.404996 0.556231 0.412034 0.538754 0.412738 0.486322 0.417664 0.414894 0.425757 0.376900 0.427516 0.342705
0 0.375792 0.338906 0.375792 0.372340 0.371921 0.420973 0.370866 0.458967 0.370866 0.499240 0.373681 0.541033 0.387403 0.543313 0.394441 0.518237 0.402182 0.465046 0.408163 0.401976 0.408163 0.353343 0.390570 0.328267
0 0.312104 0.328267 0.312104 0.347264 0.312104 0.382979 0.313160 0.439970 0.314215 0.480243 0.313160 0.500760 0.326882 0.509878 0.337790 0.507599 0.344476 0.494681 0.347291 0.467325 0.349402 0.433891 0.348346 0.405775 0.345531 0.372340 0.345531 0.325988 0.327938 0.313070
0 0.281844 0.319909 0.280084 0.355623 0.275158 0.382979 0.271992 0.405775 0.269177 0.429331 0.266362 0.458967 0.276918 0.480243 0.286770 0.486322 0.308234 0.486322 0.306474 0.378419 0.307178 0.302432 0.289585 0.290274
0 0.500704 0.338906 0.498944 0.363982 0.498944 0.418693 0.498944 0.461246 0.497889 0.500760 0.500000 0.522036 0.500704 0.547872 0.513723 0.553951 0.527094 0.553951 0.531316 0.528875 0.531316 0.486322 0.525334 0.412614 0.524279 0.359422
0 0.523223 0.340426 0.523223 0.376900 0.523223 0.404255 0.525334 0.469605 0.527094 0.494681 0.531316 0.528875 0.540816 0.545593 0.553483 0.547872 0.562280 0.519757 0.555595 0.481763 0.552780 0.420973 0.552780 0.355623 0.546798 0.321429
0 0.553483 0.340426 0.553483 0.374620 0.553483 0.429331 0.554539 0.475684 0.556650 0.515957 0.566502 0.547872 0.575299 0.549392 0.579873 0.522036 0.581985 0.450608 0.581985 0.393617 0.579170 0.342705 0.573188 0.310790 0.556650 0.310790
0 0.579170 0.296353 0.579170 0.357903 0.579873 0.397416 0.579873 0.454407 0.581985 0.515957 0.587966 0.530395 0.602393 0.541033 0.599578 0.477964 0.597467 0.423252 0.598522 0.372340 0.598522 0.323708 0.593596 0.287994
0 0.599578 0.313070 0.597467 0.395897 0.599578 0.477964 0.606263 0.530395 0.627023 0.515957 0.627023 0.484043 0.622097 0.404255 0.618227 0.323708 0.618227 0.279635 0.600633 0.277356
0 0.654469 0.298632 0.653413 0.344985 0.650246 0.399696 0.649543 0.431611 0.648487 0.454407 0.655172 0.499240 0.674877 0.507599 0.689655 0.494681 0.690359 0.471884 0.686488 0.446049 0.685433 0.414894 0.684729 0.376900 0.683673 0.325988 0.681562 0.283435 0.666080 0.281915
0 0.685433 0.306991 0.688600 0.367781 0.691414 0.382979 0.691414 0.401976 0.690359 0.442249 0.688600 0.492401 0.707248 0.499240 0.732583 0.473404 0.722730 0.420973 0.716045 0.367781 0.705137 0.279635 0.689655 0.272796
0 0.510556 0.746201 0.514426 0.720365 0.511612 0.674012 0.508797 0.629939 0.502815 0.585866 0.507741 0.570669 0.516538 0.575228 0.524279 0.589666 0.525334 0.614742 0.526390 0.648936 0.524279 0.756839
0 0.542928 0.570669 0.522519 0.576748 0.525334 0.621581 0.528149 0.670213 0.533075 0.712006 0.541872 0.752280 0.546798 0.737842 0.545742 0.652736
0 0.562280 0.557751 0.547854 0.575228 0.547854 0.614742 0.554539 0.680851 0.557706 0.714286 0.559465 0.756839 0.569317 0.766717 0.572132 0.735562 0.572132 0.703647 0.574243 0.646657 0.575299 0.608663
0 0.583040 0.568389 0.575299 0.576748 0.573188 0.594225 0.575299 0.627660 0.577058 0.655015 0.579170 0.709726 0.581985 0.752280 0.588670 0.760638 0.593596 0.739362 0.594652 0.678571 0.595707 0.646657 0.595707 0.613222 0.595707 0.587386
0 0.601689 0.551672 0.593596 0.562310 0.589726 0.598024 0.597467 0.638298 0.602393 0.663374 0.609430 0.709726 0.617171 0.756839 0.629838 0.750000 0.625968 0.720365 0.623153 0.693009 0.618227 0.642857 0.615060 0.600304
0 0.619986 0.534954 0.607319 0.547872 0.609430 0.589666 0.619986 0.623860 0.629838 0.682371 0.636875 0.714286 0.652357 0.728723 0.674877 0.712006 0.677692 0.667933 0.666080 0.625380 0.657284 0.587386 0.651302 0.545593 0.649543 0.526596 0.631949 0.526596
0 0.660099 0.518237 0.651302 0.524316 0.656228 0.564590 0.667136 0.600304 0.676636 0.629939 0.685433 0.655015 0.696341 0.695289 0.705137 0.709726 0.718860 0.699848 0.717804 0.657295 0.709008 0.591945 0.706193 0.566869 0.697396 0.519757 0.693526 0.505319 0.678747 0.519757
0 0.498944 0.728723 0.501759 0.651216 0.504926 0.576748 0.497889 0.570669 0.485222 0.579027 0.484166 0.606383 0.484166 0.632219 0.488037 0.739362
0 0.487333 0.575228 0.464814 0.568389 0.463758 0.623860 0.463758 0.640578 0.461647 0.693009 0.461647 0.724924 0.466573 0.784195 0.479240 0.714286 0.488037 0.613222
0 0.445109 0.564590 0.439127 0.623860 0.436312 0.659574 0.434553 0.697568 0.433498 0.739362 0.433498 0.787994 0.447220 0.758359 0.452850 0.722644 0.458832 0.655015 0.462702 0.595745 0.460943 0.564590
0 0.425757 0.572948 0.415904 0.614742 0.412034 0.665653 0.412034 0.690729 0.412034 0.765198 0.423645 0.766717 0.429627 0.731003 0.434553 0.686930 0.439127 0.644377 0.447220 0.598024 0.450035 0.570669
0 0.403941 0.566869 0.399367 0.581307 0.395144 0.636018 0.387403 0.695289 0.384588 0.728723 0.397255 0.741641 0.401126 0.701368 0.412034 0.638298 0.419775 0.595745 0.423645 0.568389
0 0.364180 0.537234 0.356087 0.545593 0.348346 0.562310 0.345531 0.587386 0.342365 0.608663 0.331809 0.642857 0.325827 0.663374 0.330753 0.680851 0.343420 0.705927 0.363125 0.709726 0.378607 0.699848 0.387403 0.667933 0.399367 0.606383 0.407108 0.564590 0.381773 0.549392
0 0.321956 0.524316 0.315975 0.545593 0.307178 0.572948 0.300493 0.610942 0.296622 0.642857 0.299437 0.682371 0.314215 0.690729 0.328994 0.670213 0.339550 0.642857 0.348346 0.613222 0.359958 0.568389 0.362069 0.551672 0.353272 0.530395 0.342365 0.528875
0 0.276918 0.486322 0.268121 0.507599 0.257565 0.547872 0.253695 0.576748 0.252639 0.604863 0.263195 0.651216 0.292752 0.640578 0.302604 0.621581 0.315271 0.570669 0.318086 0.547872 0.309289 0.518237 0.301548 0.500760 0.287825 0.499240
