0 0.505572 0.252280 0.510401 0.524316 0.496657 0.530395 0.482541 0.526596 0.476597 0.497720 0.477712 0.465046 0.475111 0.246201
0 0.464339 0.227204 0.476597 0.308511 0.479198 0.468085 0.476597 0.520517 0.468796 0.524316 0.462110 0.518997 0.457652 0.504559 0.457281 0.488602 0.454681 0.466565 0.451337 0.231763
0 0.439079 0.246960 0.453195 0.366261 0.454309 0.466565 0.456166 0.477964 0.457652 0.491641 0.457652 0.503040 0.455423 0.518237 0.451709 0.526596 0.444279 0.531155 0.437593 0.527356 0.430163 0.513678 0.426077 0.493921 0.426449 0.476444 0.429792 0.453647 0.429421 0.380699 0.427935 0.306991 0.427935 0.248480
0 0.426449 0.288754 0.428678 0.380699 0.429792 0.454407 0.434621 0.480243 0.435364 0.498480 0.434621 0.510638 0.430535 0.522796 0.422734 0.532675 0.417162 0.540274 0.409361 0.543313 0.405275 0.540274 0.399703 0.529635 0.398217 0.500760 0.420505 0.287234
0 0.411218 0.297872 0.410475 0.321429 0.410847 0.340426 0.411590 0.356383 0.411590 0.370061 0.410847 0.382219 0.409733 0.395897 0.405646 0.458967 0.401932 0.509878 0.396360 0.534195 0.387444 0.547872 0.375557 0.553191 0.369242 0.547112 0.365899 0.537234 0.363299 0.525076 0.364785 0.511398 0.367756 0.484043 0.401932 0.265198 0.413076 0.265957
0 0.357355 0.332067 0.365527 0.500000 0.367013 0.553191 0.352526 0.563830 0.337296 0.559271 0.326523 0.550912 0.316122 0.532675 0.316865 0.506079 0.321694 0.459726 0.332838 0.379179 0.333952 0.331307
0 0.317236 0.310030 0.329123 0.354103 0.331352 0.375380 0.331352 0.398176 0.326895 0.432371 0.321694 0.476444 0.316865 0.502280 0.312779 0.537994 0.300520 0.538754 0.287519 0.527356 0.274517 0.511398 0.267088 0.481003 0.270431 0.449088 0.278975 0.418693 0.283061 0.373860 0.286033 0.310790
0 0.528232 0.252280 0.511144 0.335866 0.507429 0.436930 0.508172 0.528875 0.527860 0.534954 0.537147 0.531155 0.539376 0.511398 0.542719 0.479483 0.542348 0.439210 0.549777 0.248480
0 0.551634 0.247720 0.541233 0.474924 0.541233 0.527356 0.557207 0.527356 0.569837 0.505319 0.569465 0.467325 0.570951 0.245441
0 0.582095 0.251520 0.571694 0.327508 0.569094 0.458207 0.570579 0.507599 0.585067 0.528875 0.599183 0.509878 0.602897 0.479483 0.601040 0.427812 0.599183 0.310790 0.603269 0.248480 0.605126 0.228723 0.585067 0.224924
0 0.616270 0.237842 0.602526 0.303951 0.599183 0.377660 0.599926 0.446049 0.597325 0.471125 0.597697 0.490881 0.603269 0.510638 0.611441 0.518997 0.621100 0.519757 0.626672 0.512918 0.630015 0.500000 0.631501 0.483283 0.630015 0.462006 0.628529 0.423252 0.632615 0.239362
0 0.645245 0.256839 0.629643 0.327508 0.627415 0.436170 0.625929 0.460486 0.626300 0.480243 0.629643 0.497720 0.635587 0.512918 0.645988 0.514438 0.652303 0.509878 0.658618 0.499240 0.660104 0.477204 0.659361 0.456687 0.664190 0.259878
0 0.677563 0.268997 0.663819 0.338906 0.660104 0.433131 0.657504 0.451368 0.657504 0.472644 0.660847 0.499240 0.667533 0.511398 0.680163 0.512918 0.690936 0.511398 0.701709 0.503040 0.707281 0.489362 0.706538 0.469605 0.704309 0.424012 0.709881 0.269757
0 0.712853 0.268997 0.705423 0.435410 0.706538 0.459726 0.710996 0.493921 0.726969 0.504559 0.742571 0.495441 0.749629 0.474164 0.750000 0.450608 0.744799 0.425532 0.740713 0.394377 0.740713 0.369301 0.737370 0.266717
0 0.738113 0.246960 0.741085 0.397416 0.745171 0.418693 0.750000 0.431611 0.758544 0.436170 0.768202 0.432371 0.777117 0.414134 0.778603 0.395897 0.777117 0.368541 0.761887 0.222644 0.735884 0.229483
0 0.494056 0.554711 0.514487 0.781915 0.537147 0.768997 0.518202 0.546353
0 0.520059 0.545593 0.533432 0.782675 0.556092 0.775836 0.544205 0.601064 0.547920 0.548632
0 0.552006 0.542553 0.544205 0.604863 0.568722 0.847264 0.595840 0.822948 0.570208 0.532675
0 0.578752 0.541793 0.573551 0.565350 0.575037 0.594225 0.606241 0.838146 0.638930 0.807751 0.605869 0.588906 0.603640 0.565350 0.600669 0.541033 0.586553 0.538754
0 0.615899 0.544073 0.607727 0.556231 0.606241 0.565350 0.606612 0.585106 0.608841 0.605623 0.644502 0.838146 0.668648 0.809271 0.640045 0.586626 0.635958 0.562310 0.634101 0.547112 0.622585 0.544833
0 0.653046 0.544073 0.640788 0.547112 0.637444 0.560030 0.638187 0.575988 0.640416 0.592705 0.643388 0.616261 0.672363 0.813830 0.728455 0.759119 0.690936 0.575988 0.690193 0.553191 0.687964 0.541793 0.681649 0.535714 0.661590 0.538754
0 0.708767 0.525076 0.696880 0.528116 0.688707 0.540274 0.688336 0.553951 0.691679 0.574468 0.696137 0.599544 0.740342 0.753799 0.777489 0.703647 0.755944 0.625380 0.740342 0.566109 0.738484 0.537994 0.723997 0.518237
0 0.767831 0.530395 0.757058 0.541033 0.751114 0.550912 0.747771 0.571429 0.750000 0.611702 0.759287 0.635258 0.771174 0.658055 0.781204 0.689210 0.796434 0.708207 0.813893 0.708207 0.832467 0.689970 0.836181 0.669453 0.835067 0.645897 0.833581 0.623100 0.829495 0.600304 0.817979 0.585106 0.810178 0.569909 0.799406 0.542553 0.788262 0.524316
0 0.493685 0.550152 0.520059 0.822188 0.495542 0.816869 0.473626 0.550152
0 0.449851 0.562310 0.458767 0.547872 0.469168 0.546353 0.473626 0.553951 0.475483 0.564590 0.497400 0.817629 0.478083 0.825228 0.456909 0.610942
0 0.424591 0.567629 0.432764 0.551672 0.441679 0.545593 0.447623 0.550912 0.451337 0.569149 0.479941 0.852584 0.447994 0.857903 0.424591 0.623100
0 0.390045 0.584347 0.398217 0.567629 0.411590 0.559271 0.420134 0.575228 0.423477 0.596505 0.430906 0.810790 0.432021 0.838906 0.401560 0.838906
0 0.365527 0.576748 0.359584 0.585106 0.355498 0.599544 0.355869 0.617021 0.356612 0.635258 0.369614 0.854863 0.395245 0.848784 0.389673 0.579787 0.369985 0.572188
0 0.312779 0.563830 0.305721 0.594225 0.298291 0.616261 0.287890 0.637538 0.245914 0.753040 0.290862 0.804711 0.352526 0.638298 0.357355 0.605623 0.355126 0.588906 0.348811 0.581307 0.336553 0.577508
0 0.286404 0.544833 0.269316 0.522036 0.251114 0.543313 0.238113 0.579027 0.212853 0.609422 0.190565 0.646657 0.225854 0.747720 0.270059 0.682371 0.297920 0.616261 0.307949 0.585106 0.310178 0.563070 0.301634 0.550152
