0 0.474945 0.523556 0.485262 0.525836 0.500368 0.525836 0.506264 0.525836 0.504422 0.451368 0.495947 0.250760 0.475682 0.250760 0.474945 0.406535 0.474576 0.472644
0 0.448416 0.463526 0.450995 0.514438 0.454679 0.519757 0.467944 0.518237 0.475682 0.509119 0.475682 0.427812 0.467944 0.266717 0.450258 0.272036 0.450258 0.426292
0 0.424097 0.444529 0.418570 0.476444 0.418570 0.502280 0.426676 0.516717 0.438836 0.525076 0.443257 0.528875 0.449521 0.505319 0.452837 0.468085 0.450995 0.439970 0.429993 0.262918 0.406411 0.281155
0 0.398305 0.467325 0.398305 0.506079 0.399410 0.525836 0.407148 0.529635 0.415254 0.525076 0.424097 0.525076 0.433309 0.520517 0.433677 0.463526 0.429256 0.418693 0.405306 0.256079 0.387251 0.270517 0.394989 0.446049
0 0.378408 0.545593 0.370302 0.525076 0.373618 0.478723 0.374724 0.443769 0.366986 0.294073 0.394252 0.286474 0.393884 0.427812 0.401253 0.477964 0.406411 0.511398 0.407148 0.537994 0.390567 0.541793 0.385041 0.541793
0 0.357038 0.550912 0.350037 0.545593 0.345984 0.539514 0.338983 0.531155 0.337141 0.496201 0.337141 0.469605 0.332719 0.310030 0.362196 0.299392 0.375461 0.451368 0.377303 0.487082 0.379145 0.519757 0.368828 0.545593 0.365144 0.554711
0 0.318349 0.539514 0.304348 0.537994 0.296610 0.503799 0.296610 0.487842 0.299926 0.449848 0.302137 0.291793 0.323139 0.294073 0.334562 0.451368 0.336772 0.500000 0.332719 0.545593 0.316139 0.553951
0 0.502948 0.531155 0.521371 0.534195 0.531688 0.534195 0.534267 0.498480 0.530951 0.427812 0.529108 0.254559 0.509580 0.259878 0.507001 0.435410
0 0.533530 0.529635 0.540531 0.529635 0.553795 0.528875 0.556374 0.505319 0.559690 0.406535 0.554532 0.294073 0.539425 0.300912 0.538688 0.439970 0.536846 0.478723
0 0.553795 0.512918 0.562638 0.531155 0.578482 0.534954 0.583272 0.525836 0.584377 0.498480 0.582535 0.429331 0.591378 0.279635 0.569639 0.279635 0.561533 0.420973 0.557111 0.471125
0 0.567797 0.498480 0.567797 0.523556 0.571113 0.541793 0.586220 0.529635 0.591378 0.541793 0.602800 0.552432 0.610906 0.503799 0.610906 0.487082 0.614959 0.268237 0.587693 0.282675
0 0.610906 0.552432 0.599484 0.549392 0.597642 0.512918 0.602800 0.471125 0.620118 0.297872 0.642225 0.306991 0.644068 0.349544 0.634488 0.511398 0.633382 0.544073 0.623066 0.561550
0 0.668755 0.547112 0.658806 0.522036 0.654385 0.473404 0.663596 0.431611 0.687915 0.311550 0.701916 0.344985 0.701179 0.400456 0.695652 0.465805 0.698600 0.494681 0.698600 0.523556 0.687915 0.547112
0 0.500000 0.545593 0.521371 0.544073 0.519528 0.612462 0.519528 0.765957 0.503685 0.767477
0 0.516949 0.549392 0.541268 0.544073 0.543847 0.552432 0.541636 0.574468 0.531688 0.772036 0.522108 0.773556
0 0.534635 0.753799 0.534635 0.679331 0.536846 0.604863 0.539794 0.561550 0.548637 0.550912 0.557848 0.549392 0.565954 0.581307 0.567060 0.621581 0.568534 0.662614 0.551953 0.809271 0.536846 0.800912
0 0.564849 0.632219 0.560059 0.601064 0.561533 0.577508 0.573692 0.567629 0.586220 0.565350 0.599116 0.612462 0.591378 0.655775 0.589536 0.731763 0.592115 0.785714 0.576640 0.793313 0.564112 0.713526 0.567060 0.661094
0 0.596905 0.661094 0.592483 0.625380 0.589904 0.595745 0.589904 0.583587 0.600221 0.574468 0.618644 0.575988 0.630066 0.591945 0.626750 0.632219 0.641489 0.820669 0.613117 0.829027
0 0.631909 0.655775 0.623066 0.616261 0.622329 0.581307 0.622329 0.565350 0.649226 0.561550 0.662491 0.565350 0.671334 0.569149 0.672071 0.599544 0.671334 0.646657 0.691599 0.810030 0.660648 0.813070 0.632646 0.668693
0 0.679808 0.642857 0.673176 0.612462 0.670228 0.578267 0.668386 0.561550 0.685335 0.550912 0.702653 0.554711 0.710022 0.545593 0.717023 0.569149 0.721076 0.603343 0.722918 0.636018 0.746868 0.764438 0.710759 0.777356
0 0.476419 0.544073 0.504422 0.547112 0.488578 0.753799 0.473839 0.746201
0 0.452837 0.537994 0.482682 0.545593 0.474945 0.612462 0.472734 0.769757 0.452100 0.765957
0 0.422992 0.648176 0.419676 0.579787 0.422255 0.543313 0.428887 0.534195 0.440310 0.534195 0.448416 0.553951 0.449153 0.595745 0.448416 0.620061 0.454679 0.797112 0.435888 0.787994
0 0.420413 0.775076 0.424834 0.661094 0.425571 0.604863 0.426308 0.577508 0.419307 0.557751 0.408990 0.549392 0.392041 0.561550 0.388725 0.578267 0.390567 0.619301 0.408990 0.791033 0.419307 0.787994
0 0.387988 0.803951 0.390567 0.740881 0.391304 0.659574 0.391304 0.639818 0.394989 0.575988 0.387988 0.556231 0.377303 0.549392 0.365144 0.567629 0.359617 0.585106 0.360722 0.624620 0.367723 0.663374 0.373618 0.791033
0 0.281503 0.753799 0.291452 0.726444 0.306190 0.691489 0.317612 0.623100 0.323876 0.604863 0.327561 0.557751 0.328298 0.545593 0.308769 0.544073 0.295873 0.541793 0.285925 0.541793 0.276713 0.570669 0.273766 0.648936 0.256080 0.727964 0.278187 0.768237
