0 0.466385 0.500760 0.466385 0.544833 0.468849 0.570669 0.482929 0.573708 0.495248 0.555471 0.497008 0.494681 0.495248 0.411094 0.495248 0.358663 0.497008 0.322188 0.489968 0.286474 0.476945 0.282675 0.469905 0.335106
0 0.447026 0.511398 0.448082 0.553951 0.451954 0.583587 0.465329 0.591185 0.478705 0.576748 0.478705 0.515957 0.474833 0.420973 0.474481 0.362462 0.472017 0.331307 0.470609 0.295593 0.468497 0.280395 0.455473 0.286474
0 0.418515 0.511398 0.420275 0.544073 0.428018 0.579027 0.437874 0.576748 0.446674 0.557751 0.455121 0.518997 0.453713 0.442249 0.453010 0.402736 0.454417 0.349544 0.453361 0.312310 0.444914 0.284195 0.434354 0.289514 0.428370 0.329787 0.424498 0.382219
0 0.394931 0.512918 0.391763 0.552432 0.398099 0.573708 0.409715 0.575988 0.412883 0.570669 0.431538 0.579027 0.436466 0.522036 0.434706 0.430851 0.426962 0.319149 0.424850 0.289514 0.413587 0.289514 0.406195 0.312310 0.403027 0.365502
0 0.376276 0.506839 0.374164 0.545593 0.382964 0.566109 0.392467 0.560030 0.408307 0.570669 0.411827 0.550152 0.413587 0.503799 0.409363 0.427812 0.403379 0.375380 0.397395 0.344225 0.392819 0.332067 0.380852 0.340426 0.378388 0.370821 0.379092 0.432371
0 0.341429 0.487082 0.338965 0.522796 0.337557 0.545593 0.344245 0.555471 0.367124 0.560030 0.383316 0.550152 0.385076 0.512918 0.378388 0.428571 0.377684 0.371581 0.377332 0.344225 0.372404 0.308511 0.359732 0.315350 0.349525 0.333587 0.337557 0.358663 0.335445 0.404255
0 0.302358 0.474164 0.297782 0.496201 0.300246 0.527356 0.315734 0.543313 0.321014 0.543313 0.335797 0.540274 0.340725 0.501520 0.341077 0.416413 0.341077 0.348784 0.341429 0.319149 0.334741 0.303951 0.322070 0.313830 0.312566 0.345745 0.310454 0.407295
0 0.496656 0.493921 0.498064 0.534195 0.501584 0.559271 0.510736 0.574468 0.523055 0.562310 0.526575 0.508359 0.521295 0.408055 0.520239 0.362462 0.520591 0.322948 0.513200 0.297872 0.508624 0.295593 0.499824 0.317629 0.496304 0.416413
0 0.519183 0.514438 0.518127 0.541793 0.520239 0.569909 0.537135 0.575988 0.547342 0.552432 0.549102 0.509119 0.537487 0.406535 0.538543 0.342705 0.537487 0.307751 0.528687 0.295593 0.521647 0.336626 0.516719 0.385258 0.516719 0.425532
0 0.538543 0.505319 0.535375 0.528875 0.541711 0.556231 0.550862 0.570669 0.562126 0.572948 0.570222 0.547872 0.570574 0.510638 0.565998 0.478723 0.564942 0.439210 0.563534 0.429331 0.563534 0.373100 0.563534 0.324468 0.557198 0.287234 0.547694 0.291793 0.540303 0.322948 0.538191 0.362462
0 0.551918 0.510638 0.549806 0.541033 0.558606 0.569149 0.566702 0.568389 0.575854 0.575988 0.587821 0.572948 0.598381 0.554711 0.593805 0.518997 0.590285 0.467325 0.588525 0.404255 0.583949 0.357143 0.580781 0.323708 0.577614 0.301672 0.574094 0.282675 0.563534 0.284195 0.555790 0.304711 0.551566 0.363222
0 0.583597 0.512918 0.583597 0.547112 0.592397 0.570669 0.607885 0.563070 0.615980 0.560030 0.624076 0.547872 0.628652 0.519757 0.622316 0.484043 0.618796 0.435410 0.613516 0.395137 0.610348 0.360182 0.606829 0.323708 0.602253 0.313830 0.590285 0.317629 0.582893 0.363982 0.580429 0.427812
0 0.619148 0.494681 0.616332 0.515198 0.620204 0.550912 0.625836 0.561550 0.651179 0.563070 0.665963 0.547872 0.669483 0.527356 0.668779 0.490881 0.662091 0.465046 0.661035 0.418693 0.657867 0.376900 0.655755 0.341945 0.655755 0.319149 0.653995 0.294833 0.645899 0.284195 0.632524 0.297112 0.623724 0.327508 0.618092 0.395897
0 0.664555 0.489362 0.663147 0.510638 0.669483 0.541793 0.676522 0.548632 0.701162 0.534195 0.708201 0.510638 0.702922 0.433131 0.697642 0.379939 0.694122 0.326748 0.690954 0.297872 0.687434 0.273556 0.688490 0.243921 0.688490 0.231763 0.671243 0.246201 0.668075 0.375380
0 0.703977 0.601064 0.701162 0.619301 0.709257 0.646657 0.718409 0.670213 0.743752 0.718085 0.754664 0.731763 0.771911 0.716565 0.768743 0.669453 0.752904 0.616261 0.741640 0.554711 0.734600 0.545593 0.721225 0.566109 0.704329 0.591185
0 0.662795 0.565350 0.655755 0.576748 0.649419 0.594985 0.656107 0.623100 0.670539 0.648176 0.692362 0.732523 0.701162 0.764438 0.718409 0.776596 0.727561 0.753040 0.721929 0.700608 0.707497 0.640578 0.704329 0.616261 0.706441 0.573708 0.699754 0.556231 0.690954 0.545593 0.680042 0.555471 0.672650 0.563070
0 0.615276 0.581307 0.607181 0.588906 0.605773 0.604863 0.605773 0.623100 0.618796 0.666413 0.626188 0.728723 0.640620 0.775836 0.654699 0.801672 0.674058 0.804711 0.679690 0.772036 0.671243 0.721125 0.662795 0.667173 0.661035 0.629939 0.661387 0.597264 0.661387 0.582827 0.652939 0.573708 0.643083 0.572948 0.624780 0.572948 0.621964 0.579027
0 0.589229 0.598024 0.583949 0.599544 0.576910 0.613982 0.578669 0.640578 0.590637 0.693769 0.600493 0.759878 0.617740 0.808511 0.623724 0.816109 0.632876 0.816109 0.636396 0.791033 0.621964 0.706687 0.620204 0.660334 0.619148 0.617781 0.612108 0.590426 0.604013 0.580547
0 0.565646 0.593465 0.553326 0.616261 0.554382 0.644377 0.565294 0.709726 0.574446 0.787234 0.583949 0.818389 0.593453 0.829027 0.597677 0.805471 0.590285 0.731003 0.587117 0.674772 0.588525 0.626140 0.582189 0.598024 0.572334 0.584347
0 0.541711 0.597264 0.535375 0.612462 0.533263 0.635258 0.537487 0.686170 0.546639 0.775076 0.551918 0.813070 0.559310 0.848784 0.571982 0.857903 0.575150 0.822948 0.569518 0.727964 0.564942 0.670973 0.564942 0.631459 0.554382 0.604863 0.546990 0.594985
0 0.521999 0.598784 0.518127 0.651976 0.519183 0.769757 0.521295 0.809271 0.525519 0.857903 0.536431 0.872340 0.545935 0.843465 0.540655 0.702128 0.539951 0.651976 0.541007 0.617781 0.535375 0.603343
0 0.499824 0.599544 0.498768 0.657295 0.498768 0.761398 0.502288 0.819909 0.508624 0.867021 0.524815 0.876140 0.523055 0.816869 0.518831 0.711246 0.518831 0.646657 0.518831 0.617781 0.518127 0.601064 0.511440 0.594225 0.504752 0.594225
0 0.483281 0.598784 0.478705 0.601824 0.479409 0.638298 0.485040 0.722644 0.483281 0.811550 0.483633 0.844225 0.488208 0.877660 0.500176 0.870061 0.501584 0.778116 0.500176 0.674012 0.501232 0.616261 0.496304 0.595745
0 0.459697 0.620821 0.453361 0.635258 0.454769 0.693009 0.451602 0.772796 0.455473 0.849544 0.461457 0.872340 0.471313 0.883739 0.480465 0.829027 0.482929 0.706687 0.481873 0.644377 0.479409 0.613982 0.473073 0.605623
0 0.443506 0.598784 0.431538 0.620821 0.430130 0.658815 0.429426 0.703647 0.424850 0.767477 0.424498 0.833587 0.436114 0.883739 0.446674 0.873860 0.451250 0.778116 0.456529 0.682371 0.462865 0.650456 0.463569 0.629939 0.463217 0.612462 0.456529 0.599544
0 0.419923 0.588146 0.409715 0.608663 0.406547 0.634498 0.406899 0.696049 0.404083 0.809271 0.409011 0.848784 0.419571 0.854863 0.429778 0.796353 0.433298 0.688450 0.440338 0.652736 0.441042 0.626900 0.436818 0.607903 0.430834 0.611702 0.428370 0.594225
0 0.358325 0.569149 0.348117 0.579787 0.344597 0.605623 0.339669 0.658815 0.325942 0.722644 0.321014 0.761398 0.333685 0.810790 0.351285 0.797872 0.366068 0.738602 0.379444 0.674772 0.395987 0.641337 0.399859 0.601824 0.394931 0.584347 0.373812 0.579027 0.364660 0.579027
0 0.321366 0.545593 0.310806 0.543313 0.304118 0.553951 0.298486 0.588146 0.299190 0.633739 0.290039 0.689210 0.284407 0.712006 0.285463 0.762158 0.301302 0.761398 0.321366 0.720365 0.337909 0.649696 0.351989 0.611702 0.350581 0.574468 0.343893 0.554711 0.327350 0.550912
