0 0.461538 0.575820 0.487348 0.567623 0.483300 0.494877 0.470648 0.365779 0.457490 0.370902 0.459008 0.511270 0.458502 0.559426
0 0.437247 0.561475 0.458502 0.569672 0.461538 0.494877 0.455466 0.368852 0.444332 0.372951
0 0.432186 0.570697 0.439271 0.522541 0.445344 0.501025 0.427632 0.353484 0.410425 0.356557 0.413968 0.544057
0 0.394737 0.533811 0.410931 0.559426 0.422571 0.535861 0.434211 0.542008 0.435729 0.489754 0.425101 0.355533 0.400304 0.357582 0.397267 0.488730
0 0.371964 0.526639 0.387652 0.556352 0.399291 0.536885 0.416498 0.531762 0.411437 0.465164 0.407895 0.351434 0.390182 0.352459 0.377530 0.480533 0.373988 0.493852
0 0.334514 0.513320 0.339575 0.548156 0.347672 0.551230 0.352733 0.548156 0.364879 0.557377 0.388664 0.532787 0.392713 0.492828 0.390182 0.464139 0.401316 0.350410 0.377024 0.347336 0.355263 0.437500 0.341093 0.479508
0 0.300101 0.451844 0.321862 0.417008 0.346154 0.330943 0.366397 0.346311 0.350709 0.431352 0.345142 0.492828 0.335526 0.527664 0.317814 0.531762 0.296053 0.493852
0 0.286437 0.379098 0.286943 0.420082 0.304656 0.439549 0.328947 0.417008 0.342105 0.370902 0.335526 0.295082 0.317308 0.281762 0.293522 0.344262
0 0.483806 0.565574 0.511134 0.558402 0.508603 0.501025 0.502024 0.353484 0.486842 0.356557 0.480263 0.534836
0 0.510121 0.556352 0.529858 0.545082 0.526822 0.489754 0.524291 0.482582 0.518219 0.330943 0.504555 0.338115 0.507085 0.501025
0 0.524291 0.484631 0.533401 0.536885 0.544534 0.534836 0.550607 0.511270 0.545547 0.329918 0.532389 0.324795
0 0.530870 0.482582 0.532389 0.520492 0.543522 0.524590 0.553644 0.539959 0.564777 0.517418 0.564271 0.476434 0.557186 0.350410 0.542510 0.356557 0.536943 0.451844
0 0.554150 0.512295 0.572368 0.537910 0.587045 0.522541 0.576417 0.359631 0.563259 0.359631 0.558704 0.454918 0.553644 0.486680
0 0.578441 0.490779 0.582996 0.528689 0.623988 0.528689 0.626012 0.477459 0.601215 0.343238 0.587045 0.347336 0.583502 0.455943
0 0.619939 0.485656 0.629049 0.524590 0.651316 0.512295 0.668016 0.465164 0.619433 0.334016 0.604757 0.346311
0 0.635628 0.387295 0.637652 0.422131 0.648785 0.441598 0.676113 0.434426 0.680668 0.402664 0.663462 0.294057 0.645243 0.297131
0 0.486336 0.594262 0.506073 0.595287 0.511134 0.649590 0.513664 0.742828 0.501518 0.743852 0.489372 0.661885
0 0.503036 0.594262 0.523785 0.576844 0.529352 0.632172 0.529858 0.742828 0.520243 0.745902 0.509615 0.650615
0 0.522773 0.612705 0.528340 0.565574 0.545040 0.560451 0.550101 0.619877 0.554656 0.744877 0.542510 0.751025 0.527328 0.643443
0 0.540992 0.596311 0.551619 0.567623 0.565283 0.569672 0.572368 0.591189 0.573887 0.746926 0.562753 0.748975 0.549595 0.665984 0.548583 0.635246
0 0.561235 0.578893 0.580972 0.564549 0.598684 0.572746 0.598684 0.626025 0.608300 0.746926 0.592105 0.745902 0.571862 0.630123 0.562753 0.612705
0 0.584514 0.566598 0.602733 0.563525 0.622976 0.543033 0.639170 0.561475 0.640182 0.604508 0.671559 0.709016 0.627530 0.737705 0.605769 0.676230 0.600202 0.630123 0.590081 0.609631
0 0.626012 0.559426 0.642206 0.528689 0.653340 0.533811 0.663462 0.517418 0.673583 0.524590 0.681680 0.557377 0.680668 0.594262 0.704960 0.684426 0.670040 0.710041
0 0.679150 0.614754 0.693320 0.546107 0.707490 0.534836 0.726721 0.564549 0.766194 0.622951 0.756579 0.650615 0.704453 0.645492
0 0.469130 0.602459 0.486842 0.596311 0.490385 0.640369 0.493421 0.745902 0.481275 0.748975 0.468117 0.647541
0 0.445344 0.584016 0.470142 0.596311 0.472672 0.662910 0.473684 0.754098 0.459514 0.754098
0 0.432692 0.574795 0.457490 0.608607 0.457996 0.694672 0.452935 0.771516 0.436741 0.766393 0.427632 0.699795 0.424089 0.621926 0.429150 0.576844
0 0.404352 0.586066 0.415992 0.574795 0.431174 0.591189 0.441296 0.621926 0.430162 0.637295 0.418522 0.758197 0.404858 0.751025 0.402328 0.643443 0.399291 0.608607
0 0.379555 0.575820 0.395749 0.569672 0.419534 0.601434 0.401316 0.649590 0.376012 0.767418 0.362854 0.759221 0.373482 0.626025 0.375000 0.585041
0 0.321356 0.537910 0.360324 0.590164 0.342611 0.635246 0.293016 0.730533 0.255061 0.669057 0.296053 0.603484 0.301619 0.555328
0 0.265182 0.526639 0.275810 0.522541 0.301619 0.582992 0.296053 0.611680 0.286943 0.623975 0.235324 0.673156 0.218117 0.620902 0.246457 0.563525
