0 0.437088 0.590426 0.446447 0.602584 0.461698 0.605623 0.467938 0.600304 0.469324 0.533435 0.462738 0.313830 0.445061 0.316869 0.441941 0.490881 0.436395 0.566869
0 0.411785 0.551672 0.411092 0.578267 0.416984 0.586626 0.427730 0.580547 0.435009 0.565350 0.435009 0.526596 0.431889 0.321429 0.421144 0.318389 0.414905 0.462006 0.412478 0.490881 0.410399 0.528116
0 0.387175 0.548632 0.391681 0.578267 0.404853 0.573708 0.410399 0.548632 0.413172 0.526596 0.409359 0.293313 0.392374 0.291793 0.389601 0.463526 0.387868 0.503040
0 0.359445 0.536474 0.361525 0.546353 0.368804 0.561550 0.378510 0.556991 0.388562 0.565350 0.397227 0.528116 0.397920 0.470365 0.391681 0.293313 0.369497 0.296353 0.376430 0.405015 0.372617 0.456687 0.369497 0.487082
0 0.339341 0.524316 0.350087 0.546353 0.360139 0.553191 0.368458 0.548632 0.372270 0.524316 0.372270 0.484043 0.367071 0.297872 0.351820 0.306991 0.345581 0.448328 0.341075 0.478723
0 0.304679 0.499240 0.306412 0.522796 0.315425 0.528116 0.329289 0.528116 0.336915 0.528116 0.345581 0.524316 0.346967 0.495441 0.340728 0.289514 0.305373 0.310030 0.310225 0.442249 0.304679 0.472644
0 0.272444 0.436930 0.267938 0.465046 0.267938 0.493921 0.275563 0.495441 0.280763 0.495441 0.290815 0.510638 0.309532 0.503040 0.311612 0.474164 0.311612 0.379179 0.300173 0.289514 0.272444 0.313830 0.274523 0.386018 0.272444 0.421733
0 0.479376 0.594225 0.496360 0.602584 0.505026 0.597264 0.512652 0.573708 0.510572 0.511398 0.499480 0.328267 0.476603 0.336626 0.477296 0.517477 0.477296 0.565350
0 0.508839 0.558511 0.511265 0.578267 0.525823 0.585106 0.536568 0.582067 0.540381 0.568389 0.541075 0.515957 0.533449 0.330547 0.513345 0.336626
0 0.544194 0.524316 0.542808 0.550152 0.545927 0.578267 0.564298 0.586626 0.575043 0.556991 0.575043 0.526596 0.569844 0.467325 0.555633 0.308511 0.537955 0.306991
0 0.565685 0.524316 0.569497 0.550152 0.579896 0.569909 0.584402 0.565350 0.598267 0.571429 0.602773 0.553191 0.602773 0.528116 0.593761 0.462006 0.583362 0.296353 0.558752 0.296353 0.564991 0.489362
0 0.592028 0.504559 0.597574 0.533435 0.603466 0.556991 0.626690 0.556991 0.634315 0.532675 0.629809 0.430091 0.612825 0.296353 0.598960 0.296353 0.596534 0.427052
0 0.631196 0.477204 0.628423 0.515957 0.640555 0.541033 0.649220 0.533435 0.656846 0.528116 0.668977 0.529635 0.671404 0.507599 0.672097 0.470365 0.663085 0.424772 0.666551 0.316869 0.627383 0.316869 0.633622 0.416413 0.629809 0.453647
0 0.675910 0.500760 0.672097 0.460486 0.665858 0.423252 0.662045 0.310030 0.690815 0.308511 0.699827 0.370821 0.702253 0.420213 0.707452 0.434650 0.715425 0.462006 0.714385 0.484043 0.705373 0.499240 0.696014 0.503040
0 0.663778 0.304711 0.675910 0.343465 0.684575 0.359422 0.700520 0.379179 0.711265 0.386018 0.728250 0.387538 0.731369 0.351824 0.735875 0.328267 0.738302 0.316869 0.718891 0.297872 0.699827 0.281155 0.692201 0.261398 0.669671 0.249240 0.651993 0.267477
0 0.289428 0.243921 0.257886 0.264438 0.246794 0.291793 0.249913 0.325228 0.263778 0.345745 0.274523 0.360942 0.285615 0.358663 0.299480 0.329027 0.314038 0.293313
0 0.483189 0.623860 0.507106 0.622340 0.507452 0.826748 0.493588 0.822948 0.487348 0.818389
0 0.505719 0.615502 0.527903 0.619301 0.530329 0.674772 0.530329 0.843465 0.522010 0.843465
0 0.535182 0.673252 0.530329 0.627660 0.535875 0.607143 0.548007 0.598784 0.558059 0.627660 0.563605 0.667933 0.563605 0.863982 0.544194 0.862462
0 0.566724 0.663374 0.563605 0.632219 0.562565 0.607143 0.568804 0.586626 0.580589 0.582067 0.590295 0.593465 0.593761 0.641337 0.596534 0.822948 0.575043 0.828267
0 0.592721 0.659574 0.589601 0.623860 0.586482 0.607143 0.592028 0.585106 0.602773 0.582067 0.612825 0.582067 0.623570 0.607143 0.622184 0.641337 0.631889 0.828267 0.612825 0.825228
0 0.629809 0.661094 0.615251 0.615502 0.609705 0.586626 0.619757 0.560030 0.631889 0.560030 0.648180 0.561550 0.663778 0.556991 0.673830 0.578267 0.673484 0.641337 0.690815 0.760638 0.659965 0.774316
0 0.680763 0.636018 0.672097 0.610942 0.665858 0.590426 0.659965 0.573708 0.659965 0.553191 0.665165 0.539514 0.676950 0.529635 0.692201 0.524316 0.702946 0.522796 0.714385 0.541793 0.716118 0.582067 0.740728 0.724164 0.711265 0.742401 0.686655 0.686170
0 0.726170 0.615502 0.716811 0.576748 0.710572 0.553191 0.710572 0.528116 0.722357 0.510638 0.735875 0.503040 0.749047 0.503040 0.764645 0.518237 0.770537 0.548632 0.764645 0.578267 0.778510 0.686930 0.749047 0.686170
0 0.430156 0.612462 0.456499 0.620821 0.458925 0.814590 0.440901 0.807751 0.429463 0.637538
0 0.404853 0.612462 0.418024 0.597264 0.431889 0.619301 0.429463 0.702128 0.418024 0.862462 0.401040 0.853343
0 0.382322 0.661094 0.380243 0.615502 0.385442 0.594225 0.395494 0.591945 0.403466 0.602584 0.410052 0.623860 0.406932 0.656535 0.395494 0.813070 0.380243 0.808511
0 0.359445 0.715046 0.357712 0.662614 0.355633 0.623860 0.358406 0.594225 0.363258 0.582067 0.379549 0.575228 0.387868 0.590426 0.387175 0.617781 0.384055 0.659574 0.374697 0.792553 0.358406 0.799392
0 0.327210 0.781155 0.341768 0.731763 0.349393 0.686170 0.354939 0.626140 0.370884 0.565350 0.353899 0.563070 0.346967 0.563070 0.333102 0.554711 0.326170 0.544833 0.319237 0.553191 0.316118 0.565350 0.315425 0.620821 0.295321 0.762918
0 0.268631 0.747720 0.285615 0.701368 0.298440 0.663374 0.309532 0.619301 0.316118 0.591945 0.325477 0.576748 0.323397 0.541033 0.305373 0.534954 0.292548 0.529635 0.287002 0.519757 0.272444 0.532675 0.270711 0.588906 0.239861 0.717325
0 0.227036 0.698328 0.246101 0.667933 0.256153 0.639058 0.262392 0.605623 0.268631 0.576748 0.273830 0.556991 0.273830 0.525836 0.264818 0.510638 0.249913 0.507599 0.235355 0.504559 0.229116 0.503040 0.217678 0.514438 0.220104 0.556231 0.215945 0.597264 0.200693 0.686170
