0 0.468796 0.448328 0.468429 0.485562 0.468796 0.506839 0.472834 0.512918 0.491557 0.518997 0.502570 0.511398 0.501836 0.435410 0.498532 0.312310 0.497063 0.243161 0.491189 0.201368 0.486784 0.191489 0.475771 0.217325 0.472100 0.310030
0 0.442364 0.459726 0.439060 0.489362 0.444567 0.512918 0.464023 0.509119 0.469163 0.500760 0.466960 0.424012 0.466226 0.298632 0.466226 0.231763 0.461454 0.186930 0.453010 0.176292 0.442731 0.186170 0.441997 0.356383
0 0.405653 0.446809 0.407122 0.494681 0.417401 0.518237 0.430617 0.521277 0.441263 0.480243 0.441997 0.427052 0.437592 0.330547 0.432819 0.249240 0.429515 0.189970 0.427313 0.165653 0.416300 0.155775 0.408223 0.178571 0.405653 0.249240 0.402717 0.338146 0.402349 0.412614
0 0.378488 0.452128 0.374449 0.485562 0.378855 0.514438 0.393172 0.524316 0.401615 0.515957 0.412996 0.511398 0.418135 0.492401 0.422173 0.456687 0.418502 0.377660 0.413363 0.319149 0.406388 0.253040 0.402349 0.214286 0.401615 0.183131 0.392805 0.174772 0.384728 0.206687 0.372247 0.322948 0.372614 0.391337
0 0.349486 0.454407 0.347651 0.494681 0.359031 0.513678 0.370778 0.517477 0.381424 0.503799 0.384728 0.478723 0.380323 0.439970 0.374816 0.396657 0.373715 0.357143 0.372247 0.310790 0.371512 0.280395 0.369310 0.247720 0.364537 0.231003 0.359765 0.228723 0.351322 0.244681 0.346549 0.335866 0.348018 0.414134
0 0.281204 0.446809 0.278267 0.483283 0.284508 0.517477 0.315345 0.519757 0.322687 0.505319 0.327827 0.474924 0.325991 0.441489 0.319750 0.394377 0.314244 0.333587 0.309104 0.279635 0.305800 0.252280 0.299559 0.219605 0.286344 0.194529 0.272394 0.203647 0.261380 0.239362 0.266887 0.301672 0.278267 0.394377
0 0.236050 0.443009 0.234581 0.461246 0.237885 0.488602 0.261013 0.503040 0.273128 0.500000 0.280103 0.477204 0.281571 0.440729 0.274229 0.389818 0.269824 0.321429 0.266153 0.272796 0.262482 0.237842 0.258076 0.209726 0.252570 0.195289 0.241924 0.190729 0.217327 0.194529 0.207416 0.205927 0.201909 0.233283 0.216960 0.330547 0.234214 0.404255
0 0.502570 0.433891 0.501468 0.507599 0.508443 0.515957 0.532673 0.516717 0.537445 0.492401 0.531204 0.435410 0.527900 0.358663 0.526432 0.297872 0.522394 0.247720 0.521659 0.203647 0.516520 0.192249 0.508076 0.196049 0.505140 0.233283 0.504038 0.332067
0 0.532305 0.432371 0.534875 0.484043 0.535977 0.495441 0.545888 0.502280 0.556535 0.487842 0.557269 0.456687 0.554332 0.379939 0.553231 0.324468 0.553231 0.268237 0.553231 0.224924 0.552496 0.191489 0.552129 0.142097 0.544053 0.108663 0.533040 0.118541 0.525330 0.149696 0.522394 0.196809 0.527533 0.327508
0 0.556167 0.407295 0.554332 0.436930 0.558003 0.467325 0.565345 0.501520 0.578194 0.503799 0.590675 0.490122 0.591777 0.435410 0.593612 0.344225 0.596916 0.275076 0.599119 0.229483 0.599119 0.193009 0.597651 0.142097 0.594347 0.107143 0.580764 0.101824 0.567915 0.219605 0.561307 0.338146
0 0.582232 0.437690 0.579295 0.467325 0.585903 0.500000 0.604626 0.503799 0.617107 0.495441 0.621145 0.473404 0.619310 0.404255 0.618576 0.310790 0.618576 0.255319 0.621145 0.205927 0.619310 0.161854 0.616740 0.132979 0.604258 0.128419 0.595815 0.180091 0.586637 0.365502
0 0.613436 0.440729 0.612335 0.484043 0.620411 0.503799 0.648678 0.503040 0.656755 0.485562 0.652717 0.418693 0.645007 0.360942 0.645374 0.288754 0.645007 0.218085 0.638767 0.169453 0.635095 0.164894 0.622614 0.173252 0.616373 0.205927 0.616740 0.289514
0 0.683921 0.411854 0.674376 0.443769 0.676211 0.480243 0.688326 0.503040 0.708150 0.503799 0.724670 0.496201 0.729442 0.473404 0.727606 0.432371 0.739721 0.336626 0.745962 0.303191 0.745595 0.254559 0.735683 0.175532 0.724302 0.164894 0.714391 0.171733 0.707783 0.238602 0.695668 0.328267
0 0.725404 0.423252 0.727239 0.474164 0.733113 0.493921 0.753671 0.487842 0.772026 0.471125 0.770925 0.430851 0.770925 0.411854 0.777900 0.351824 0.788546 0.314590 0.795888 0.290274 0.798091 0.259119 0.794787 0.225684 0.781204 0.212766 0.758811 0.234043 0.742658 0.317629 0.736784 0.365502
0 0.737151 0.493921 0.730176 0.508359 0.737885 0.558511 0.755507 0.604863 0.772394 0.645137 0.796623 0.685410 0.815345 0.695289 0.828561 0.672492 0.825257 0.631459 0.803965 0.566109 0.789648 0.536474 0.785242 0.499240 0.773128 0.479483 0.751468 0.488602
0 0.694934 0.500760 0.687959 0.515957 0.685389 0.555471 0.698238 0.619301 0.716593 0.686170 0.730910 0.729483 0.740455 0.756839 0.763583 0.753040 0.770191 0.724164 0.745595 0.617021 0.734581 0.550152 0.730910 0.511398 0.719163 0.500760 0.711087 0.504559
0 0.650881 0.507599 0.636564 0.521277 0.639134 0.563830 0.648678 0.610942 0.650881 0.673252 0.667401 0.749240 0.682819 0.775076 0.706681 0.774316 0.717327 0.745441 0.719530 0.699088 0.703744 0.642097 0.690162 0.584347 0.687959 0.541793 0.683554 0.512158 0.675844 0.503040 0.660059 0.506839 0.657856 0.512918
0 0.611968 0.519757 0.604258 0.541033 0.606461 0.579787 0.617107 0.674012 0.625551 0.727964 0.636564 0.758359 0.649780 0.758359 0.656021 0.731763 0.647210 0.655775 0.639134 0.576748 0.638399 0.534954 0.629222 0.521277
0 0.584435 0.518237 0.576358 0.528875 0.573789 0.537234 0.579295 0.599544 0.585536 0.661094 0.591777 0.721125 0.601689 0.767477 0.611233 0.778875 0.622981 0.775076 0.621145 0.721125 0.609398 0.667173 0.604993 0.581307 0.604993 0.537994 0.599119 0.523556 0.589941 0.515957
0 0.559471 0.503040 0.546990 0.511398 0.545888 0.558511 0.546990 0.664134 0.554332 0.745441 0.562041 0.794073 0.572320 0.813830 0.585903 0.804711 0.582599 0.724924 0.576358 0.571429 0.573421 0.523556
0 0.530470 0.509119 0.519457 0.519757 0.522761 0.570669 0.527166 0.697568 0.533407 0.750000 0.537812 0.796353 0.553965 0.803951 0.558003 0.762158 0.547724 0.645137 0.545521 0.561550 0.545521 0.519757 0.534875 0.505319
0 0.513216 0.517477 0.500734 0.515957 0.500734 0.538754 0.500734 0.621581 0.505874 0.686930 0.508811 0.752280 0.515419 0.795593 0.527166 0.799392 0.531571 0.753040 0.523128 0.588906 0.521292 0.529635 0.519090 0.519757
0 0.491557 0.522036 0.479809 0.528875 0.479809 0.579787 0.484949 0.710486 0.486784 0.753799 0.491557 0.775076 0.503304 0.778116 0.507342 0.726444 0.500367 0.612462 0.500367 0.554711 0.500367 0.525076
0 0.470264 0.515957 0.461821 0.521277 0.457048 0.518237 0.457048 0.563070 0.458884 0.634498 0.464391 0.743921 0.466226 0.785714 0.480176 0.800152 0.489721 0.768997 0.484581 0.702888 0.480543 0.606383 0.480543 0.558511 0.480543 0.530395
0 0.431351 0.519757 0.426579 0.538754 0.429515 0.622340 0.432452 0.724164 0.433921 0.775076 0.437225 0.803951 0.452276 0.821429 0.461087 0.766717 0.459251 0.612462 0.457416 0.520517 0.446035 0.512158 0.436490 0.512158
0 0.406755 0.531915 0.397210 0.543313 0.395007 0.575988 0.395007 0.650456 0.395007 0.718085 0.389868 0.770517 0.411527 0.783435 0.424376 0.759119 0.424376 0.651976 0.427313 0.575988 0.428414 0.554711 0.419604 0.534195
0 0.368209 0.537994 0.364170 0.549392 0.359765 0.634498 0.355360 0.715805 0.348018 0.757599 0.349486 0.782675 0.360499 0.800152 0.382159 0.746201 0.385830 0.655775 0.391703 0.599544 0.398311 0.572188 0.394273 0.542553 0.384728 0.526596
0 0.331131 0.521277 0.320852 0.538754 0.319016 0.585106 0.312408 0.639818 0.294787 0.718085 0.291116 0.758359 0.313510 0.789514 0.341043 0.768997 0.353524 0.715805 0.361233 0.651216 0.360499 0.599544 0.364537 0.550912 0.360499 0.531915 0.348018 0.523556 0.341777 0.525836 0.337004 0.520517
0 0.292584 0.515198 0.277900 0.525836 0.269457 0.541033 0.267254 0.579787 0.261380 0.620821 0.254038 0.671733 0.245962 0.724164 0.246329 0.754559 0.269457 0.772796 0.290015 0.749240 0.300294 0.694529 0.314978 0.631459 0.321219 0.571429 0.319750 0.528875 0.315345 0.516717 0.298825 0.520517
0 0.234949 0.490122 0.224670 0.490122 0.216593 0.528116 0.202276 0.575228 0.180617 0.652736 0.180617 0.685410 0.194200 0.715046 0.234949 0.683131 0.260646 0.626900 0.269457 0.570669 0.277533 0.531915 0.276432 0.511398 0.266153 0.500000 0.257342 0.511398
