0 0.423288 0.524316 0.432877 0.558511 0.451712 0.546353 0.459589 0.512918 0.457192 0.299392 0.432877 0.295593 0.423288 0.459726
0 0.405479 0.550152 0.432192 0.544073 0.438356 0.534195 0.438356 0.469605 0.429452 0.337386 0.408219 0.337386 0.395548 0.465046 0.399315 0.530395
0 0.518493 0.553951 0.539041 0.562310 0.545890 0.546353 0.540753 0.347264 0.527397 0.342705 0.515753 0.473404 0.511301 0.514438
0 0.551370 0.552432 0.568151 0.558511 0.575342 0.500760 0.558562 0.351064 0.546918 0.344985 0.540753 0.496960 0.544178 0.534195
0 0.565411 0.534195 0.579795 0.563830 0.590411 0.563830 0.603082 0.504559 0.594863 0.321429 0.575342 0.327508 0.563699 0.499240
0 0.586986 0.538754 0.595890 0.556231 0.619863 0.556231 0.626027 0.494681 0.620548 0.411854 0.599315 0.315350 0.578082 0.331307 0.585959 0.493161
0 0.638356 0.528875 0.649315 0.573708 0.676027 0.585866 0.687329 0.572188 0.689041 0.518997 0.704452 0.384498 0.677740 0.368541
0 0.687329 0.575988 0.702397 0.615502 0.710616 0.615502 0.715068 0.593465 0.727397 0.582067 0.728425 0.558511 0.722260 0.538754 0.727397 0.388298 0.706164 0.386778 0.687329 0.516717 0.683904 0.546353
0 0.505137 0.582067 0.533562 0.588146 0.531849 0.814590 0.520205 0.818389
0 0.530822 0.591945 0.536301 0.582067 0.559247 0.583587 0.556507 0.804711 0.535274 0.806991
0 0.557534 0.588146 0.571918 0.579787 0.586986 0.605623 0.580822 0.840426 0.565411 0.852584 0.555822 0.619301
0 0.584247 0.605623 0.600342 0.588146 0.609932 0.603343 0.614384 0.636778 0.606507 0.813070 0.588699 0.813070 0.580822 0.611702
0 0.610959 0.605623 0.622603 0.595745 0.638356 0.593465 0.642808 0.617021 0.632192 0.813070 0.615411 0.816869 0.615411 0.661094 0.609932 0.636778
0 0.481849 0.585866 0.507877 0.585866 0.514041 0.816869 0.500685 0.826748
0 0.453425 0.579787 0.462329 0.573708 0.483562 0.582067 0.495205 0.814590 0.480137 0.824468 0.459589 0.648936
0 0.431164 0.589666 0.435616 0.582067 0.454452 0.585866 0.463356 0.686170 0.466781 0.834347 0.451712 0.832827 0.430479 0.661094
0 0.402055 0.601824 0.419521 0.593465 0.426027 0.605623 0.429452 0.615502 0.426712 0.656535 0.421575 0.798632 0.410959 0.798632 0.398288 0.664894 0.396575 0.641337
0 0.361986 0.593465 0.379795 0.598024 0.386644 0.629179 0.382192 0.670973 0.380479 0.730243 0.390411 0.791033 0.377740 0.810790 0.359247 0.757599 0.351027 0.661094 0.351027 0.636778 0.355479 0.598024
