0 0.479777 0.511968 0.481869 0.543883 0.484658 0.551862 0.511855 0.557181 0.526499 0.554521 0.531381 0.526596 0.525802 0.437500 0.524407 0.384309 0.524407 0.351064 0.511855 0.297872 0.511158 0.268617 0.497211 0.257979 0.479777 0.288564 0.479777 0.401596
0 0.440725 0.470745 0.443515 0.535904 0.450488 0.541223 0.474895 0.538564 0.475593 0.489362 0.465132 0.372340 0.458856 0.325798 0.449093 0.300532 0.432357 0.312500 0.441423 0.416223
0 0.405160 0.490691 0.404463 0.518617 0.413529 0.546543 0.436541 0.547872 0.444909 0.515957 0.440028 0.433511 0.435844 0.384309 0.431660 0.320479 0.419805 0.259309 0.411437 0.224734 0.406555 0.184840 0.389819 0.174202 0.383543 0.206117 0.403766 0.378989
0 0.352859 0.477394 0.354951 0.521277 0.370990 0.541223 0.384937 0.533245 0.384240 0.478723 0.375872 0.421543 0.369596 0.353723 0.363319 0.320479 0.354951 0.300532 0.343096 0.308511 0.343096 0.359043
0 0.302650 0.489362 0.299163 0.522606 0.304742 0.557181 0.344491 0.545213 0.361227 0.519947 0.350767 0.481383 0.341004 0.404255 0.337517 0.373670 0.331241 0.337766 0.319386 0.315160 0.300558 0.311170 0.289400 0.332447 0.286611 0.377660 0.290098 0.434840
0 0.254533 0.493351 0.260112 0.545213 0.273361 0.555851 0.290795 0.558511 0.306137 0.537234 0.301953 0.482713 0.289400 0.438830 0.278243 0.373670 0.268480 0.344415 0.257322 0.328457 0.233612 0.332447 0.234310 0.367021
0 0.533473 0.502660 0.527197 0.547872 0.556485 0.561170 0.574616 0.557181 0.578801 0.523936 0.579498 0.422872 0.592050 0.361702 0.594142 0.331117 0.589261 0.297872 0.575314 0.292553 0.550907 0.389628
0 0.578103 0.503989 0.573919 0.542553 0.585077 0.558511 0.599721 0.558511 0.607392 0.553191 0.612273 0.496011 0.617155 0.433511 0.628312 0.375000 0.637378 0.332447 0.642259 0.308511 0.641562 0.276596 0.635286 0.268617 0.605300 0.344415 0.589958 0.408245
0 0.609484 0.503989 0.608089 0.553191 0.621339 0.563830 0.638773 0.569149 0.645746 0.539894 0.646444 0.497340 0.649930 0.433511 0.655509 0.394947 0.663180 0.339096 0.669456 0.308511 0.672943 0.283245 0.669456 0.267287 0.650628 0.272606 0.620642 0.410904
0 0.644351 0.493351 0.641562 0.526596 0.649233 0.555851 0.662483 0.566489 0.670153 0.557181 0.675035 0.522606 0.670153 0.474734 0.669456 0.425532 0.677127 0.389628 0.679916 0.365691 0.685495 0.337766 0.675732 0.323138 0.665969 0.332447 0.652022 0.396277 0.644351 0.473404
0 0.668759 0.489362 0.663877 0.521277 0.670153 0.545213 0.682706 0.550532 0.692469 0.549202 0.700837 0.534574 0.701534 0.506649 0.700837 0.438830 0.703626 0.388298 0.711297 0.353723 0.714784 0.324468 0.707810 0.308511 0.697350 0.309840 0.687587 0.348404 0.679219 0.404255 0.676430 0.433511
0 0.700837 0.484043 0.695955 0.502660 0.694561 0.541223 0.705021 0.562500 0.737099 0.558511 0.748257 0.542553 0.749651 0.500000 0.753835 0.449468 0.766388 0.417553 0.767782 0.397606 0.763598 0.363032 0.756625 0.329787 0.745467 0.323138 0.713389 0.360372 0.710600 0.390957 0.704324 0.445479
0 0.746165 0.481383 0.740586 0.525266 0.751743 0.557181 0.784519 0.546543 0.795676 0.526596 0.794979 0.493351 0.799163 0.444149 0.804045 0.425532 0.807531 0.401596 0.808926 0.371011 0.807531 0.336436 0.792190 0.325798 0.776151 0.339096 0.764296 0.409574 0.754533 0.464096
0 0.521618 0.569149 0.518828 0.646277 0.517434 0.714096 0.517434 0.763298 0.521618 0.787234 0.535565 0.787234 0.544630 0.718085 0.544630 0.590426 0.549512 0.573138 0.533473 0.558511 0.527197 0.559840
0 0.541841 0.561170 0.541841 0.606383 0.544630 0.668883 0.546025 0.720745 0.546722 0.755319 0.555788 0.789894 0.567643 0.788564 0.572524 0.753989 0.571130 0.651596 0.571130 0.607713 0.571827 0.570479 0.564854 0.562500
0 0.574616 0.561170 0.570084 0.585106 0.570084 0.640293 0.570084 0.728723 0.573570 0.787234 0.573570 0.817154 0.581241 0.831117 0.594491 0.821809 0.600070 0.774601 0.605997 0.632979 0.603556 0.579122 0.597978 0.566489 0.584728 0.558511
0 0.604603 0.566489 0.602162 0.587766 0.607741 0.650931 0.608438 0.702793 0.612622 0.734043 0.614714 0.765957 0.619247 0.783910 0.626569 0.785239 0.634240 0.767952 0.635286 0.722074 0.633891 0.661569 0.633891 0.606383 0.633891 0.577793 0.625523 0.562500
0 0.636681 0.574468 0.632497 0.595080 0.638075 0.669548 0.642259 0.752660 0.643305 0.785239 0.653068 0.817154 0.665969 0.801197 0.669107 0.746011 0.665272 0.613697 0.665621 0.596410 0.656206 0.569814 0.639819 0.565824
0 0.664226 0.569149 0.661785 0.585106 0.666318 0.632979 0.670153 0.698803 0.672594 0.756649 0.679568 0.793883 0.688633 0.805851 0.706764 0.804521 0.723849 0.793883 0.732915 0.761303 0.726987 0.724734 0.714086 0.642952 0.719665 0.606383 0.718271 0.577793 0.708508 0.569149 0.694909 0.559840 0.676778 0.565160
0 0.717922 0.570479 0.715132 0.600399 0.730823 0.677527 0.744770 0.755319 0.765690 0.800532 0.785914 0.781915 0.779289 0.708112 0.771618 0.648271 0.771269 0.611702 0.767434 0.581117 0.754533 0.567819 0.736750 0.566489
0 0.764993 0.559176 0.762552 0.589096 0.781729 0.644282 0.797071 0.706782 0.808577 0.737367 0.822873 0.742686 0.829847 0.724069 0.824268 0.684840 0.817643 0.612367 0.812413 0.567819 0.809623 0.548537 0.802301 0.539229 0.792190 0.543218 0.779289 0.546543
0 0.496165 0.571144 0.494421 0.647606 0.495119 0.702793 0.491283 0.750000 0.495119 0.771941 0.511855 0.771941 0.518480 0.671543 0.519874 0.577128 0.516736 0.562500
0 0.468968 0.572473 0.467573 0.611037 0.462692 0.679521 0.455370 0.744681 0.454672 0.770612 0.465132 0.779920 0.483961 0.751995 0.493026 0.630319 0.496165 0.571809 0.489888 0.559176 0.476639 0.562500
0 0.436192 0.566489 0.434798 0.607713 0.433054 0.670878 0.425732 0.755984 0.425035 0.809840 0.433752 0.817154 0.446304 0.799202 0.458159 0.692819 0.466179 0.628324 0.467573 0.585106 0.465132 0.555186 0.451883 0.557846
0 0.407252 0.573803 0.404463 0.592420 0.403766 0.626995 0.402371 0.691489 0.400279 0.740027 0.398187 0.761968 0.399233 0.788564 0.409693 0.792553 0.419456 0.779920 0.426778 0.688165 0.432706 0.625000 0.437238 0.596410 0.433054 0.576463 0.425732 0.560505 0.414923 0.568484
0 0.381799 0.573803 0.373780 0.580452 0.373431 0.607048 0.375174 0.638963 0.373780 0.698803 0.370293 0.741356 0.368550 0.770612 0.372036 0.797872 0.383543 0.796543 0.390167 0.767287 0.395746 0.725399 0.403068 0.640293 0.409693 0.595745 0.410042 0.571809 0.402720 0.559840 0.388075 0.566489
0 0.324616 0.575133 0.321130 0.582447 0.320432 0.611037 0.324965 0.629654 0.323222 0.666888 0.314854 0.743351 0.312413 0.771277 0.322176 0.789894 0.334728 0.795213 0.353208 0.788564 0.367155 0.745346 0.374826 0.676197 0.373780 0.638963 0.380753 0.596410 0.381102 0.582447 0.378661 0.560505 0.368550 0.557181 0.357741 0.569149 0.349024 0.567819 0.338215 0.567819
0 0.277197 0.577128 0.273361 0.596410 0.271269 0.625000 0.269526 0.671543 0.256276 0.748670 0.263250 0.775931 0.270921 0.792553 0.287308 0.785904 0.298117 0.746676 0.322873 0.634973 0.326360 0.587766 0.319735 0.569149 0.304045 0.570479 0.297420 0.571809 0.284868 0.571144
0 0.234310 0.555851 0.225244 0.567154 0.225593 0.604388 0.219665 0.639628 0.209902 0.681516 0.205021 0.718750 0.210600 0.736037 0.225941 0.741356 0.241632 0.721410 0.261506 0.659574 0.267782 0.625000 0.277545 0.602394 0.277545 0.577128 0.271269 0.555851 0.263250 0.550532 0.255927 0.558511 0.247559 0.551862
