0 0.468587 0.465046 0.499479 0.457447 0.495661 0.401216 0.491149 0.218845 0.474141 0.220365 0.472753 0.380699 0.467893 0.442249
0 0.447067 0.465805 0.467893 0.467325 0.469629 0.441489 0.473447 0.382979 0.473447 0.329027 0.469281 0.279635 0.468587 0.228723 0.453315 0.235562 0.447067 0.274316 0.444637 0.354103 0.442555 0.382979 0.442555 0.417933
0 0.414787 0.438450 0.421729 0.458967 0.433183 0.463526 0.440819 0.455167 0.444637 0.433131 0.446373 0.386018 0.444637 0.355623 0.443249 0.243921 0.425547 0.224164 0.417910 0.245441 0.418605 0.311550 0.418605 0.359422 0.418605 0.380699
0 0.396043 0.445289 0.395349 0.405015 0.393960 0.367781 0.400208 0.326748 0.401597 0.276596 0.405415 0.240881 0.409233 0.198328 0.429365 0.200608 0.431100 0.347264 0.430059 0.380699 0.429365 0.421733 0.427629 0.443769 0.421034 0.452128 0.412357 0.448328 0.407150 0.465046 0.399167 0.456687
0 0.378341 0.455167 0.369316 0.443769 0.371399 0.414894 0.373134 0.384498 0.378341 0.329027 0.376952 0.265957 0.379035 0.180091 0.402985 0.206687 0.401597 0.296353 0.402985 0.341945 0.402985 0.373860 0.405415 0.402736 0.404721 0.423252 0.399861 0.449848
0 0.337036 0.431611 0.333565 0.409574 0.337730 0.377660 0.342242 0.354103 0.340507 0.321429 0.340854 0.252280 0.346060 0.203647 0.369316 0.203647 0.373134 0.281155 0.373134 0.325228 0.373134 0.355623 0.376952 0.396657 0.378341 0.431611 0.378341 0.457447 0.369316 0.453647 0.361680 0.446809 0.347449 0.439970
0 0.294342 0.402736 0.296078 0.384498 0.304408 0.345745 0.305102 0.301672 0.308226 0.274316 0.309962 0.250760 0.312044 0.224164 0.329052 0.224164 0.337036 0.252280 0.339118 0.306231 0.339118 0.336626 0.340507 0.369301 0.337036 0.404255 0.322805 0.431611 0.312044 0.421733 0.301284 0.414894
0 0.295036 0.401216 0.272128 0.372340 0.268310 0.357143 0.271086 0.335106 0.280458 0.291793 0.286012 0.253040 0.289830 0.231003 0.302326 0.245441 0.300590 0.300152 0.302326 0.333587 0.304408 0.347264 0.301978 0.376140
0 0.495661 0.462006 0.528983 0.468845 0.527942 0.423252 0.524471 0.310030 0.521347 0.262918 0.511975 0.232523 0.500521 0.237082 0.498785 0.279635 0.498785 0.325228 0.499479 0.414894
0 0.527942 0.468845 0.555016 0.460486 0.553627 0.398176 0.551892 0.367021 0.542173 0.228723 0.531066 0.239362 0.529677 0.386018 0.528983 0.402736
0 0.552933 0.450608 0.567511 0.467325 0.572718 0.460486 0.576883 0.439970 0.578966 0.413374 0.579660 0.379179 0.576883 0.332067 0.573065 0.261398 0.566817 0.193769 0.549115 0.210486 0.552239 0.287994 0.552933 0.329027 0.549115 0.374620 0.547379 0.411094
0 0.572718 0.439970 0.578271 0.446809 0.585213 0.448328 0.592156 0.455167 0.596668 0.448328 0.598403 0.439970 0.602221 0.428571 0.601527 0.406535 0.599792 0.373860 0.597709 0.341945 0.594585 0.303191 0.590420 0.252280 0.576883 0.186930 0.568205 0.183131 0.560569 0.221884 0.564387 0.276596 0.564387 0.323708 0.566123 0.365502 0.568205 0.405015
0 0.623048 0.427052 0.623048 0.406535 0.625130 0.373860 0.623048 0.329027 0.623048 0.300152 0.628601 0.246201 0.642485 0.225684 0.658452 0.243921 0.664006 0.284954 0.660187 0.319909 0.662964 0.352584 0.666088 0.376140 0.668518 0.391337 0.669906 0.409574 0.660882 0.427052 0.653940 0.426292 0.643874 0.430091 0.631378 0.431611
0 0.675460 0.413374 0.686220 0.414894 0.696286 0.409574 0.702534 0.404255 0.708782 0.398176 0.706352 0.367781 0.704616 0.340426 0.700798 0.301672 0.692468 0.242401 0.685526 0.222644 0.673724 0.237082 0.673724 0.289514 0.673724 0.313830 0.671642 0.333587 0.668518 0.362462 0.667824 0.389058
0 0.493579 0.503040 0.511975 0.500760 0.516487 0.591945 0.511281 0.731763 0.502603 0.738602 0.501215 0.632219 0.498091 0.582067 0.491843 0.518237
0 0.511281 0.502280 0.533495 0.504559 0.535925 0.543313 0.538008 0.579027 0.538008 0.630699 0.537313 0.702128 0.532801 0.731763 0.517182 0.725684 0.521000 0.666413 0.518917 0.627660 0.516487 0.586626 0.512669 0.547872
0 0.535231 0.543313 0.532107 0.519757 0.531413 0.503040 0.551892 0.500760 0.561958 0.507599 0.562652 0.536474 0.562652 0.572188 0.562652 0.615502 0.567511 0.671733 0.566123 0.721884 0.559181 0.728723 0.552239 0.720365 0.547379 0.649696 0.545297 0.613982 0.538008 0.572188
0 0.562652 0.560030 0.556057 0.537994 0.554321 0.526596 0.560569 0.500760 0.564387 0.487842 0.577577 0.489362 0.582090 0.493921 0.586602 0.519757 0.586602 0.550152 0.589032 0.582067 0.592156 0.725684 0.579660 0.725684 0.571329 0.634498 0.565776 0.591945
0 0.591461 0.554711 0.583825 0.529635 0.582784 0.517477 0.581395 0.499240 0.585908 0.484043 0.593544 0.480243 0.604304 0.480243 0.611593 0.481003 0.616106 0.517477 0.616106 0.533435 0.628601 0.627660 0.640056 0.693769 0.617494 0.712006 0.613676 0.649696 0.605345 0.619301 0.600833 0.585106 0.597709 0.576748
0 0.621659 0.566869 0.618535 0.539514 0.611246 0.515957 0.604304 0.480243 0.614717 0.467325 0.626866 0.465046 0.637626 0.460486 0.650816 0.458967 0.659840 0.465046 0.661576 0.489362 0.658452 0.529635 0.664700 0.550152 0.689344 0.641337 0.659840 0.670973 0.635543 0.652736 0.633114 0.629179 0.627560 0.601824 0.623048 0.582067
0 0.672336 0.544833 0.663311 0.521277 0.654634 0.506079 0.650816 0.489362 0.650816 0.472644 0.655328 0.453647 0.664700 0.443769 0.686220 0.435410 0.691079 0.427052 0.699410 0.430091 0.704616 0.445289 0.705658 0.474164 0.709476 0.496201 0.715724 0.518237 0.722666 0.541033 0.736550 0.580547 0.733426 0.629179 0.708435 0.630699 0.698716 0.617781 0.694551 0.615502 0.686914 0.594225 0.677195 0.575228
0 0.732385 0.525836 0.724748 0.503040 0.717806 0.485562 0.710170 0.474164 0.698022 0.438450 0.700104 0.423252 0.724054 0.409574 0.729261 0.401216 0.740368 0.401216 0.744186 0.428571 0.745574 0.455167 0.753211 0.480243 0.762582 0.495441 0.768830 0.529635 0.751822 0.554711
0 0.472405 0.502280 0.497397 0.502280 0.495661 0.580547 0.495661 0.702128 0.475529 0.693009 0.479347 0.637538 0.477959 0.598784 0.476571 0.556991 0.476571 0.515957
0 0.451926 0.495441 0.476224 0.497720 0.476224 0.561550 0.478653 0.701368 0.464075 0.712006 0.455745 0.642857 0.454009 0.582067 0.451579 0.532675
0 0.424852 0.528116 0.427629 0.497720 0.434918 0.487842 0.454009 0.497720 0.456439 0.521277 0.455397 0.551672 0.453315 0.579027 0.453315 0.612462 0.457133 0.720365 0.440819 0.713526 0.428671 0.691489
0 0.403332 0.548632 0.400902 0.521277 0.407150 0.489362 0.421034 0.495441 0.427976 0.514438 0.431795 0.528116 0.428671 0.558511 0.424158 0.585106 0.417216 0.735562 0.400208 0.713526 0.402985 0.572188
0 0.376952 0.604103 0.382159 0.504559 0.384589 0.490881 0.389448 0.485562 0.394655 0.482523 0.399861 0.489362 0.404721 0.499240 0.413745 0.510638 0.407150 0.544833 0.386324 0.720365 0.372093 0.710486
0 0.291913 0.617781 0.325928 0.575228 0.335300 0.536474 0.349184 0.518237 0.353697 0.470365 0.343978 0.465805 0.331482 0.455167 0.312739 0.433131 0.304408 0.475684 0.297466 0.500760 0.292260 0.519757 0.280458 0.573708 0.267615 0.607143 0.285318 0.632219
0 0.240541 0.582067 0.252690 0.485562 0.262756 0.435410 0.265186 0.420213 0.275946 0.395897 0.286706 0.411854 0.308226 0.424772 0.311350 0.449848 0.299202 0.487082 0.288442 0.497720 0.272822 0.548632 0.250607 0.597264
