0 0.463728 0.459726 0.463728 0.527356 0.471364 0.535714 0.490802 0.534195 0.496355 0.527356 0.499479 0.444529 0.494620 0.322948 0.491496 0.282675 0.484554 0.243161 0.473100 0.255319 0.466158 0.343465 0.463034 0.426292
0 0.438389 0.465805 0.437001 0.518997 0.438042 0.527356 0.448108 0.537994 0.461645 0.533435 0.466852 0.502280 0.466158 0.400456 0.465116 0.370821 0.465463 0.323708 0.463728 0.284954 0.451232 0.274316 0.441860 0.350304
0 0.285318 0.439970 0.282888 0.473404 0.292954 0.500000 0.310309 0.505319 0.330441 0.490122 0.336342 0.429331 0.328011 0.319149 0.326623 0.256839 0.322805 0.217325 0.314127 0.202128 0.301631 0.226444 0.292954 0.294833
0 0.500174 0.441489 0.496703 0.509119 0.498785 0.522796 0.514752 0.535714 0.531413 0.527356 0.537313 0.420973 0.535578 0.346505 0.532107 0.300152 0.530024 0.251520 0.522388 0.242401 0.507810 0.282675
0 0.533842 0.459726 0.529677 0.512918 0.529330 0.527356 0.534537 0.536474 0.551892 0.533435 0.559528 0.502280 0.558140 0.370821 0.551198 0.270517 0.548421 0.242401 0.533842 0.234802 0.528289 0.288754 0.528289 0.348784 0.534884 0.395137
0 0.561958 0.412614 0.555363 0.452128 0.557445 0.515957 0.562999 0.532675 0.574106 0.532675 0.583131 0.513678 0.587990 0.440729 0.593197 0.374620 0.595627 0.319149 0.599445 0.267477 0.591461 0.223404 0.592850 0.188450 0.584519 0.177812 0.577230 0.205167
0 0.625477 0.445289 0.618882 0.481763 0.623742 0.524316 0.642832 0.535714 0.658799 0.530395 0.665741 0.509119 0.666435 0.438450 0.668518 0.354103 0.671295 0.304711 0.660187 0.223404 0.655328 0.215805 0.631378 0.224164 0.625130 0.255319 0.631725 0.344985
0 0.664006 0.470365 0.663311 0.529635 0.673377 0.551672 0.696980 0.548632 0.709476 0.511398 0.702881 0.455927 0.705658 0.360942 0.704269 0.315350 0.700798 0.274316 0.694898 0.228723 0.680666 0.228723 0.670253 0.283435
0 0.706005 0.434650 0.706699 0.477964 0.711906 0.514438 0.724401 0.521277 0.742103 0.494681 0.742798 0.479483 0.735509 0.410334 0.734120 0.367021 0.729608 0.287994 0.724401 0.247720 0.714682 0.229483 0.706699 0.250000 0.703575 0.351064
0 0.499132 0.562310 0.488025 0.568389 0.492190 0.609422 0.500868 0.705927 0.502603 0.776596 0.505380 0.828267 0.509545 0.850304 0.520653 0.838906 0.524471 0.738602 0.513711 0.606383 0.511281 0.557751
0 0.522388 0.553951 0.512669 0.556991 0.511975 0.572948 0.517529 0.650456 0.526206 0.774316 0.527247 0.803951 0.530024 0.830547 0.537313 0.830547 0.541826 0.793313 0.541826 0.692249 0.537313 0.587386 0.536272 0.555471
0 0.541826 0.554711 0.536966 0.567629 0.540784 0.651976 0.540784 0.741641 0.545644 0.826748 0.548074 0.856383 0.559181 0.868541 0.564040 0.828267 0.565429 0.677052 0.563346 0.592705 0.561958 0.567629
0 0.570288 0.569909 0.559528 0.571429 0.562999 0.633739 0.564387 0.744681 0.568553 0.840426 0.575842 0.849544 0.583131 0.825988 0.586602 0.701368 0.586602 0.604103 0.585561 0.578267
0 0.597015 0.570669 0.590767 0.572948 0.585908 0.583587 0.587990 0.679331 0.588337 0.764438 0.594238 0.820669 0.601874 0.838906 0.612635 0.800912 0.610552 0.681611 0.610552 0.612462 0.611246 0.581307
0 0.493926 0.552432 0.473794 0.557751 0.469976 0.560790 0.471364 0.619301 0.479000 0.695289 0.481777 0.778875 0.486637 0.814590 0.489760 0.844985 0.498438 0.848024 0.503645 0.830547 0.496355 0.693009 0.492884 0.593465
0 0.459216 0.563070 0.444290 0.573708 0.441860 0.585106 0.457827 0.662614 0.463034 0.774316 0.467546 0.821429 0.479347 0.850304 0.487331 0.831307 0.480042 0.688450 0.472405 0.621581 0.469281 0.579027 0.468587 0.562310
0 0.437695 0.556991 0.424158 0.564590 0.425894 0.630699 0.428323 0.695289 0.440125 0.791033 0.441513 0.819909 0.456439 0.844985 0.461992 0.820669 0.458868 0.702888 0.455745 0.617781 0.448108 0.560030 0.445331 0.556991
0 0.409233 0.572948 0.398126 0.589666 0.399861 0.659574 0.399861 0.769757 0.399861 0.838906 0.407150 0.867021 0.414787 0.875380 0.422770 0.869301 0.430753 0.758359 0.425547 0.598784 0.415828 0.566109
0 0.393613 0.573708 0.380076 0.581307 0.374523 0.604103 0.374523 0.718085 0.370705 0.796353 0.374870 0.836626 0.392225 0.814590 0.410621 0.650456 0.406109 0.593465 0.402291 0.575988
0 0.337730 0.556991 0.329747 0.570669 0.331482 0.632979 0.329747 0.707447 0.321069 0.794073 0.326623 0.844225 0.342589 0.845745 0.362374 0.778875 0.377300 0.639058 0.387365 0.583587 0.384936 0.564590 0.376952 0.554711 0.364804 0.557751 0.357168 0.560790
0 0.305449 0.538754 0.295384 0.537994 0.281847 0.579027 0.278376 0.635258 0.265880 0.696049 0.262409 0.747720 0.266574 0.779635 0.278028 0.784954 0.301284 0.763678 0.329052 0.660334 0.344672 0.602584 0.343978 0.567629 0.341201 0.549392 0.324193 0.546353 0.316904 0.546353
