0 0.515881 0.493921 0.512872 0.528875 0.511200 0.544833 0.497492 0.544833 0.489134 0.531915 0.489134 0.502280 0.490806 0.485562 0.491474 0.478723 0.495821 0.427812 0.497492 0.386778 0.498495 0.357143 0.500502 0.341185 0.500502 0.321429 0.508860 0.322948 0.511869 0.350304 0.514209 0.375380 0.517218 0.437690
0 0.469408 0.483283 0.468740 0.504559 0.470411 0.531915 0.478435 0.541033 0.488131 0.529635 0.492812 0.508359 0.492812 0.473404 0.495821 0.396657 0.499498 0.360942 0.500167 0.310030 0.492143 0.302432 0.485791 0.308511 0.484119 0.333587 0.483116 0.363222 0.478101 0.398936
0 0.450351 0.467325 0.448345 0.503040 0.454029 0.538754 0.464393 0.541793 0.469074 0.525836 0.476764 0.479483 0.480441 0.389818 0.482113 0.353343 0.484788 0.311550 0.483450 0.284195 0.478435 0.271277 0.466734 0.281915 0.459712 0.351824
0 0.430291 0.463526 0.428285 0.490881 0.432966 0.528875 0.443999 0.534954 0.450017 0.514438 0.458709 0.532675 0.466399 0.498480 0.468405 0.450608 0.469074 0.414894 0.469074 0.364742 0.468405 0.319909 0.467402 0.284195 0.464728 0.262158 0.456703 0.256079 0.445002 0.271277 0.441658 0.348784
0 0.514878 0.493161 0.511869 0.544073 0.526580 0.535714 0.538282 0.516717 0.536944 0.465046 0.538616 0.414894 0.541959 0.335106 0.541959 0.303191 0.537947 0.286474 0.525577 0.306991 0.515881 0.458207
0 0.536944 0.496201 0.533935 0.518237 0.536944 0.544073 0.550986 0.544833 0.557339 0.531155 0.556670 0.477204 0.556670 0.426292 0.556336 0.391337 0.556336 0.357143 0.555333 0.329027 0.550652 0.318389 0.543965 0.322188 0.541291 0.343465
0 0.555667 0.351824 0.555667 0.427052 0.554330 0.471125 0.549983 0.496201 0.552992 0.524316 0.563357 0.547112 0.574055 0.537994 0.578402 0.505319 0.577733 0.432371 0.575393 0.379179 0.573052 0.318389 0.568372 0.284195 0.557673 0.292553
0 0.570712 0.468085 0.568037 0.522796 0.578402 0.528875 0.583751 0.537234 0.593113 0.532675 0.596790 0.511398 0.596790 0.480243 0.595119 0.428571 0.593781 0.388298 0.593781 0.365502 0.594116 0.306231 0.589101 0.278875 0.578402 0.291033 0.574390 0.386018
0 0.590438 0.477964 0.588766 0.500000 0.590772 0.519757 0.601471 0.526596 0.611501 0.519757 0.614176 0.501520 0.612504 0.454407 0.612504 0.395897 0.614176 0.339666 0.617185 0.305471 0.617185 0.279635 0.608826 0.268237 0.600134 0.274316 0.593781 0.314590 0.593447 0.363982
0 0.606820 0.474924 0.607489 0.513678 0.622869 0.526596 0.643263 0.512918 0.645269 0.484802 0.640923 0.434650 0.642929 0.380699 0.648278 0.346505 0.651622 0.313830 0.644600 0.301672 0.624875 0.300912 0.614176 0.316869
0 0.636576 0.460486 0.638582 0.491641 0.649950 0.504559 0.660983 0.496960 0.673353 0.487082 0.675359 0.464286 0.671013 0.434650 0.668338 0.414894 0.666667 0.392857 0.668673 0.364742 0.671013 0.333587 0.671347 0.311550 0.666332 0.303191 0.655634 0.303191 0.641257 0.321429 0.638582 0.348024 0.638582 0.405775
0 0.667670 0.455167 0.671347 0.477964 0.681712 0.496960 0.691073 0.501520 0.694417 0.484802 0.703109 0.473404 0.707121 0.456687 0.704112 0.432371 0.692745 0.400456 0.687730 0.382979 0.684052 0.365502 0.680040 0.344985 0.676362 0.332067 0.672016 0.321429 0.667335 0.310030 0.660314 0.317629 0.658977 0.343465 0.657974 0.372340
0 0.490137 0.575228 0.490471 0.622340 0.491140 0.660334 0.492477 0.706687 0.493480 0.741641 0.494818 0.758359 0.506854 0.762918 0.507857 0.727204 0.507188 0.634498 0.509194 0.585866 0.509529 0.567629 0.491140 0.566109
0 0.470411 0.582827 0.474758 0.560790 0.481110 0.563070 0.489468 0.572188 0.490471 0.597264 0.489468 0.623860 0.489134 0.650456 0.489803 0.753799 0.487797 0.780395 0.482113 0.785714 0.476095 0.767477 0.472083 0.671733 0.473086 0.632979
0 0.454697 0.562310 0.450351 0.584347 0.448345 0.612462 0.446673 0.658815 0.446673 0.701368 0.446673 0.742401 0.447342 0.770517 0.450017 0.797112 0.459044 0.806231 0.465062 0.797112 0.469074 0.749240 0.472752 0.664134 0.472752 0.625380 0.472752 0.594985 0.470411 0.571429 0.464728 0.548632
0 0.425276 0.557751 0.432297 0.547872 0.442661 0.541033 0.445002 0.558511 0.451354 0.574468 0.451020 0.592705 0.444667 0.671733 0.444333 0.721884 0.437312 0.790274 0.428619 0.800912 0.421264 0.803951 0.409896 0.780395 0.407890 0.749240 0.416583 0.739362 0.420261 0.716565 0.421264 0.647416 0.422601 0.608663 0.422601 0.577508
0 0.406219 0.543313 0.403544 0.573708 0.398529 0.631459 0.394851 0.658055 0.381478 0.707447 0.378469 0.738602 0.387161 0.768997 0.403210 0.753040 0.410565 0.715805 0.417586 0.661854 0.422601 0.615502 0.429622 0.588906 0.435306 0.567629 0.433300 0.553191 0.426613 0.551672 0.423604 0.533435 0.414911 0.531915
0 0.507523 0.571429 0.510532 0.628419 0.511535 0.674772 0.511200 0.738602 0.513541 0.762158 0.515547 0.779635 0.528586 0.772796 0.530926 0.728723 0.527248 0.653495 0.527248 0.623100 0.528251 0.574468 0.520896 0.564590
0 0.526580 0.567629 0.525911 0.590426 0.527248 0.613982 0.530257 0.649696 0.531595 0.699088 0.532932 0.727204 0.534269 0.756079 0.536610 0.780395 0.547643 0.782675 0.550986 0.749240 0.547643 0.642097 0.547643 0.606383 0.545637 0.567629 0.543631 0.553951 0.532263 0.551672 0.528251 0.559271
0 0.548646 0.560790 0.544968 0.578267 0.546640 0.618541 0.548646 0.672492 0.550986 0.719605 0.556001 0.762158 0.566031 0.788754 0.578736 0.780395 0.577399 0.728723 0.570712 0.663374 0.570043 0.617781 0.570043 0.585106 0.567369 0.556231 0.560013 0.547112
0 0.565028 0.570669 0.564360 0.587386 0.567703 0.605623 0.571381 0.639058 0.576730 0.693009 0.578736 0.721125 0.578736 0.742401 0.581077 0.759119 0.587763 0.766717 0.595787 0.743921 0.594784 0.688450 0.591441 0.612462 0.590772 0.578267 0.588766 0.552432 0.582080 0.541033 0.578736 0.539514 0.567034 0.556231
0 0.593447 0.577508 0.589435 0.588146 0.588098 0.610182 0.596456 0.651216 0.599465 0.686930 0.603811 0.712006 0.609495 0.737842 0.613842 0.754559 0.627549 0.757599 0.626212 0.724924 0.610832 0.617021 0.610832 0.585106 0.609495 0.564590 0.602808 0.560790
0 0.642594 0.513678 0.634905 0.528116 0.637914 0.564590 0.646606 0.585106 0.655299 0.619301 0.666332 0.645897 0.673019 0.663374 0.685724 0.680851 0.698094 0.693769 0.710799 0.680091 0.709127 0.631459 0.692076 0.564590 0.682380 0.519757 0.676697 0.491641 0.665998 0.488602 0.656637 0.501520
0 0.384152 0.455927 0.383484 0.496201 0.389502 0.509878 0.408559 0.518997 0.421264 0.519757 0.427616 0.497720 0.428285 0.467325 0.421598 0.414134 0.419258 0.386018 0.416917 0.346505 0.415580 0.327508 0.408559 0.317629 0.394183 0.325988 0.387496 0.350304 0.386493 0.388298
0 0.353728 0.422492 0.349381 0.443769 0.348044 0.472644 0.351387 0.475684 0.368104 0.491641 0.378803 0.502280 0.394517 0.502280 0.395520 0.451368 0.393180 0.395137 0.391842 0.335106 0.391842 0.311550 0.388499 0.290274 0.382815 0.279635 0.368104 0.278116 0.358074 0.304711 0.355734 0.354103 0.356068 0.377660
0 0.346372 0.540274 0.332665 0.566869 0.320294 0.588146 0.301571 0.613982 0.296891 0.655775 0.308592 0.676292 0.340354 0.655015 0.363758 0.635258 0.382815 0.601824 0.401538 0.570669 0.404213 0.544833 0.393180 0.531915 0.386158 0.532675 0.377131 0.512158 0.371448 0.494681 0.363758 0.498480 0.354062 0.518237
0 0.310933 0.501520 0.305583 0.512158 0.288198 0.528875 0.276496 0.538754 0.263123 0.556991 0.257439 0.595745 0.269141 0.612462 0.292210 0.610182 0.323972 0.585106 0.360080 0.542553 0.365430 0.526596 0.371113 0.507599 0.366433 0.497720 0.360080 0.495441 0.352391 0.486322 0.346372 0.471125 0.343698 0.472644 0.338348 0.455927 0.331662 0.452888 0.320629 0.466565 0.314276 0.488602
