0 0.488173 0.424772 0.484402 0.475684 0.486802 0.491641 0.508056 0.503040 0.513884 0.473404 0.515941 0.389818 0.522112 0.294833 0.526568 0.211246 0.522112 0.187690 0.513541 0.186930 0.507713 0.221125
0 0.466232 0.417173 0.461776 0.463526 0.470346 0.501520 0.488173 0.485562 0.495715 0.391337 0.504971 0.294833 0.508742 0.231003 0.510456 0.184650 0.504628 0.157295 0.495715 0.177052
0 0.445663 0.427052 0.441892 0.474164 0.449434 0.495441 0.461776 0.486322 0.472403 0.464286 0.480288 0.427052 0.481316 0.355623 0.485087 0.265198 0.487830 0.221125 0.489544 0.199088 0.489201 0.182371 0.482688 0.173252 0.468289 0.191489
0 0.422009 0.415653 0.417552 0.446809 0.421666 0.490881 0.439150 0.500760 0.454919 0.484043 0.456291 0.431611 0.461776 0.348784 0.466918 0.279635 0.469318 0.223404 0.467261 0.164894 0.453548 0.181611
0 0.399726 0.399696 0.392184 0.451368 0.417552 0.487842 0.435722 0.449088 0.446006 0.297112 0.446006 0.197568 0.437093 0.179331 0.427151 0.199088
0 0.359616 0.408055 0.362016 0.466565 0.385327 0.475684 0.410353 0.464286 0.417209 0.379179 0.415153 0.289514 0.411382 0.223404 0.402811 0.201368 0.387384 0.202128 0.375043 0.231763
0 0.513198 0.439970 0.512513 0.498480 0.534453 0.506079 0.541995 0.481763 0.541995 0.434650 0.543709 0.351824 0.547480 0.225684 0.540281 0.196809 0.533082 0.196809 0.523483 0.225684
0 0.540967 0.435410 0.540281 0.484043 0.554679 0.496201 0.561879 0.483283 0.563593 0.415653 0.566678 0.348784 0.570792 0.307751 0.574220 0.260638 0.573534 0.221884 0.568049 0.209726 0.561193 0.212006 0.551251 0.258359
0 0.563250 0.433891 0.561879 0.474164 0.568735 0.499240 0.581762 0.501520 0.586562 0.461246 0.587590 0.379179 0.593075 0.307751 0.597189 0.243161 0.598903 0.196809 0.581762 0.199848
0 0.583476 0.456687 0.583476 0.509878 0.602331 0.511398 0.607816 0.477204 0.606102 0.421733 0.609530 0.341185 0.611587 0.263678 0.606102 0.237842 0.598560 0.239362 0.594446 0.271277
0 0.607131 0.445289 0.604388 0.493161 0.623243 0.503799 0.625986 0.415653 0.630785 0.287234 0.629414 0.217325 0.620843 0.201368 0.614330 0.226444 0.612273 0.287234
0 0.624272 0.439210 0.621529 0.468845 0.627700 0.490881 0.651011 0.496201 0.660953 0.474164 0.660267 0.395897 0.663696 0.285714 0.663010 0.229483 0.660267 0.207447 0.649640 0.199088 0.643812 0.216565
0 0.661639 0.417933 0.660267 0.463526 0.663696 0.490881 0.679465 0.493161 0.691464 0.481003 0.693864 0.447568 0.689064 0.393617 0.695920 0.322188 0.700034 0.281915 0.697292 0.208967 0.683922 0.211246 0.665752 0.321429
0 0.505999 0.585866 0.511142 0.658055 0.511142 0.737842 0.515941 0.800152 0.526568 0.802432 0.531025 0.731763 0.527597 0.597264 0.522455 0.579787 0.513541 0.579787
0 0.532053 0.581307 0.527940 0.582067 0.526911 0.619301 0.528625 0.703647 0.531368 0.769757 0.539253 0.802432 0.551937 0.790274 0.546452 0.680091 0.549194 0.594225 0.543366 0.581307
0 0.560165 0.569909 0.549880 0.581307 0.547480 0.598784 0.549194 0.664894 0.549880 0.748480 0.557422 0.795593 0.568049 0.800152 0.572163 0.735562 0.572163 0.632979 0.573534 0.589666 0.566335 0.575228
0 0.582448 0.569149 0.570792 0.579787 0.564621 0.604103 0.570792 0.685410 0.572163 0.765957 0.581762 0.805471 0.594104 0.804711 0.595132 0.748480 0.597189 0.636018 0.595475 0.598784 0.588618 0.577508
0 0.598560 0.564590 0.587933 0.586626 0.593418 0.643617 0.603360 0.721125 0.611587 0.783435 0.616730 0.812310 0.626328 0.810030 0.630442 0.759119 0.621529 0.630699 0.618786 0.582067 0.610902 0.562310
0 0.610559 0.566869 0.613301 0.607143 0.627357 0.651216 0.641412 0.746201 0.656154 0.780395 0.672952 0.789514 0.681865 0.758359 0.665752 0.651216 0.656496 0.597264 0.653754 0.549392 0.640384 0.543313 0.625986 0.547872
0 0.659239 0.534954 0.647583 0.549392 0.651697 0.589666 0.666095 0.661854 0.690435 0.718845 0.699349 0.737842 0.712376 0.721125 0.705177 0.655015 0.690435 0.564590 0.685979 0.529635 0.675694 0.525836 0.668495 0.531155
0 0.695920 0.513678 0.688036 0.530395 0.691464 0.576748 0.701406 0.629179 0.707919 0.679331 0.722660 0.705167 0.733630 0.701368 0.729174 0.605623 0.726774 0.517477 0.711690 0.505319
0 0.493315 0.571429 0.486802 0.584347 0.488858 0.681611 0.493658 0.775076 0.499143 0.799392 0.512513 0.787234 0.509427 0.618541 0.510113 0.583587
0 0.472403 0.563830 0.467261 0.591945 0.470689 0.743921 0.478231 0.807751 0.491601 0.782675 0.488858 0.598784 0.484402 0.569909
0 0.443949 0.586626 0.444635 0.626140 0.446006 0.729483 0.451834 0.797872 0.464518 0.802432 0.471718 0.723404 0.473774 0.604103 0.466232 0.565350 0.454919 0.556991 0.443949 0.572188
0 0.429208 0.561550 0.420980 0.574468 0.418581 0.616261 0.427151 0.706687 0.419609 0.771277 0.425780 0.797112 0.441892 0.775076 0.448063 0.674772 0.452520 0.605623 0.450806 0.569909 0.438464 0.555471
0 0.418238 0.542553 0.405896 0.551672 0.395955 0.576748 0.386013 0.655775 0.376414 0.719605 0.390470 0.748480 0.409667 0.724164 0.423723 0.642857 0.438464 0.597264 0.437436 0.569909 0.428180 0.547872
0 0.373329 0.508359 0.362359 0.531155 0.360644 0.575228 0.347275 0.662614 0.340761 0.714286 0.352417 0.736322 0.371957 0.739362 0.397326 0.677812 0.407611 0.615502 0.420295 0.576748 0.423723 0.540274 0.414124 0.523556 0.388756 0.506079 0.378814 0.507599
0 0.337333 0.485562 0.325677 0.503040 0.321220 0.555471 0.308879 0.613982 0.304765 0.633739 0.294823 0.696809 0.309222 0.715805 0.338019 0.672492 0.368529 0.589666 0.382242 0.537234 0.383956 0.515198 0.378471 0.498480 0.362016 0.496201 0.352074 0.495441
0 0.292081 0.462006 0.283168 0.481763 0.281454 0.543313 0.274597 0.619301 0.269112 0.661854 0.288996 0.667173 0.315393 0.601824 0.329105 0.547112 0.337676 0.493161 0.329791 0.471884 0.316764 0.459726
