0 0.493293 0.295593 0.490275 0.353343 0.480215 0.422492 0.477197 0.469605 0.479209 0.518997 0.498994 0.534195 0.501006 0.478723 0.503018 0.375380 0.510731 0.313070 0.505030 0.295593
0 0.475520 0.301672 0.473508 0.317629 0.470490 0.355623 0.467471 0.415653 0.461435 0.455927 0.458753 0.505319 0.468478 0.500760 0.477197 0.443009 0.484239 0.369301 0.486251 0.322188 0.489269 0.301672
0 0.446680 0.315350 0.442991 0.331307 0.434943 0.415653 0.432931 0.465046 0.446680 0.503040 0.452716 0.474164 0.458753 0.413374 0.467471 0.353343 0.468478 0.317629 0.463447 0.297872 0.450704 0.288754
0 0.418176 0.322188 0.412140 0.389058 0.409457 0.453647 0.409457 0.487082 0.438967 0.503040 0.440979 0.471884 0.434943 0.407295 0.433937 0.303951 0.435949 0.281915 0.416164 0.286474
0 0.390677 0.291033 0.385647 0.329027 0.382629 0.382219 0.378605 0.436170 0.376593 0.489362 0.392689 0.521277 0.415158 0.507599 0.418176 0.474164 0.415158 0.420213 0.415158 0.357903 0.417170 0.297872 0.411133 0.255319 0.394366 0.268237
0 0.348089 0.291033 0.346076 0.331307 0.341382 0.409574 0.336351 0.453647 0.344064 0.503040 0.365862 0.507599 0.376593 0.505319 0.382629 0.487082 0.380617 0.458207 0.376593 0.364742 0.382629 0.303951 0.383635 0.275076 0.368880 0.272796 0.356137 0.272796
0 0.327297 0.277356 0.320590 0.284195 0.313548 0.341945 0.306841 0.429331 0.304829 0.469605 0.320590 0.498480 0.337357 0.471884 0.340376 0.400456 0.353119 0.319909 0.351107 0.288754
0 0.505030 0.279635 0.501006 0.395897 0.500000 0.465046 0.503018 0.521277 0.515761 0.545593 0.524816 0.521277 0.527498 0.440729 0.532529 0.375380 0.531522 0.291033 0.522803 0.272796
0 0.528504 0.299392 0.525822 0.341945 0.526492 0.415653 0.533535 0.512158 0.543260 0.521277 0.546278 0.485562 0.550302 0.422492 0.551308 0.353343 0.546278 0.297872 0.538565 0.279635
0 0.546278 0.284195 0.546278 0.306231 0.544266 0.386778 0.541583 0.458207 0.547284 0.516717 0.560027 0.518997 0.564051 0.458207 0.564051 0.398176 0.566063 0.313070 0.556338 0.272796
0 0.621395 0.310790 0.624413 0.379939 0.627096 0.433891 0.628102 0.483283 0.632126 0.516717 0.649899 0.529635 0.658954 0.507599 0.663649 0.462766 0.658954 0.417933 0.652918 0.351064 0.645875 0.306231 0.631120 0.297872
0 0.647887 0.333587 0.646881 0.377660 0.662643 0.478723 0.679410 0.512158 0.684440 0.498480 0.688464 0.481003 0.704225 0.485562 0.704225 0.431611 0.696177 0.362462 0.683434 0.303951 0.670691 0.281915 0.651911 0.310790
0 0.514755 0.737842 0.514755 0.683891 0.497988 0.579027 0.504024 0.554711 0.513749 0.550152 0.523810 0.614742 0.521797 0.673252
0 0.539571 0.561550 0.526492 0.563830 0.514755 0.597264 0.516767 0.683891 0.523810 0.773556 0.534541 0.753799 0.536553 0.664134 0.539571 0.599544
0 0.553320 0.563830 0.540577 0.597264 0.539571 0.645897 0.547284 0.713526 0.553320 0.778116 0.565057 0.755319 0.565057 0.673252 0.563045 0.594985 0.563045 0.574468
0 0.583836 0.563830 0.575117 0.565350 0.566063 0.594985 0.564051 0.637538 0.573105 0.731003 0.576794 0.778116 0.587860 0.768997 0.587860 0.706687 0.585848 0.637538
0 0.604628 0.572188 0.594567 0.569909 0.584842 0.590426 0.582830 0.623860 0.582830 0.681611 0.598592 0.782675 0.607646 0.818389 0.613347 0.749240 0.605634 0.666413 0.604628 0.597264
0 0.619383 0.576748 0.610329 0.579027 0.606640 0.617021 0.609658 0.664134 0.628102 0.724164 0.646881 0.768997 0.656942 0.744681 0.649899 0.668693 0.648893 0.612462
0 0.654930 0.552432 0.643863 0.579027 0.646881 0.601824 0.660630 0.639818 0.689470 0.733283 0.700201 0.751520 0.710262 0.724164 0.705231 0.661854 0.692488 0.605623 0.671697 0.550152
0 0.709256 0.505319 0.708249 0.500760 0.682428 0.525076 0.682428 0.565350 0.705231 0.635258 0.733736 0.704407 0.742790 0.668693 0.739772 0.619301 0.712944 0.529635
0 0.497988 0.695289 0.483233 0.614742 0.475520 0.567629 0.481221 0.545593 0.500000 0.579027 0.505030 0.641337 0.508048 0.708967 0.508048 0.755319 0.500000 0.782675 0.489269 0.740122
0 0.468478 0.547872 0.458753 0.559271 0.457746 0.607903 0.473508 0.697568 0.475520 0.746960 0.478203 0.759878 0.487257 0.711246 0.489269 0.679331 0.486251 0.643617 0.475520 0.603343 0.471496 0.574468
0 0.447686 0.561550 0.437961 0.563830 0.432931 0.614742 0.450704 0.719605 0.456740 0.782675 0.469484 0.764438 0.466465 0.695289 0.458753 0.583587 0.455734 0.545593
0 0.428907 0.547872 0.422200 0.561550 0.417170 0.585866 0.419182 0.670973 0.420188 0.737842 0.427901 0.771277 0.435949 0.719605 0.435949 0.637538 0.435949 0.579027
0 0.407445 0.567629 0.393360 0.583587 0.386653 0.626140 0.385647 0.688450 0.383635 0.749240 0.383635 0.775836 0.397384 0.746960 0.401408 0.683891 0.410127 0.626140
0 0.350101 0.525076 0.325285 0.525076 0.313548 0.531915 0.296781 0.572188 0.268276 0.628419 0.279007 0.679331 0.320590 0.666413 0.349095 0.626140 0.370892 0.581307 0.364856 0.543313
