0 0.465969 0.351064 0.465969 0.435410 0.465969 0.480243 0.465969 0.518237 0.470157 0.532675 0.491449 0.537234 0.500175 0.518237 0.496335 0.481763 0.494241 0.443769 0.491449 0.410334 0.491449 0.370061 0.491449 0.334347 0.470855 0.329787
0 0.458290 0.313070 0.461431 0.348784 0.465271 0.376900 0.463176 0.420973 0.462129 0.435410 0.462129 0.475684 0.463176 0.518237 0.446771 0.532675 0.439092 0.505319 0.439092 0.481763 0.439092 0.461246 0.439092 0.431611 0.439791 0.393617 0.441885 0.338906 0.442932 0.302432
0 0.434206 0.313070 0.435253 0.370061 0.435253 0.404255 0.435253 0.443769 0.436998 0.475684 0.436998 0.496960 0.430366 0.524316 0.423386 0.526596 0.420593 0.503040 0.420593 0.475684 0.421640 0.427052 0.422339 0.378419 0.421640 0.309271
0 0.398255 0.310790 0.399302 0.351064 0.400349 0.410334 0.400349 0.439970 0.400349 0.473404 0.403141 0.505319 0.413613 0.522036 0.423386 0.515957 0.429319 0.490881 0.429319 0.454407 0.425480 0.418693 0.422339 0.367781 0.421640 0.323708
0 0.378010 0.315350 0.378010 0.351064 0.376963 0.386778 0.376963 0.423252 0.375916 0.461246 0.374171 0.488602 0.376963 0.509878 0.385689 0.524316 0.401047 0.526596 0.410820 0.509878 0.409075 0.481763 0.403141 0.448328 0.399302 0.401976 0.398255 0.334347 0.398255 0.304711
0 0.345899 0.315350 0.343106 0.357903 0.339965 0.395897 0.335079 0.437690 0.332286 0.475684 0.332286 0.522036 0.336126 0.541033 0.350785 0.556231 0.367190 0.556231 0.374171 0.549392 0.375916 0.522036 0.375916 0.475684 0.375916 0.439970 0.374869 0.395897 0.373124 0.351064 0.373124 0.315350 0.373124 0.300912
0 0.318674 0.310790 0.316928 0.351064 0.312042 0.395897 0.305061 0.424772 0.298429 0.461246 0.296335 0.484043 0.300175 0.513678 0.316928 0.526596 0.333333 0.515957 0.338220 0.481763 0.338220 0.427052 0.337173 0.389058 0.337173 0.338906 0.338220 0.309271
0 0.297382 0.315350 0.289703 0.357903 0.282723 0.374620 0.265271 0.408055 0.257592 0.431611 0.250960 0.448328 0.250960 0.475684 0.260733 0.492401 0.271204 0.503040 0.284817 0.505319 0.290750 0.488602 0.293543 0.450608 0.300175 0.393617 0.308901 0.359422 0.313089 0.319909 0.312042 0.296353
0 0.499127 0.329787 0.499127 0.363982 0.499127 0.410334 0.499127 0.448328 0.499127 0.475684 0.500175 0.494681 0.505759 0.507599 0.516579 0.511398 0.523211 0.507599 0.523211 0.484043 0.523211 0.446049 0.523211 0.404255 0.518325 0.338906 0.518325 0.310790
0 0.525305 0.302432 0.522513 0.332067 0.520419 0.374620 0.518325 0.408055 0.517627 0.450608 0.518325 0.473404 0.524258 0.500760 0.535079 0.511398 0.545550 0.511398 0.550436 0.473404 0.550436 0.443769 0.546597 0.391337 0.542757 0.347264 0.540663 0.285714
0 0.552531 0.290274 0.547644 0.315350 0.546597 0.342705 0.546597 0.378419 0.543805 0.420973 0.543805 0.461246 0.546597 0.490881 0.563002 0.524316 0.571728 0.477964 0.573822 0.450608 0.573822 0.412614 0.572775 0.372340 0.572775 0.325988 0.572775 0.296353 0.572775 0.287994
0 0.580454 0.291793 0.572775 0.315350 0.570681 0.340426 0.569983 0.374620 0.567888 0.408055 0.567888 0.437690 0.566841 0.469605 0.565096 0.511398 0.567888 0.509878 0.578709 0.509878 0.578709 0.509878 0.591274 0.518237 0.598953 0.496960 0.596161 0.442249 0.594066 0.378419 0.597906 0.287994
0 0.607679 0.285714 0.606632 0.319909 0.602792 0.366261 0.596859 0.395897 0.594066 0.431611 0.592321 0.473404 0.593019 0.494681 0.598953 0.518237 0.615358 0.528875 0.625131 0.511398 0.626178 0.494681 0.623037 0.454407 0.621291 0.418693 0.624084 0.363982 0.627923 0.291793
0 0.632810 0.287994 0.631763 0.319909 0.627923 0.366261 0.626178 0.404255 0.622339 0.458967 0.620244 0.477964 0.620244 0.499240 0.621291 0.524316 0.636649 0.537234 0.656195 0.537234 0.662827 0.518237 0.660035 0.456687 0.654101 0.412614 0.653403 0.334347 0.651309 0.296353
0 0.668761 0.313070 0.663874 0.347264 0.663874 0.386778 0.662827 0.435410 0.662827 0.471884 0.662827 0.500760 0.672600 0.509878 0.690052 0.509878 0.698778 0.503040 0.700873 0.473404 0.695986 0.446049 0.691099 0.399696 0.691099 0.321429
0 0.692147 0.310790 0.693892 0.370061 0.693892 0.393617 0.697731 0.439970 0.703665 0.465046 0.709599 0.500760 0.733682 0.467325 0.739616 0.414894 0.721117 0.382979 0.712391 0.306991
0 0.512740 0.714286 0.509599 0.674012 0.506806 0.638298 0.505759 0.608663 0.504014 0.576748 0.502967 0.562310 0.505061 0.538754 0.517627 0.530395 0.527051 0.537234 0.528098 0.560030 0.528098 0.581307 0.526353 0.608663 0.523211 0.640578 0.523211 0.682371 0.525305 0.720365 0.526353 0.760638 0.509599 0.746201 0.509599 0.686930
0 0.539965 0.760638 0.537871 0.735562 0.531239 0.684650 0.531239 0.663374 0.528098 0.640578 0.527051 0.621581 0.526353 0.594225 0.526353 0.568389 0.528098 0.537234 0.548691 0.543313 0.544503 0.617021 0.544503 0.663374 0.544503 0.728723
0 0.557417 0.758359 0.551483 0.731003 0.546597 0.697568 0.544503 0.640578 0.544503 0.608663 0.544503 0.579027 0.544503 0.543313 0.552531 0.530395 0.559162 0.534954 0.564049 0.553951 0.566143 0.576748 0.569983 0.614742 0.572775 0.638298 0.572775 0.671733 0.566841 0.714286
0 0.586387 0.747720 0.584293 0.733283 0.575567 0.699848 0.571728 0.671733 0.570681 0.638298 0.569983 0.610942 0.567888 0.583587 0.566841 0.566869 0.577661 0.532675 0.593019 0.551672 0.596859 0.581307 0.596161 0.600304 0.595113 0.619301 0.592321 0.709726 0.593019 0.731003
0 0.627225 0.703647 0.625131 0.684650 0.621291 0.655015 0.618499 0.614742 0.617452 0.583587 0.612565 0.570669 0.604887 0.566869 0.596859 0.581307 0.595113 0.608663 0.597906 0.636018 0.601047 0.663374 0.603839 0.680851 0.606632 0.705927 0.610471 0.724924 0.618499 0.728723
0 0.699825 0.714286 0.690052 0.701368 0.679581 0.678571 0.672600 0.648936 0.667714 0.625380 0.663874 0.604863 0.662129 0.583587 0.662129 0.562310 0.670855 0.532675 0.688307 0.526596 0.695986 0.528875 0.702618 0.549392 0.705759 0.585866 0.708551 0.614742 0.712391 0.642857 0.717277 0.671733 0.716230 0.722644
0 0.747295 0.657295 0.747295 0.636018 0.745201 0.600304 0.745201 0.570669 0.745201 0.538754 0.748342 0.515957 0.742408 0.503040 0.730890 0.503040 0.721117 0.503040 0.709599 0.500760 0.699825 0.526596 0.701571 0.566869 0.706457 0.595745 0.720070 0.661854 0.738569 0.671733
0 0.502967 0.735562 0.504014 0.703647 0.504014 0.678571 0.504014 0.640578 0.505061 0.608663 0.507853 0.541033 0.486562 0.538754 0.476789 0.545593 0.476789 0.572948 0.480628 0.602584 0.486562 0.638298 0.486562 0.680851 0.488307 0.735562
0 0.485515 0.747720 0.486562 0.716565 0.486562 0.663374 0.486562 0.629939 0.483421 0.602584 0.477836 0.575228 0.473997 0.543313 0.460384 0.543313 0.458290 0.579027 0.458290 0.595745 0.459337 0.614742 0.460384 0.636018 0.460384 0.676292 0.469110 0.739362
0 0.449564 0.752280 0.465271 0.727204 0.467016 0.712006 0.467016 0.680851 0.465969 0.652736 0.465271 0.627660 0.463176 0.598024 0.462129 0.568389 0.456545 0.545593 0.442932 0.538754 0.435253 0.570669 0.435253 0.583587 0.435253 0.604863 0.434206 0.638298 0.434206 0.665653 0.434206 0.697568 0.439791 0.747720
0 0.433159 0.760638 0.434206 0.739362 0.434206 0.682371 0.435951 0.648936 0.439791 0.602584 0.439791 0.579027 0.436998 0.562310 0.428272 0.557751 0.418499 0.549392 0.408028 0.591945 0.408028 0.613222 0.411867 0.678571 0.415707 0.720365
0 0.398255 0.771277 0.400349 0.752280 0.406981 0.720365 0.409773 0.684650 0.409773 0.652736 0.410820 0.617021 0.410820 0.594225 0.409075 0.568389 0.404188 0.551672 0.395462 0.557751 0.388482 0.568389 0.380803 0.585866 0.376963 0.602584 0.375916 0.625380 0.375916 0.642857 0.374869 0.663374 0.374869 0.695289 0.374869 0.731003 0.376963 0.765198 0.386736 0.781915
0 0.316928 0.741641 0.339965 0.678571 0.343106 0.652736 0.355672 0.632219 0.359511 0.610942 0.359511 0.589666 0.352531 0.572948 0.343805 0.564590 0.336126 0.549392 0.314834 0.549392 0.308901 0.553951 0.302269 0.581307 0.299476 0.610942 0.296335 0.636018 0.289703 0.659574 0.278883 0.693009 0.276091 0.705927 0.289703 0.731003 0.306108 0.737842
0 0.276091 0.686930 0.284817 0.667933 0.293543 0.632219 0.299476 0.595745 0.306108 0.570669 0.308901 0.545593 0.306108 0.530395 0.290750 0.528875 0.279930 0.528875 0.272251 0.524316 0.263525 0.522036 0.252007 0.557751 0.249913 0.589666 0.247818 0.613222 0.243979 0.638298 0.242234 0.652736 0.247818 0.680851 0.257592 0.699848
