0 0.481563 0.609422 0.516962 0.609422 0.514012 0.539514 0.504425 0.323708 0.485251 0.319909 0.483407 0.439970 0.480088 0.543313 0.477507 0.573708
0 0.452065 0.610182 0.478982 0.609422 0.475664 0.553951 0.460914 0.305471 0.444690 0.307751 0.445796 0.487082 0.449484 0.548632 0.447640 0.591945
0 0.419617 0.594985 0.423673 0.602584 0.435103 0.604863 0.447271 0.591945 0.451696 0.535714 0.435103 0.287994 0.412242 0.282675 0.422198 0.430851 0.419248 0.490122 0.419248 0.546353
0 0.389749 0.591185 0.403761 0.613222 0.421829 0.598784 0.429204 0.566869 0.413348 0.298632 0.398230 0.306231 0.397493 0.455927 0.394174 0.539514
0 0.367625 0.591945 0.386062 0.604103 0.397493 0.598784 0.400074 0.581307 0.389381 0.347264 0.370944 0.360182 0.368363 0.484802 0.369469 0.530395
0 0.319322 0.591185 0.334071 0.613222 0.362094 0.604863 0.370206 0.598784 0.367625 0.564590 0.362094 0.501520 0.362094 0.452128 0.345501 0.354863 0.309735 0.385258 0.317478 0.474164 0.326327 0.524316 0.322640 0.539514
0 0.274336 0.579027 0.269912 0.553951 0.272124 0.522796 0.269912 0.479483 0.256268 0.343465 0.297566 0.335106 0.307891 0.439970 0.313053 0.492401 0.323746 0.568389 0.317478 0.589666 0.299041 0.604863
0 0.518437 0.606383 0.554572 0.604863 0.555310 0.542553 0.554572 0.329027 0.533555 0.331307 0.527286 0.461246 0.522124 0.541033 0.515855 0.576748
0 0.558997 0.597264 0.582596 0.597264 0.585177 0.572188 0.582596 0.522796 0.588127 0.340426 0.565265 0.357903 0.560103 0.496201 0.559735 0.544833 0.555310 0.569909
0 0.587021 0.572188 0.605457 0.604103 0.615413 0.576748 0.615413 0.548632 0.615413 0.488602 0.610619 0.412614 0.627581 0.351064 0.606195 0.354863 0.587758 0.421733 0.589602 0.487082 0.585546 0.555471
0 0.612463 0.585866 0.631637 0.598784 0.642330 0.579027 0.641593 0.535714 0.645280 0.316869 0.627581 0.327508 0.617625 0.471884 0.610619 0.542553
0 0.637906 0.591185 0.635324 0.559271 0.642330 0.513678 0.644912 0.345745 0.668510 0.353343 0.661504 0.466565 0.661873 0.538754 0.666298 0.557751 0.659292 0.591185 0.648599 0.594985
0 0.669617 0.620821 0.661504 0.604103 0.663717 0.555471 0.667035 0.519757 0.666298 0.468845 0.674041 0.358663 0.704646 0.363222 0.700221 0.466565 0.695796 0.518997 0.700590 0.564590 0.698746 0.597264 0.689159 0.604863 0.680310 0.614742
0 0.708333 0.585866 0.698378 0.562310 0.698746 0.517477 0.703171 0.457447 0.703171 0.405775 0.726032 0.307751 0.747788 0.306231 0.744469 0.405015 0.737463 0.471884 0.737094 0.510638 0.742625 0.544833 0.742257 0.546353 0.731932 0.580547 0.716814 0.586626
0 0.749263 0.519757 0.733776 0.493921 0.737094 0.458207 0.744100 0.314590 0.769543 0.311550 0.766962 0.382219 0.775811 0.448328 0.779499 0.481003 0.761799 0.515198
0 0.511799 0.626140 0.518437 0.619301 0.536136 0.626140 0.536873 0.738602 0.541298 0.843465 0.523968 0.852584 0.516962 0.734802
0 0.541298 0.698328 0.532817 0.622340 0.550147 0.618541 0.558260 0.627660 0.558997 0.689210 0.561578 0.879179 0.548673 0.876140
0 0.567109 0.791033 0.562316 0.720365 0.561578 0.667173 0.560103 0.642097 0.563422 0.611702 0.577434 0.610182 0.589602 0.624620 0.588127 0.665653 0.585177 0.698328 0.582596 0.872340 0.569690 0.866261
0 0.482670 0.624620 0.510693 0.632979 0.508850 0.708967 0.520280 0.855623 0.503687 0.861702 0.489676 0.705927
0 0.592183 0.633739 0.605457 0.618541 0.620575 0.632979 0.618732 0.695289 0.608407 0.899696 0.594027 0.895137 0.594027 0.689210
0 0.615044 0.640578 0.623894 0.627660 0.635324 0.620821 0.646755 0.635258 0.644912 0.685410 0.661873 0.888298 0.639749 0.893617 0.634587 0.812310 0.620206 0.691489
0 0.679204 0.653495 0.705752 0.732523 0.724926 0.758359 0.766224 0.809271 0.784661 0.763678 0.747050 0.676292 0.721239 0.594985 0.709071 0.591945 0.700590 0.607903 0.681785 0.635258
0 0.465708 0.624620 0.485988 0.623860 0.485988 0.676292 0.514381 0.917173 0.488569 0.920973 0.481932 0.799392 0.468658 0.691489 0.465708 0.660334 0.460914 0.655015 0.459071 0.622340
0 0.436209 0.689210 0.439528 0.629179 0.452065 0.626140 0.465708 0.664134 0.472714 0.678571 0.479351 0.768997 0.500369 0.880699 0.473820 0.886778 0.448378 0.785714 0.443215 0.747720
0 0.413348 0.718085 0.409661 0.651216 0.419617 0.629939 0.431785 0.642097 0.440265 0.683891 0.445796 0.781155 0.440265 0.895137 0.421091 0.881459 0.422198 0.800152
0 0.384956 0.680851 0.391224 0.680091 0.404499 0.664134 0.415929 0.669453 0.410767 0.711246 0.405605 0.897416 0.380900 0.892097 0.385324 0.762158
0 0.341077 0.708967 0.341077 0.690729 0.337021 0.653495 0.340339 0.624620 0.351770 0.626140 0.372788 0.620821 0.386799 0.629179 0.399336 0.642857 0.398968 0.642097 0.393068 0.689210 0.390487 0.718845 0.386062 0.792553 0.362463 0.876140 0.329646 0.854103 0.333333 0.787234
0 0.274336 0.724164 0.283555 0.680851 0.289454 0.642097 0.297198 0.619301 0.318584 0.618541 0.320059 0.629939 0.339602 0.642097 0.344764 0.664134 0.329646 0.727204 0.313422 0.796353 0.290192 0.850304 0.260693 0.834347 0.268437 0.766717
0 0.219027 0.733283 0.230457 0.670973 0.239307 0.617021 0.254425 0.571429 0.272861 0.594985 0.292773 0.609422 0.295723 0.632979 0.279867 0.680851 0.252581 0.749240 0.223820 0.809271 0.201696 0.779635
