0 0.501916 0.451368 0.503309 0.421733 0.504702 0.291793 0.531174 0.291793 0.526646 0.392857 0.525253 0.420973 0.529432 0.478723 0.525949 0.488602
0 0.537443 0.294833 0.561129 0.290274 0.551028 0.405775 0.548589 0.422492 0.553466 0.461246 0.552421 0.485562 0.534657 0.490122 0.531870 0.422492 0.535005 0.303951
0 0.559387 0.298632 0.587600 0.300912 0.575061 0.334347 0.575061 0.475684 0.567746 0.503040 0.556600 0.490122 0.553117 0.351064
0 0.603971 0.322948 0.589690 0.430851 0.584465 0.465805 0.581331 0.505319 0.597701 0.515957 0.611285 0.536474 0.615813 0.514438 0.623128 0.453647 0.636364 0.336626
0 0.649599 0.370821 0.667712 0.380699 0.676071 0.401976 0.668060 0.441489 0.658656 0.509119 0.659004 0.547872 0.648555 0.560030 0.641937 0.541793 0.629049 0.541793 0.613723 0.535714 0.608847 0.518237 0.614768 0.485562 0.626959 0.464286 0.633229 0.410334 0.645420 0.369301
0 0.709509 0.385258 0.705329 0.496201 0.701149 0.515957 0.706722 0.533435 0.714385 0.537994 0.726576 0.525836 0.733891 0.536474 0.738767 0.521277 0.736677 0.377660
0 0.473354 0.468845 0.498433 0.469605 0.501219 0.291793 0.477186 0.287994 0.478579 0.404255 0.470219 0.449088
0 0.452107 0.291033 0.476141 0.297112 0.471613 0.385258 0.468130 0.413374 0.473006 0.438450 0.471264 0.471884 0.456635 0.475684 0.449669 0.467325 0.447928 0.374620
0 0.425636 0.294833 0.452107 0.294833 0.447231 0.458207 0.437478 0.469605 0.427377 0.462006 0.423197 0.302432
0 0.374086 0.478723 0.383490 0.490122 0.391850 0.477964 0.398816 0.483283 0.403344 0.456687 0.388715 0.293313 0.368513 0.297112 0.375479 0.392097
0 0.270637 0.465046 0.281087 0.496960 0.290839 0.484043 0.300940 0.479483 0.306862 0.461246 0.307907 0.439210 0.300592 0.422492 0.294323 0.323708 0.269244 0.325988 0.270986 0.373100 0.270986 0.436170
0 0.501219 0.509119 0.517938 0.507599 0.518635 0.667173 0.506792 0.664894 0.504354 0.560030
0 0.523511 0.503040 0.541971 0.506839 0.530129 0.658815 0.517590 0.656535 0.523511 0.558511
0 0.548241 0.500000 0.540230 0.522036 0.533612 0.715046 0.554511 0.725684 0.562870 0.584347 0.562870 0.521277
0 0.575758 0.527356 0.564263 0.545593 0.555207 0.704407 0.573319 0.735562 0.585859 0.594225 0.590038 0.550152
0 0.706026 0.556231 0.735980 0.552432 0.743643 0.555471 0.743992 0.566869 0.769767 0.666413 0.742250 0.699848 0.704981 0.613982 0.698363 0.597264
0 0.481017 0.518997 0.497039 0.509119 0.497736 0.677052 0.488680 0.670973 0.485197 0.588906
0 0.473006 0.509119 0.456287 0.521277 0.477186 0.677052 0.486938 0.667933
0 0.435388 0.515957 0.442355 0.505319 0.458725 0.509119 0.459073 0.693769 0.440265 0.712006 0.443051 0.646657 0.436782 0.562310
0 0.425287 0.515198 0.436433 0.527356 0.435388 0.724164 0.411355 0.726444 0.419714 0.617021 0.412400 0.566869 0.408568 0.527356 0.420411 0.515198
0 0.394288 0.526596 0.407524 0.531915 0.410310 0.565350 0.407175 0.595745 0.401951 0.718085 0.383142 0.718845 0.384883 0.602584 0.381052 0.541033
0 0.291536 0.515957 0.328805 0.526596 0.331940 0.544833 0.326019 0.576748 0.287705 0.689210 0.257750 0.648936 0.278997 0.579787 0.284918 0.525076
