0 0.487110 0.386018 0.480326 0.449088 0.474559 0.499240 0.474559 0.546353 0.491180 0.557751 0.500000 0.529635 0.498982 0.436170 0.498982 0.377660 0.500000 0.344985 0.488128 0.355623
0 0.470828 0.396657 0.464043 0.442249 0.457259 0.500760 0.457259 0.535714 0.468792 0.546353 0.480326 0.485562 0.488128 0.335866 0.475577 0.325228 0.472863 0.375380
0 0.446404 0.347264 0.449457 0.327508 0.445726 0.392857 0.441655 0.444529 0.433853 0.509878 0.444708 0.546353 0.456242 0.485562 0.456242 0.409574 0.463026 0.357903
0 0.425373 0.347264 0.423338 0.398936 0.416554 0.485562 0.412483 0.520517 0.427069 0.533435 0.437924 0.477204 0.435889 0.405775 0.436906 0.338146 0.435889 0.322948
0 0.408752 0.335866 0.402985 0.353343 0.394166 0.390578 0.380597 0.451368 0.372795 0.496960 0.392469 0.514438 0.406716 0.507599 0.413501 0.438450 0.421303 0.362462 0.427069 0.325228 0.414518 0.318389
0 0.375848 0.316869 0.350746 0.366261 0.338874 0.423252 0.337178 0.479483 0.361262 0.496960 0.373813 0.470365 0.381615 0.405775 0.399254 0.351064 0.397218 0.325228
0 0.350746 0.279635 0.339891 0.294833 0.327341 0.344985 0.313772 0.383739 0.310719 0.427052 0.327341 0.462006 0.343962 0.462006 0.346676 0.394377 0.363297 0.318389 0.364315 0.281915
0 0.502714 0.344985 0.505767 0.377660 0.497965 0.505319 0.504749 0.568389 0.522049 0.560030 0.524084 0.507599 0.527815 0.431611 0.533921 0.355623 0.519335 0.335866
0 0.527137 0.362462 0.524084 0.442249 0.530868 0.509878 0.534600 0.540274 0.546472 0.548632 0.547490 0.527356 0.547490 0.472644 0.549186 0.388298 0.549186 0.351064 0.547490 0.322948 0.533921 0.332067
0 0.556988 0.332067 0.552239 0.360182 0.551221 0.411854 0.548168 0.492401 0.551221 0.525076 0.560041 0.542553 0.566825 0.542553 0.570556 0.518237 0.570556 0.492401 0.571574 0.442249 0.571574 0.394377 0.573609 0.332067 0.570556 0.292553 0.561737 0.305471
0 0.577341 0.312310 0.577341 0.335866 0.569539 0.427052 0.567843 0.474924 0.574627 0.512158 0.584125 0.535714 0.597693 0.531155 0.610244 0.505319 0.609227 0.466565 0.608548 0.438450 0.605495 0.377660 0.601764 0.327508 0.602442 0.284195 0.593962 0.275076 0.587178 0.297112
0 0.610244 0.299392 0.610244 0.318389 0.606513 0.388298 0.606513 0.449088 0.605495 0.484043 0.614315 0.518237 0.637381 0.518237 0.645183 0.499240 0.644166 0.457447 0.641452 0.409574 0.641452 0.363982 0.640434 0.307751 0.635685 0.275076 0.620081 0.264438
0 0.649254 0.287994 0.647218 0.307751 0.646201 0.368541 0.646201 0.409574 0.646201 0.470365 0.650950 0.500760 0.660787 0.507599 0.670285 0.499240 0.679104 0.494681 0.688942 0.490122 0.688942 0.470365 0.683853 0.424772 0.683175 0.388298 0.678087 0.332067 0.675373 0.299392 0.668589 0.279635
0 0.517300 0.694529 0.517300 0.681611 0.510516 0.646657 0.502714 0.618541 0.506784 0.579027 0.520353 0.572948 0.527137 0.620821 0.528833 0.653495 0.527137 0.696809 0.526119 0.743921 0.514247 0.740122
0 0.538670 0.743921 0.532904 0.694529 0.527815 0.638298 0.525102 0.585866 0.528833 0.572948 0.539688 0.590426 0.546472 0.646657 0.553256 0.718085
0 0.558005 0.733283 0.550204 0.672492 0.547490 0.624620 0.547490 0.588146 0.548168 0.572948 0.554274 0.561550 0.562754 0.575228 0.566825 0.607903 0.570556 0.655015 0.581411 0.718085 0.578358 0.759119
0 0.588195 0.740122 0.584125 0.713526 0.573609 0.674772 0.565807 0.594225 0.571574 0.553191 0.582090 0.542553 0.594980 0.555471 0.598711 0.592705 0.604478 0.651216 0.611262 0.700608 0.614315 0.733283 0.601764 0.755319
0 0.625848 0.728723 0.621099 0.698328 0.611262 0.653495 0.604478 0.613982 0.601764 0.577508 0.597693 0.537994 0.609227 0.531155 0.622117 0.544833 0.637381 0.561550 0.647218 0.590426 0.648236 0.624620 0.649932 0.668693 0.652985 0.709726 0.644166 0.737842
0 0.675373 0.683891 0.657734 0.648936 0.649254 0.603343 0.646201 0.581307 0.643148 0.563830 0.647218 0.546353 0.651967 0.533435 0.662822 0.522796 0.675373 0.522796 0.690638 0.535714 0.696744 0.575228 0.696744 0.624620 0.702510 0.664134 0.696744 0.696809
0 0.719810 0.618541 0.712008 0.596505 0.693691 0.566109 0.682157 0.527356 0.676391 0.507599 0.690638 0.484043 0.710312 0.459726 0.719810 0.457447 0.726594 0.490122 0.732361 0.531155 0.746947 0.616261 0.747965 0.653495 0.735414 0.642097
0 0.505767 0.737842 0.505767 0.715805 0.502714 0.648936 0.502714 0.590426 0.498982 0.561550 0.490163 0.575228 0.489145 0.607903 0.489145 0.642097 0.492198 0.698328 0.493894 0.746201 0.501696 0.759119
0 0.483379 0.728723 0.479647 0.698328 0.470828 0.636018 0.466079 0.575228 0.485414 0.570669 0.492198 0.601064 0.492198 0.655015 0.493894 0.722644 0.488128 0.768237 0.479647 0.755319
0 0.469810 0.728723 0.465061 0.670213 0.466079 0.616261 0.466079 0.581307 0.459294 0.568389 0.449457 0.590426 0.449457 0.629179 0.449457 0.707447 0.449457 0.746201 0.455224 0.759119
0 0.439620 0.715805 0.445726 0.712006 0.447422 0.653495 0.451493 0.594225 0.438942 0.575228 0.432157 0.581307 0.427069 0.611702 0.426052 0.655015 0.423338 0.750760 0.430122 0.753040
0 0.405020 0.740122 0.415536 0.713526 0.427069 0.651216 0.432836 0.592705 0.429104 0.550912 0.417571 0.544833 0.408752 0.553191 0.408752 0.616261 0.408752 0.677052 0.399254 0.722644
0 0.351764 0.700608 0.352442 0.683891 0.362280 0.644377 0.380597 0.581307 0.393148 0.531155 0.371099 0.515957 0.346676 0.500760 0.336160 0.566109 0.325305 0.623100 0.328358 0.657295 0.337856 0.687690
0 0.289688 0.646657 0.276119 0.616261 0.277815 0.568389 0.284600 0.499240 0.300204 0.479483 0.319539 0.477204 0.331072 0.494681 0.333107 0.531155 0.325305 0.581307 0.313772 0.624620 0.301221 0.657295
