0 0.485197 0.332827 0.492511 0.545593 0.475096 0.548632 0.463950 0.539514 0.459422 0.523556 0.460467 0.493161 0.463602 0.460486 0.460815 0.337386
0 0.459073 0.328267 0.459422 0.494681 0.460815 0.519757 0.450017 0.532675 0.442703 0.528875 0.438175 0.520517 0.439916 0.490881 0.437827 0.465046 0.439220 0.342705
0 0.360502 0.351064 0.368861 0.457447 0.378614 0.500760 0.378614 0.522036 0.378614 0.530395 0.374434 0.542553 0.365378 0.552432 0.355277 0.550912 0.344131 0.550152 0.334030 0.543313 0.329154 0.530395 0.330199 0.509119 0.335075 0.487082 0.332637 0.348024 0.359457 0.337386 0.359457 0.340426
0 0.484848 0.330547 0.492860 0.550152 0.522466 0.546353 0.526297 0.524316 0.522466 0.492401 0.518286 0.459726 0.509579 0.328267
0 0.512017 0.337386 0.521421 0.499240 0.526297 0.522036 0.531870 0.538754 0.537792 0.546353 0.544061 0.536474 0.547544 0.522036 0.548589 0.497720 0.549286 0.469605 0.530129 0.322948
0 0.551724 0.332827 0.546848 0.484043 0.542320 0.512158 0.545455 0.530395 0.548938 0.545593 0.559039 0.553951 0.568443 0.556231 0.576106 0.530395 0.577499 0.512158 0.574016 0.490881 0.577499 0.335106
0 0.586555 0.337386 0.574364 0.487082 0.570533 0.512158 0.571578 0.531915 0.579241 0.542553 0.591083 0.549392 0.603274 0.532675 0.605364 0.507599 0.611982 0.337386
0 0.615117 0.338146 0.603622 0.494681 0.602229 0.530395 0.614072 0.547112 0.631139 0.550912 0.649251 0.539514 0.653779 0.517477 0.653779 0.497720 0.653083 0.417173 0.654476 0.355623
0 0.656566 0.357143 0.650296 0.477964 0.650296 0.500760 0.650296 0.522796 0.651689 0.538754 0.661094 0.545593 0.680947 0.542553 0.694183 0.529635 0.700453 0.509878 0.697318 0.489362 0.694183 0.464286 0.689655 0.436170 0.688610 0.398176 0.687914 0.351824
0 0.504702 0.586626 0.510972 0.759878 0.530825 0.748480 0.529432 0.583587
0 0.529084 0.582067 0.526297 0.613222 0.533264 0.778875 0.563567 0.765198 0.555904 0.616261 0.554511 0.585866 0.549983 0.570669 0.536747 0.570669
0 0.565308 0.573708 0.548938 0.598784 0.556252 0.649696 0.566701 0.777356 0.596308 0.750000 0.583420 0.622340 0.583420 0.601824 0.583072 0.588906 0.574713 0.575988
0 0.586207 0.566869 0.580286 0.575228 0.577499 0.592705 0.581679 0.609422 0.583769 0.629939 0.597353 0.763678 0.630442 0.743921 0.611982 0.609422 0.613375 0.586626 0.609892 0.570669 0.597701 0.568389
0 0.497736 0.588906 0.485545 0.598024 0.495298 0.765198 0.512713 0.762158 0.506792 0.620061 0.506444 0.582067
0 0.486938 0.588146 0.491815 0.773556 0.474747 0.772036 0.466040 0.616261 0.465343 0.585866
0 0.456635 0.579027 0.444444 0.582067 0.444096 0.604863 0.456635 0.772036 0.475096 0.765198 0.465691 0.607903 0.462905 0.580547
0 0.437827 0.575988 0.427726 0.573708 0.423546 0.592705 0.423546 0.612462 0.422153 0.639818 0.435040 0.778875 0.453849 0.773556 0.444793 0.601824
0 0.628352 0.569909 0.613375 0.562310 0.607802 0.568389 0.606061 0.582067 0.607106 0.599544 0.613375 0.626900 0.634274 0.769757 0.656566 0.757599 0.680599 0.745441 0.658656 0.604863 0.659352 0.591185 0.660745 0.577508 0.654476 0.562310 0.648555 0.560790 0.640892 0.563830 0.634274 0.570669
0 0.676419 0.548632 0.665622 0.550152 0.659004 0.561550 0.655172 0.569909 0.653431 0.579027 0.655521 0.591945 0.659700 0.607903 0.663532 0.626900 0.699756 0.746201 0.732149 0.714286 0.707419 0.590426 0.704284 0.540274 0.691745 0.538754
0 0.725879 0.541793 0.712644 0.535714 0.707419 0.548632 0.705329 0.565350 0.707767 0.586626 0.712295 0.609422 0.734936 0.715805 0.774295 0.676292 0.750958 0.531155 0.738767 0.529635
0 0.398816 0.569909 0.381400 0.568389 0.376176 0.579787 0.374434 0.590426 0.373389 0.612462 0.375479 0.642097 0.375827 0.749240 0.390108 0.755319 0.413096 0.594985 0.403692 0.572948
0 0.367119 0.584347 0.347266 0.570669 0.338558 0.570669 0.332288 0.574468 0.327412 0.583587 0.324974 0.599544 0.324277 0.611702 0.324277 0.625380 0.322536 0.645897 0.301985 0.743161 0.327412 0.774316 0.356322 0.686930 0.364681 0.668693 0.373389 0.655015 0.378265 0.635258 0.382445 0.617021 0.382097 0.598024 0.373389 0.587386
0 0.312435 0.569909 0.300940 0.557751 0.286311 0.549392 0.278997 0.558511 0.274121 0.583587 0.262626 0.620061 0.238941 0.679331 0.270289 0.729483 0.319749 0.642857 0.330895 0.613222 0.332637 0.597264 0.328109 0.582827 0.316963 0.572948
0 0.378614 0.321429 0.372692 0.493921 0.371648 0.508359 0.370254 0.519757 0.376176 0.539514 0.383838 0.544833 0.392546 0.540274 0.403692 0.531155 0.404389 0.507599 0.402647 0.488602 0.399164 0.469605 0.399164 0.321429 0.399164 0.298632 0.380007 0.301672
0 0.398119 0.311550 0.396378 0.438450 0.397771 0.471125 0.396726 0.485562 0.396726 0.496960 0.395333 0.513678 0.397074 0.523556 0.401254 0.536474 0.407524 0.541793 0.413445 0.541793 0.418321 0.540274 0.422153 0.533435 0.423546 0.520517 0.424939 0.502280 0.424939 0.479483 0.424242 0.462006 0.422153 0.435410 0.413096 0.366261 0.411007 0.306991
0 0.428074 0.321429 0.432602 0.427052 0.439220 0.487842 0.440265 0.491641 0.439220 0.498480 0.438523 0.504559 0.437478 0.515198 0.436085 0.526596 0.434343 0.536474 0.429119 0.541033 0.425984 0.541033 0.423197 0.540274 0.421108 0.536474 0.419714 0.528875 0.417625 0.518237 0.419018 0.506839 0.417276 0.495441 0.415186 0.484043 0.414838 0.320669
0 0.277255 0.333587 0.250087 0.495441 0.271682 0.531915 0.287008 0.540274 0.296761 0.527356 0.301985 0.506839 0.304772 0.487842 0.305120 0.474164 0.305468 0.458967 0.305468 0.440729 0.311738 0.344985
0 0.714037 0.314590 0.745385 0.484043 0.721700 0.515957 0.702543 0.521277 0.693138 0.505319 0.683734 0.475684 0.684082 0.443769 0.679902 0.338146
0 0.328805 0.341945 0.332985 0.474164 0.334030 0.490122 0.333333 0.504559 0.331243 0.541033 0.325670 0.555471 0.313480 0.553951 0.305468 0.548632 0.297457 0.540274 0.292233 0.536474 0.289446 0.525076 0.286311 0.513678 0.286660 0.501520 0.290491 0.481003 0.292581 0.458967 0.300592 0.350304
