0 0.483300 0.509221 0.484818 0.533811 0.484818 0.554303 0.478745 0.559426 0.466093 0.559426 0.459008 0.552254 0.458502 0.537910 0.461538 0.511270 0.463563 0.464139 0.463563 0.435451 0.464069 0.391393 0.464069 0.370902 0.463057 0.340164 0.469636 0.330943 0.477227 0.346311 0.480263 0.364754 0.483300 0.477459
0 0.443826 0.498975 0.439777 0.535861 0.442308 0.553279 0.449393 0.558402 0.459008 0.554303 0.463057 0.519467 0.463563 0.489754 0.464069 0.438525 0.464575 0.406762 0.465587 0.383197 0.465081 0.356557 0.463057 0.339139 0.453947 0.340164 0.450405 0.368852 0.449393 0.405738
0 0.420547 0.505123 0.419028 0.524590 0.422571 0.546107 0.431680 0.556352 0.444838 0.548156 0.447368 0.524590 0.447368 0.496926 0.445850 0.459016 0.445850 0.425205 0.443826 0.399590 0.443320 0.377049 0.443320 0.348361 0.440789 0.326844 0.431680 0.326844 0.424595 0.338115 0.423583 0.369877 0.424089 0.406762 0.423583 0.480533
0 0.408401 0.504098 0.408401 0.525615 0.415486 0.536885 0.423583 0.538934 0.430162 0.524590 0.435729 0.519467 0.442308 0.506148 0.444332 0.476434 0.437753 0.453893 0.433198 0.431352 0.430162 0.398566 0.428644 0.378074 0.422571 0.336066 0.417510 0.331967 0.408401 0.343238 0.405870 0.366803 0.405870 0.424180 0.405870 0.450820
0 0.386134 0.484631 0.383603 0.510246 0.395243 0.533811 0.401822 0.530738 0.407389 0.522541 0.412955 0.521516 0.421559 0.514344 0.419534 0.480533 0.417510 0.462090 0.414980 0.433402 0.406883 0.351434 0.406377 0.339139 0.400810 0.332992 0.393219 0.334016 0.387652 0.353484 0.391194 0.380123 0.392713 0.409836 0.390182 0.445697
0 0.352733 0.453893 0.350202 0.480533 0.350202 0.501025 0.352733 0.510246 0.360830 0.514344 0.366903 0.513320 0.375000 0.522541 0.381579 0.516393 0.388158 0.485656 0.393725 0.462090 0.392713 0.443648 0.388664 0.428279 0.387652 0.403689 0.387652 0.384221 0.386640 0.364754 0.384615 0.346311 0.383097 0.331967 0.381073 0.312500 0.373482 0.299180 0.361842 0.294057 0.352227 0.305328 0.347672 0.330943 0.346154 0.353484 0.346154 0.372951 0.348684 0.401639 0.351215 0.425205
0 0.311741 0.432377 0.307186 0.450820 0.307186 0.467213 0.312247 0.482582 0.318826 0.487705 0.325405 0.487705 0.335526 0.496926 0.340587 0.501025 0.347672 0.490779 0.352733 0.459016 0.348684 0.379098 0.345142 0.349385 0.341093 0.302254 0.338563 0.292008 0.327429 0.288934 0.316296 0.294057 0.310729 0.317623 0.309717 0.342213 0.309717 0.373975 0.312247 0.417008
0 0.483806 0.510246 0.484818 0.545082 0.484818 0.557377 0.492915 0.561475 0.502024 0.561475 0.507085 0.554303 0.506579 0.521516 0.505061 0.480533 0.504555 0.442623 0.504555 0.411885 0.504555 0.378074 0.503036 0.357582 0.500506 0.336066 0.492915 0.327869 0.484818 0.339139 0.483806 0.367828
0 0.506579 0.516393 0.506579 0.543033 0.509109 0.558402 0.520243 0.564549 0.527834 0.552254 0.530364 0.522541 0.526822 0.490779 0.525304 0.463115 0.522773 0.432377 0.522773 0.413934 0.522773 0.385246 0.522267 0.352459 0.520243 0.334016 0.514676 0.321721 0.504555 0.327869 0.503036 0.352459
0 0.523785 0.500000 0.523279 0.517418 0.527834 0.537910 0.531883 0.552254 0.540486 0.554303 0.546559 0.543033 0.548077 0.519467 0.548077 0.493852 0.544534 0.453893 0.543522 0.429303 0.540992 0.403689 0.540992 0.375000 0.542004 0.349385 0.540992 0.327869 0.531883 0.320697 0.525304 0.339139 0.522773 0.372951
0 0.536943 0.476434 0.536437 0.498975 0.539474 0.517418 0.544534 0.532787 0.556680 0.543033 0.562753 0.535861 0.567814 0.514344 0.566296 0.486680 0.565789 0.463115 0.563765 0.421107 0.561741 0.392418 0.561741 0.369877 0.560729 0.347336 0.556680 0.327869 0.549595 0.320697 0.540992 0.338115 0.538968 0.358607
0 0.559717 0.476434 0.559717 0.501025 0.563765 0.519467 0.571356 0.530738 0.580972 0.532787 0.586032 0.514344 0.586538 0.491803 0.585526 0.468238 0.585020 0.440574 0.582996 0.410861 0.582996 0.380123 0.582490 0.359631 0.579960 0.339139 0.571356 0.327869 0.562247 0.330943
0 0.586032 0.475410 0.587045 0.508197 0.591599 0.520492 0.600709 0.522541 0.613866 0.522541 0.622470 0.506148 0.622976 0.486680 0.621457 0.464139 0.617915 0.445697 0.613866 0.395492 0.608806 0.345287 0.607287 0.327869 0.598684 0.324795 0.589069 0.332992 0.587045 0.362705 0.585020 0.390369 0.585526 0.433402
0 0.620951 0.462090 0.623988 0.484631 0.628543 0.490779 0.639170 0.490779 0.649798 0.478484 0.656883 0.461066 0.656883 0.435451 0.651822 0.415984 0.645243 0.387295 0.641700 0.359631 0.637652 0.337090 0.633097 0.313525 0.623988 0.303279 0.617409 0.302254 0.609818 0.324795 0.609818 0.356557
0 0.481275 0.598361 0.479757 0.618852 0.480263 0.638320 0.482287 0.661885 0.483806 0.683402 0.485324 0.703893 0.492915 0.718238 0.500506 0.714139 0.502024 0.674180 0.499494 0.648566 0.497470 0.631148 0.497470 0.598361 0.488360 0.587090
0 0.494433 0.588115 0.495951 0.605533 0.496964 0.625000 0.501518 0.669057 0.502024 0.693648 0.502530 0.716189 0.504049 0.731557 0.508603 0.740779 0.519231 0.736680 0.520243 0.710041 0.516700 0.688525 0.515688 0.669057 0.514170 0.640369 0.514170 0.622951 0.516700 0.602459 0.515182 0.580943 0.507085 0.577869
0 0.515688 0.598361 0.514676 0.623975 0.520243 0.692623 0.522773 0.722336 0.524798 0.742828 0.526822 0.766393 0.533401 0.774590 0.543522 0.774590 0.548583 0.756148 0.547571 0.730533 0.545547 0.714139 0.540486 0.671107 0.540486 0.656762 0.538968 0.632172 0.538968 0.613730 0.536943 0.593238 0.531883 0.584016 0.518725 0.588115
0 0.534413 0.580943 0.531377 0.598361 0.531883 0.621926 0.536437 0.637295 0.540992 0.659836 0.546053 0.695697 0.548583 0.716189 0.552126 0.732582 0.554656 0.747951 0.557692 0.759221 0.564271 0.765369 0.569332 0.764344 0.571862 0.750000 0.571356 0.731557 0.567814 0.711066 0.565283 0.691598 0.562753 0.668033 0.560223 0.645492 0.559717 0.628074 0.559211 0.612705 0.557186 0.598361 0.556174 0.585041 0.552126 0.574795 0.544028 0.571721 0.537955 0.577869
0 0.552632 0.575820 0.551619 0.596311 0.556680 0.611680 0.561235 0.621926 0.566802 0.654713 0.573381 0.688525 0.577429 0.710041 0.581478 0.727459 0.585020 0.742828 0.589069 0.757172 0.594130 0.766393 0.605769 0.768443 0.610324 0.752049 0.608806 0.728484 0.602227 0.703893 0.594130 0.672131 0.589575 0.650615 0.586032 0.634221 0.585020 0.616803 0.585020 0.600410 0.582996 0.579918 0.576417 0.564549 0.568320 0.569672 0.560223 0.564549
0 0.609818 0.533811 0.607287 0.551230 0.612348 0.574795 0.619939 0.590164 0.628543 0.602459 0.636640 0.620902 0.643725 0.644467 0.650304 0.656762 0.657389 0.669057 0.666498 0.691598 0.675101 0.695697 0.683704 0.685451 0.686235 0.662910 0.683704 0.635246 0.676113 0.618852 0.663968 0.587090 0.658907 0.566598 0.656883 0.548156 0.654352 0.527664 0.645749 0.509221 0.634109 0.504098 0.625000 0.512295 0.620951 0.528689
0 0.481275 0.596311 0.480769 0.625000 0.482287 0.653689 0.480263 0.732582 0.474696 0.735656 0.468117 0.724385 0.467105 0.696721 0.466599 0.662910 0.464575 0.629098 0.464575 0.608607 0.464575 0.585041 0.468623 0.575820 0.474696 0.579918
0 0.450405 0.574795 0.444332 0.578893 0.443826 0.590164 0.448381 0.601434 0.450405 0.610656 0.451417 0.625000 0.451417 0.663934 0.450911 0.706967 0.451923 0.721311 0.454960 0.732582 0.462551 0.735656 0.467611 0.722336 0.467611 0.680328 0.467105 0.656762 0.465587 0.629098 0.465587 0.604508 0.465081 0.585041 0.461538 0.577869
0 0.434211 0.574795 0.427126 0.578893 0.426113 0.596311 0.425607 0.620902 0.422571 0.683402 0.423583 0.750000 0.425607 0.767418 0.434717 0.771516 0.442308 0.764344 0.447368 0.738730 0.451417 0.705943 0.451417 0.674180 0.452429 0.625000 0.448887 0.601434 0.443320 0.579918
0 0.410931 0.566598 0.404352 0.577869 0.404858 0.601434 0.403340 0.653689 0.396761 0.695697 0.387652 0.740779 0.390182 0.757172 0.402834 0.764344 0.412955 0.747951 0.417510 0.722336 0.423583 0.687500 0.426619 0.654713 0.429150 0.632172 0.434717 0.595287 0.435223 0.576844 0.433198 0.564549 0.424595 0.564549 0.418016 0.564549
0 0.383603 0.561475 0.378036 0.576844 0.377530 0.602459 0.373482 0.638320 0.368421 0.670082 0.361842 0.689549 0.356781 0.712090 0.352733 0.737705 0.356781 0.759221 0.368927 0.757172 0.377530 0.734631 0.386640 0.704918 0.391700 0.683402 0.396761 0.658811 0.399291 0.635246 0.403340 0.616803 0.407895 0.603484 0.413968 0.589139 0.415992 0.571721 0.415992 0.559426 0.399291 0.549180
0 0.351215 0.526639 0.341093 0.532787 0.338563 0.559426 0.336538 0.579918 0.327935 0.603484 0.317814 0.630123 0.311235 0.651639 0.307186 0.674180 0.307692 0.703893 0.317308 0.728484 0.334008 0.721311 0.342611 0.709016 0.353239 0.688525 0.361842 0.662910 0.369433 0.634221 0.373482 0.611680 0.379049 0.592213 0.389170 0.566598 0.390182 0.544057 0.382591 0.534836 0.376012 0.533811 0.366903 0.524590 0.356275 0.520492
0 0.306174 0.485656 0.299595 0.508197 0.295040 0.539959 0.284413 0.564549 0.274291 0.595287 0.267206 0.619877 0.264676 0.650615 0.269231 0.667008 0.283401 0.670082 0.299595 0.656762 0.320850 0.614754 0.327935 0.585041 0.335020 0.567623 0.344636 0.552254 0.351215 0.528689 0.351215 0.511270 0.343623 0.506148 0.337551 0.502049 0.330466 0.490779 0.318826 0.489754
