0 0.486336 0.496926 0.486842 0.525615 0.485324 0.548156 0.454453 0.557377 0.450405 0.529713 0.450405 0.496926 0.449393 0.435451 0.446356 0.401639 0.445850 0.354508 0.445850 0.332992 0.454960 0.318648 0.470648 0.348361 0.475709 0.415984 0.483300 0.465164
0 0.424595 0.487705 0.422571 0.511270 0.422065 0.537910 0.432186 0.545082 0.448381 0.546107 0.451417 0.531762 0.448887 0.487705 0.449393 0.435451 0.448381 0.399590 0.446356 0.359631 0.444838 0.313525 0.432692 0.303279 0.425607 0.330943 0.424595 0.401639
0 0.395749 0.476434 0.393219 0.500000 0.394231 0.528689 0.404858 0.551230 0.417004 0.537910 0.425607 0.513320 0.425607 0.409836 0.425607 0.363730 0.425607 0.323770 0.424595 0.286885 0.422065 0.266393 0.414980 0.252049 0.407895 0.251025 0.402834 0.272541
0 0.365891 0.481557 0.364372 0.523566 0.371964 0.556352 0.383603 0.558402 0.395749 0.534836 0.395243 0.486680 0.394231 0.439549 0.392713 0.395492 0.390688 0.359631 0.389170 0.336066 0.385628 0.319672 0.380061 0.315574 0.371964 0.325820 0.371457 0.383197 0.365385 0.461066
0 0.339575 0.470287 0.334008 0.510246 0.344130 0.550205 0.363866 0.537910 0.368421 0.503074 0.366397 0.434426 0.369433 0.381148 0.366903 0.336066 0.357287 0.318648 0.344130 0.323770 0.343623 0.366803
0 0.296053 0.472336 0.294028 0.494877 0.296559 0.534836 0.308198 0.539959 0.313765 0.531762 0.328947 0.543033 0.340081 0.530738 0.344130 0.498975 0.337551 0.453893 0.340081 0.397541 0.342105 0.353484 0.339069 0.329918 0.328441 0.321721 0.307692 0.324795 0.301113 0.357582 0.301113 0.429303
0 0.257591 0.449795 0.249494 0.462090 0.250506 0.497951 0.263158 0.510246 0.277328 0.521516 0.291498 0.516393 0.297571 0.475410 0.298583 0.418033 0.304150 0.363730 0.302632 0.340164 0.294534 0.321721 0.278340 0.318648 0.266700 0.347336 0.263158 0.367828 0.261640 0.406762
0 0.485324 0.493852 0.485830 0.528689 0.495951 0.548156 0.514170 0.556352 0.521255 0.540984 0.520243 0.494877 0.518725 0.438525 0.517713 0.386270 0.516194 0.335041 0.512146 0.320697 0.504555 0.314549 0.493421 0.337090 0.488360 0.376025 0.486842 0.435451
0 0.518219 0.492828 0.522267 0.526639 0.531883 0.542008 0.546053 0.536885 0.548077 0.510246 0.542004 0.444672 0.538968 0.395492 0.536943 0.345287 0.533907 0.318648 0.523279 0.311475 0.514676 0.340164 0.514676 0.383197
0 0.538968 0.477459 0.538968 0.507172 0.552632 0.537910 0.566802 0.539959 0.572874 0.515369 0.572874 0.473361 0.568826 0.405738 0.568826 0.372951 0.568826 0.332992 0.566296 0.304303 0.557186 0.293033 0.547571 0.293033 0.539474 0.314549 0.539474 0.362705
0 0.562247 0.464139 0.559717 0.492828 0.561235 0.520492 0.571356 0.531762 0.584514 0.536885 0.595648 0.531762 0.602733 0.507172 0.597672 0.473361 0.597672 0.423156 0.598178 0.389344 0.598684 0.356557 0.592105 0.326844 0.586538 0.323770 0.574393 0.326844 0.570850 0.368852
0 0.594130 0.470287 0.590587 0.493852 0.594130 0.515369 0.611842 0.526639 0.623988 0.519467 0.630567 0.502049 0.624494 0.454918 0.621964 0.405738 0.620951 0.372951 0.620951 0.348361 0.616397 0.323770 0.608300 0.307377 0.601215 0.304303 0.592611 0.321721 0.597166 0.396516
0 0.623988 0.465164 0.621457 0.483607 0.623482 0.505123 0.636640 0.518443 0.650810 0.518443 0.661943 0.510246 0.669028 0.492828 0.665992 0.454918 0.663462 0.406762 0.663462 0.379098 0.661943 0.347336 0.652834 0.318648 0.629555 0.324795 0.619939 0.363730 0.624494 0.448770
0 0.662955 0.456967 0.666498 0.484631 0.675607 0.506148 0.688765 0.506148 0.695850 0.490779 0.704960 0.482582 0.706478 0.450820 0.694838 0.420082 0.696862 0.352459 0.691802 0.326844 0.684211 0.311475 0.677126 0.299180 0.665992 0.298156 0.653846 0.312500 0.652328 0.327869 0.653340 0.359631 0.658907 0.401639 0.661437 0.429303
0 0.273785 0.538934 0.268725 0.553279 0.266194 0.582992 0.261640 0.605533 0.253543 0.639344 0.245445 0.662910 0.241903 0.680328 0.243927 0.718238 0.259109 0.727459 0.274798 0.710041 0.288462 0.686475 0.300101 0.644467 0.311235 0.622951 0.319332 0.577869 0.316296 0.556352 0.306174 0.553279 0.295040 0.533811
0 0.319332 0.568648 0.315283 0.584016 0.313765 0.611680 0.311741 0.641393 0.306174 0.676230 0.301619 0.712090 0.301619 0.740779 0.310223 0.767418 0.328441 0.775615 0.340587 0.743852 0.348684 0.696721 0.356781 0.640369 0.366903 0.610656 0.369939 0.579918 0.359312 0.566598 0.351721 0.568648 0.336538 0.556352 0.328947 0.556352
0 0.370951 0.578893 0.366397 0.584016 0.364879 0.611680 0.357287 0.677254 0.351721 0.721311 0.347166 0.751025 0.346660 0.777664 0.355263 0.796107 0.369433 0.774590 0.375506 0.725410 0.382085 0.675205 0.391700 0.629098 0.398279 0.608607 0.400810 0.579918 0.392206 0.571721 0.376518 0.570697
0 0.400304 0.577869 0.392206 0.600410 0.389676 0.631148 0.388664 0.691598 0.385628 0.736680 0.385121 0.764344 0.385121 0.780738 0.396255 0.785861 0.407389 0.765369 0.417004 0.680328 0.418016 0.639344 0.425101 0.610656 0.421559 0.584016 0.407895 0.568648
0 0.424089 0.577869 0.420040 0.590164 0.419028 0.621926 0.416498 0.699795 0.416498 0.734631 0.417510 0.775615 0.417510 0.814549 0.426113 0.824795 0.439271 0.806352 0.441802 0.776639 0.443826 0.699795 0.444838 0.639344 0.446862 0.584016 0.443320 0.570697 0.428138 0.568648
0 0.445344 0.571721 0.444838 0.618852 0.444838 0.677254 0.443826 0.723361 0.443826 0.758197 0.449393 0.782787 0.461538 0.787910 0.471154 0.775615 0.470648 0.730533 0.466599 0.661885 0.468117 0.626025 0.467105 0.588115 0.464069 0.573770
0 0.466093 0.578893 0.472672 0.663934 0.474190 0.722336 0.474696 0.752049 0.478745 0.773566 0.485830 0.778689 0.490385 0.761270 0.489372 0.699795 0.488866 0.643443 0.488866 0.609631 0.488866 0.575820 0.488866 0.565574
0 0.486842 0.569672 0.487854 0.617828 0.489372 0.683402 0.491397 0.731557 0.498988 0.762295 0.514170 0.758197 0.512652 0.710041 0.510121 0.648566 0.509109 0.608607 0.511640 0.570697 0.498482 0.564549
0 0.512146 0.579918 0.508603 0.591189 0.509109 0.631148 0.508603 0.669057 0.512146 0.721311 0.516700 0.748975 0.520243 0.766393 0.529858 0.780738 0.537449 0.761270 0.534413 0.696721 0.534919 0.656762 0.527328 0.603484 0.528340 0.572746 0.523279 0.562500
0 0.530364 0.568648 0.526822 0.592213 0.531883 0.632172 0.537449 0.683402 0.540486 0.728484 0.543522 0.760246 0.546559 0.793033 0.565283 0.805328 0.567814 0.756148 0.564271 0.713115 0.559717 0.672131 0.555162 0.626025 0.554656 0.590164 0.549089 0.563525
0 0.551113 0.580943 0.549595 0.601434 0.554656 0.622951 0.558704 0.668033 0.562753 0.704918 0.566296 0.740779 0.571356 0.780738 0.586032 0.796107 0.591599 0.760246 0.586032 0.713115 0.582996 0.675205 0.581984 0.635246 0.580466 0.596311 0.573887 0.565574 0.562753 0.560451 0.553644 0.566598
0 0.569332 0.569672 0.568826 0.594262 0.577935 0.615779 0.585526 0.657787 0.591599 0.704918 0.599696 0.745902 0.610830 0.761270 0.623988 0.766393 0.632085 0.746926 0.629049 0.713115 0.615385 0.695697 0.609312 0.665984 0.606275 0.621926 0.601721 0.568648 0.590081 0.559426 0.578441 0.556352
0 0.596154 0.561475 0.596154 0.580943 0.600202 0.607582 0.609818 0.621926 0.614879 0.636270 0.620445 0.676230 0.628543 0.717213 0.634109 0.727459 0.646255 0.730533 0.659919 0.714139 0.661437 0.653689 0.655364 0.616803 0.653340 0.593238 0.647267 0.554303 0.645749 0.544057 0.621964 0.546107 0.608300 0.552254
0 0.647267 0.550205 0.645243 0.569672 0.655364 0.612705 0.686235 0.695697 0.699899 0.718238 0.717105 0.711066 0.721660 0.673156 0.714575 0.637295 0.699899 0.601434 0.693826 0.560451 0.688259 0.520492 0.672571 0.518443 0.661437 0.529713
