0 0.459198 0.534195 0.487898 0.527356 0.488935 0.465046 0.483057 0.268997 0.466459 0.274316 0.459198 0.439970 0.459198 0.500760
0 0.441563 0.531155 0.457815 0.529635 0.459889 0.459726 0.449516 0.290274 0.432918 0.296353 0.436030 0.403495 0.438797 0.471125 0.440180 0.520517
0 0.417012 0.536474 0.432918 0.542553 0.440871 0.531915 0.442254 0.513678 0.435685 0.348784 0.428769 0.278875 0.413209 0.286474 0.417704 0.381459 0.417704 0.486322 0.414938 0.512158
0 0.392808 0.539514 0.401107 0.556991 0.404564 0.561550 0.417704 0.547872 0.421853 0.533435 0.422199 0.512158 0.414938 0.456687 0.408368 0.335106 0.399378 0.329787 0.393499 0.420973 0.394537 0.461246 0.394537 0.480243 0.392808 0.520517
0 0.366874 0.539514 0.378285 0.547112 0.386929 0.542553 0.394191 0.544073 0.397994 0.539514 0.398686 0.522036 0.397303 0.484802 0.395228 0.409574 0.388658 0.363222 0.382780 0.310790 0.364799 0.310790 0.366874 0.363222 0.368257 0.430851 0.367566 0.481763 0.367566 0.513678 0.366874 0.525076
0 0.299101 0.494681 0.310512 0.512158 0.317773 0.517477 0.322268 0.528116 0.332642 0.529635 0.338174 0.515198 0.339903 0.488602 0.333333 0.381459 0.331950 0.361702 0.329530 0.339666 0.309129 0.290274 0.289419 0.300912 0.295989 0.347264 0.293914 0.386018 0.299793 0.432371 0.298409 0.477204
0 0.488935 0.529635 0.504841 0.533435 0.517981 0.531155 0.520401 0.504559 0.521784 0.435410 0.521784 0.384498 0.514523 0.259878 0.499308 0.262918 0.491355 0.442249 0.486860 0.499240
0 0.518672 0.531155 0.530429 0.544073 0.539073 0.539514 0.544260 0.507599 0.548064 0.446809 0.548755 0.381459 0.542185 0.294833 0.529737 0.297872 0.521784 0.400456 0.521093 0.459726 0.519018 0.484802 0.517981 0.522036
0 0.538382 0.517477 0.545643 0.555471 0.553942 0.563830 0.562586 0.553951 0.569848 0.533435 0.572614 0.459726 0.578492 0.368541 0.579876 0.290274 0.565353 0.290274 0.550830 0.395897 0.543568 0.454407 0.539073 0.491641
0 0.555325 0.542553 0.561895 0.550912 0.568465 0.555471 0.577801 0.565350 0.585062 0.561550 0.588866 0.544073 0.590941 0.488602 0.590249 0.430851 0.592324 0.387538 0.611342 0.281915 0.591632 0.277356 0.566736 0.389058 0.559474 0.438450 0.553942 0.490122 0.555325 0.529635
0 0.643154 0.533435 0.654219 0.539514 0.674620 0.525076 0.681881 0.509119 0.681881 0.474164 0.678423 0.472644 0.677386 0.440729 0.681189 0.397416 0.683264 0.370061 0.689834 0.309271 0.650761 0.318389 0.643499 0.367021 0.641079 0.409574 0.640387 0.440729 0.638313 0.471125 0.640387 0.494681 0.641770 0.522036
0 0.479599 0.529635 0.491010 0.525076 0.503458 0.534954 0.502075 0.572948 0.481674 0.724924 0.473029 0.724924
0 0.504149 0.525076 0.514523 0.520517 0.520401 0.525076 0.523859 0.536474 0.505187 0.733283 0.496888 0.734802 0.502075 0.544073 0.502075 0.531155
0 0.525588 0.531155 0.515214 0.584347 0.512448 0.611702 0.510719 0.633739 0.507953 0.755319 0.523859 0.756839 0.539073 0.674012 0.541494 0.627660 0.542877 0.588906 0.545643 0.561550 0.543568 0.542553 0.534924 0.526596 0.529046 0.526596
0 0.542877 0.555471 0.552213 0.534954 0.560166 0.534954 0.567773 0.550912 0.569848 0.565350 0.569156 0.578267 0.558783 0.772796 0.539419 0.763678 0.537690 0.670973 0.540111 0.620821 0.536307 0.587386 0.536999 0.558511
0 0.585062 0.566869 0.587137 0.604863 0.588174 0.683131 0.615837 0.790274 0.651452 0.772796 0.647649 0.678571 0.637621 0.620821 0.637621 0.582827 0.638313 0.552432 0.632434 0.547872 0.620678 0.550912 0.615837 0.552432 0.608575 0.547112 0.602697 0.542553 0.594398 0.544073 0.588866 0.547872 0.586445 0.558511
0 0.686376 0.556991 0.677732 0.541033 0.665975 0.529635 0.654219 0.537994 0.649723 0.545593 0.639004 0.552432 0.633126 0.547872 0.622407 0.552432 0.622061 0.568389 0.628631 0.595745 0.635892 0.607903 0.641079 0.608663 0.645574 0.635258 0.650069 0.680091 0.672545 0.760638 0.706777 0.734802 0.702282 0.691489 0.690526 0.620821 0.683956 0.594225 0.681881 0.566869
0 0.457815 0.531155 0.478216 0.526596 0.472337 0.734802 0.462656 0.739362 0.460581 0.614742 0.457123 0.590426
0 0.441563 0.529635 0.459198 0.529635 0.456432 0.755319 0.443292 0.755319 0.440180 0.544073
0 0.421853 0.542553 0.441563 0.544073 0.440871 0.710486 0.432918 0.784195 0.419779 0.782675 0.421853 0.581307 0.418396 0.571429 0.417704 0.547872
0 0.399378 0.544073 0.411134 0.533435 0.414592 0.533435 0.417704 0.547872 0.424274 0.549392 0.411134 0.762158 0.390733 0.759878 0.388658 0.739362 0.395228 0.710486 0.399378 0.648176 0.396611 0.595745 0.395228 0.572948 0.396611 0.560030
0 0.376902 0.550912 0.386238 0.542553 0.393499 0.547112 0.398686 0.560030 0.401107 0.590426 0.395920 0.603343 0.392808 0.708967 0.376902 0.776596 0.359613 0.760638 0.373098 0.705927 0.372407 0.622340 0.369640 0.613222 0.368949 0.592705 0.368949 0.568389 0.372407 0.550912
0 0.271438 0.465805 0.304288 0.500760 0.305671 0.522036 0.291148 0.568389 0.288728 0.565350 0.277317 0.613222 0.245159 0.667173 0.223375 0.626140 0.238589 0.561550 0.247925 0.539514 0.255187 0.506079 0.254495 0.500760 0.265560 0.472644
