0 0.493827 0.487082 0.494513 0.550912 0.484225 0.562310 0.471879 0.563070 0.464335 0.558511 0.459877 0.529635 0.461934 0.495441 0.462963 0.376140 0.464335 0.347264 0.465021 0.306231 0.471536 0.296353 0.485940 0.304711 0.487311 0.355623
0 0.435528 0.471125 0.434842 0.506839 0.439300 0.544833 0.443416 0.550912 0.454733 0.538754 0.460562 0.503799 0.463306 0.452888 0.457133 0.345745 0.457133 0.323708 0.457133 0.302432 0.448560 0.297112 0.440329 0.295593 0.434156 0.331307
0 0.408436 0.481763 0.406722 0.523556 0.413580 0.545593 0.421125 0.549392 0.443073 0.541793 0.446502 0.491641 0.444787 0.433131 0.442730 0.378419 0.441358 0.344985 0.438615 0.319149 0.435871 0.298632 0.426269 0.289514 0.417695 0.298632 0.414609 0.344225
0 0.387174 0.462006 0.382030 0.503040 0.386831 0.536474 0.398834 0.544073 0.411523 0.537994 0.417695 0.519757 0.421811 0.468845 0.423525 0.391337 0.424211 0.345745 0.421468 0.319909 0.416324 0.285714 0.410494 0.281155 0.402606 0.302432
0 0.347051 0.455927 0.343964 0.485562 0.347051 0.515198 0.352881 0.522796 0.360082 0.529635 0.373114 0.535714 0.386145 0.531915 0.397119 0.494681 0.399177 0.463526 0.397119 0.406535 0.393004 0.325988 0.389918 0.290274 0.378258 0.278875 0.371399 0.273556 0.354252 0.291033 0.343964 0.323708 0.349451 0.435410
0 0.309671 0.412614 0.304527 0.461246 0.304870 0.502280 0.326818 0.528875 0.344650 0.511398 0.349794 0.474924 0.350137 0.381459 0.349451 0.339666 0.349451 0.310030 0.347051 0.284195 0.335734 0.276596 0.326132 0.300912 0.326475 0.343465
0 0.280864 0.332827 0.273663 0.354103 0.271948 0.380699 0.275034 0.398936 0.296982 0.421733 0.325103 0.363982 0.332305 0.333587 0.333676 0.306231 0.333676 0.284195 0.315501 0.277356 0.304870 0.292553 0.294925 0.322188
0 0.493827 0.488602 0.494513 0.549392 0.503772 0.560030 0.517147 0.558511 0.525034 0.543313 0.527435 0.503799 0.525377 0.455167 0.524691 0.368541 0.523320 0.319149 0.519547 0.299392 0.511317 0.294833 0.498628 0.317629
0 0.524691 0.472644 0.526063 0.509878 0.530521 0.525076 0.535665 0.547112 0.545267 0.544833 0.555898 0.520517 0.554870 0.390578 0.551097 0.296353 0.546639 0.282675 0.539438 0.274316 0.531207 0.290274
0 0.561385 0.480243 0.562071 0.509878 0.567215 0.531915 0.581962 0.546353 0.594307 0.537234 0.599108 0.496201 0.598080 0.474924 0.592250 0.385258 0.590878 0.343465 0.588134 0.299392 0.585391 0.267477 0.581962 0.253040 0.572702 0.251520 0.566872 0.283435
0 0.587791 0.465046 0.586420 0.489362 0.590535 0.517477 0.597737 0.530395 0.620713 0.524316 0.623114 0.493921 0.618999 0.435410 0.611111 0.377660 0.607339 0.341945 0.605281 0.318389 0.602538 0.293313 0.597394 0.270517 0.586763 0.281915
0 0.651920 0.439210 0.652263 0.474164 0.656379 0.497720 0.665981 0.507599 0.681756 0.500760 0.695473 0.489362 0.703361 0.460486 0.696502 0.406535 0.681756 0.357903 0.680727 0.332067 0.681413 0.279635 0.678326 0.252280 0.673525 0.244681 0.664609 0.255319 0.656036 0.331307 0.656036 0.392097
0 0.683128 0.332067 0.682442 0.364742 0.688272 0.377660 0.708162 0.398176 0.729767 0.405775 0.735254 0.366261 0.735940 0.320669 0.735597 0.297872 0.733539 0.272796 0.727023 0.257599 0.714678 0.246960 0.698217 0.274316 0.692387 0.300152
0 0.497257 0.591945 0.498971 0.635258 0.504115 0.663374 0.510288 0.756079 0.514403 0.794073 0.523320 0.804711 0.528464 0.784195 0.525377 0.727964 0.521948 0.658815 0.522977 0.629179 0.520919 0.590426 0.517833 0.585866
0 0.509602 0.586626 0.514746 0.633739 0.523663 0.673252 0.529492 0.731003 0.533608 0.776596 0.535322 0.793313 0.543210 0.802432 0.548697 0.791793 0.546982 0.768997 0.538409 0.629939 0.537723 0.594225 0.534294 0.568389 0.523320 0.567629
0 0.539781 0.569909 0.537723 0.601824 0.538409 0.640578 0.543896 0.677052 0.551440 0.733283 0.557613 0.775076 0.563443 0.794833 0.570988 0.792553 0.575446 0.765957 0.575446 0.721884 0.574417 0.669453 0.567901 0.628419 0.561728 0.592705 0.556241 0.569909 0.547668 0.559271
0 0.560700 0.588906 0.568244 0.633739 0.573731 0.661854 0.581962 0.729483 0.586763 0.765198 0.592250 0.797112 0.598422 0.810030 0.606310 0.809271 0.610768 0.796353 0.607682 0.769757 0.599451 0.721884 0.593621 0.658055 0.594307 0.622340 0.594307 0.593465 0.587791 0.568389 0.582990 0.556231 0.573045 0.556231 0.565158 0.572188
0 0.584362 0.580547 0.583333 0.601824 0.590192 0.629939 0.594650 0.661854 0.600137 0.698328 0.606996 0.730243 0.614883 0.770517 0.620713 0.791793 0.628258 0.803951 0.639575 0.797112 0.641632 0.776596 0.634088 0.759878 0.628944 0.727964 0.623457 0.666413 0.619342 0.613982 0.619342 0.582827 0.614198 0.560030 0.602195 0.549392 0.597394 0.550912 0.590878 0.574468
0 0.605967 0.544073 0.605624 0.559271 0.609053 0.589666 0.617284 0.620821 0.627229 0.642857 0.632716 0.665653 0.642661 0.713526 0.652606 0.742401 0.664952 0.764438 0.683813 0.756079 0.686214 0.732523 0.682442 0.687690 0.667695 0.610942 0.665295 0.585866 0.664266 0.547112 0.658093 0.528116 0.652606 0.525076 0.647119 0.521277 0.637517 0.528875 0.627229 0.530395 0.620713 0.537234
0 0.657407 0.517477 0.653635 0.535714 0.655007 0.563830 0.662894 0.588906 0.670096 0.618541 0.680727 0.667933 0.699246 0.730243 0.712620 0.741641 0.720165 0.735562 0.723937 0.714286 0.726337 0.672492 0.723251 0.638298 0.719822 0.562310 0.718793 0.528875 0.711591 0.502280 0.693416 0.501520 0.686900 0.513678 0.678326 0.508359 0.671125 0.516717 0.667353 0.515198
0 0.738340 0.580547 0.724623 0.588906 0.720165 0.598784 0.715706 0.617781 0.715364 0.655015 0.714335 0.655775 0.718450 0.682371 0.736968 0.693769 0.760288 0.671733 0.774691 0.648936 0.785665 0.624620 0.796296 0.579027 0.794239 0.558511 0.777435 0.546353 0.762003 0.569909
0 0.478738 0.585106 0.482853 0.627660 0.487997 0.668693 0.491770 0.712006 0.494170 0.756079 0.496571 0.787994 0.500686 0.812310 0.505487 0.822188 0.512003 0.814590 0.511660 0.788754 0.504458 0.664894 0.505487 0.615502 0.503086 0.579787 0.494856 0.577508 0.484225 0.576748
0 0.461248 0.591185 0.458162 0.612462 0.458162 0.645897 0.464335 0.709726 0.470165 0.767477 0.478738 0.810790 0.485254 0.823708 0.495542 0.812310 0.494856 0.765198 0.487997 0.670973 0.480110 0.594985 0.477366 0.586626
0 0.450274 0.576748 0.445816 0.611702 0.441358 0.643617 0.439300 0.743161 0.440329 0.797112 0.447188 0.822948 0.457819 0.816109 0.461591 0.780395 0.470508 0.610182 0.470508 0.588146 0.465706 0.567629 0.458162 0.566869
0 0.420096 0.577508 0.416324 0.606383 0.418038 0.637538 0.420096 0.684650 0.420439 0.753040 0.418724 0.788754 0.425583 0.825988 0.434842 0.822188 0.436900 0.794833 0.442044 0.740122 0.447874 0.648176 0.448903 0.617021 0.446159 0.588906 0.442044 0.588906 0.437243 0.568389 0.427984 0.568389
0 0.404664 0.566109 0.395062 0.569149 0.388889 0.585866 0.386488 0.605623 0.383745 0.673252 0.379973 0.737082 0.372771 0.765198 0.371056 0.797872 0.383402 0.811550 0.395748 0.789514 0.406722 0.737082 0.418038 0.646657 0.425583 0.621581 0.427984 0.585106 0.426955 0.575228 0.416324 0.578267
0 0.351166 0.541033 0.342936 0.549392 0.341221 0.570669 0.341221 0.600304 0.336763 0.639818 0.326818 0.695289 0.321331 0.750000 0.336763 0.775076 0.352881 0.775076 0.369684 0.727964 0.383059 0.653495 0.391975 0.637538 0.407064 0.589666 0.409465 0.564590 0.405350 0.549392 0.395748 0.546353 0.389575 0.553951 0.381687 0.541033 0.371742 0.544073 0.360768 0.534954
0 0.300069 0.541793 0.293553 0.560030 0.289781 0.588146 0.284636 0.615502 0.277435 0.629179 0.269890 0.655775 0.271948 0.685410 0.286008 0.699848 0.303155 0.688450 0.318930 0.655775 0.330933 0.626900 0.343621 0.597264 0.349108 0.577508 0.348765 0.551672 0.342936 0.542553 0.336420 0.534195 0.325103 0.538754 0.320988 0.524316 0.309671 0.523556
