0 0.467128 0.554711 0.496540 0.550152 0.499308 0.502280 0.489273 0.257599 0.471626 0.269757 0.470242 0.443769 0.464014 0.502280
0 0.441522 0.541793 0.450173 0.551672 0.465398 0.534954 0.468512 0.478723 0.464706 0.303191 0.444637 0.301672 0.448443 0.462006 0.440138 0.512918
0 0.415571 0.544833 0.430796 0.566869 0.443945 0.551672 0.447751 0.506079 0.443253 0.470365 0.435640 0.261398 0.419377 0.267477 0.417301 0.417933 0.419377 0.477204 0.413841 0.524316
0 0.391003 0.548632 0.406920 0.563070 0.417301 0.547872 0.430104 0.547872 0.434602 0.497720 0.410035 0.328267 0.397232 0.333587 0.393080 0.435410 0.394118 0.499240
0 0.366436 0.543313 0.375433 0.565350 0.383391 0.550152 0.397924 0.556231 0.404152 0.544833 0.400346 0.497720 0.389273 0.323708 0.365744 0.344225 0.366436 0.455167 0.367820 0.506079
0 0.321107 0.550152 0.339446 0.573708 0.346367 0.565350 0.357785 0.563830 0.367128 0.548632 0.371626 0.531155 0.357785 0.493921 0.352595 0.446809 0.339446 0.345745 0.317301 0.360942 0.323529 0.456687 0.323183 0.503040 0.321107 0.526596
0 0.275779 0.529635 0.288581 0.551672 0.303460 0.563070 0.323529 0.546353 0.320069 0.506079 0.319377 0.430091 0.317301 0.333587 0.300346 0.345745 0.294810 0.441489 0.288581 0.465046 0.278893 0.493921
0 0.283391 0.449848 0.271626 0.436930 0.270934 0.420213 0.263322 0.416413 0.255017 0.401216 0.260900 0.373860 0.271972 0.357143 0.284083 0.336626 0.296540 0.322188 0.304152 0.328267 0.306228 0.369301 0.294118 0.448328
0 0.496540 0.551672 0.529412 0.554711 0.529412 0.482523 0.532526 0.301672 0.516955 0.313070 0.506228 0.457447 0.498616 0.502280
0 0.526990 0.547872 0.532526 0.474164 0.532526 0.381459 0.543945 0.322188 0.555709 0.336626 0.551557 0.406535 0.553287 0.496201 0.555709 0.541033 0.547751 0.551672
0 0.562284 0.554711 0.551903 0.502280 0.553979 0.452128 0.567128 0.274316 0.582353 0.281155 0.579239 0.402736 0.580969 0.480243 0.585467 0.518237 0.578547 0.551672
0 0.583391 0.537994 0.576125 0.496201 0.583391 0.431611 0.583045 0.291793 0.601038 0.296353 0.606228 0.409574 0.603114 0.468845 0.607958 0.504559 0.607958 0.534954 0.597924 0.546353 0.591696 0.543313
0 0.602422 0.539514 0.600346 0.497720 0.603806 0.462006 0.609343 0.365502 0.628720 0.325228 0.639446 0.363982 0.632526 0.438450 0.637024 0.517477 0.620761 0.543313 0.615571 0.534954
0 0.647059 0.536474 0.630796 0.526596 0.627682 0.493921 0.638754 0.445289 0.649481 0.281155 0.677163 0.296353 0.670242 0.428571 0.673010 0.470365 0.674740 0.510638 0.671626 0.531155 0.659170 0.533435
0 0.678547 0.518237 0.670242 0.485562 0.676471 0.381459 0.679931 0.289514 0.698616 0.291033 0.704152 0.392857 0.704152 0.427052 0.710035 0.455167 0.718685 0.490881 0.704152 0.518237 0.694810 0.522796
0 0.714533 0.421733 0.701038 0.414894 0.696886 0.377660 0.687889 0.306991 0.723183 0.282675 0.732526 0.329027 0.745329 0.351824 0.748443 0.369301 0.745329 0.394377 0.728720 0.411854 0.720761 0.423252
0 0.496194 0.576748 0.517301 0.575228 0.516955 0.640578 0.523875 0.771277 0.504152 0.762918
0 0.516955 0.571429 0.524221 0.561550 0.539446 0.569909 0.540138 0.605623 0.530796 0.775836 0.523875 0.775836
0 0.534948 0.619301 0.539446 0.563070 0.555709 0.551672 0.564706 0.585106 0.565398 0.659574 0.554671 0.816869 0.539446 0.813070
0 0.560900 0.612462 0.561592 0.576748 0.571626 0.551672 0.587889 0.568389 0.588581 0.630699 0.593426 0.784954 0.577163 0.786474 0.564014 0.629179
0 0.592388 0.613982 0.578547 0.580547 0.581661 0.556991 0.604844 0.543313 0.615571 0.560030 0.612457 0.615502 0.629412 0.808511 0.610035 0.807751
0 0.616955 0.619301 0.607266 0.572188 0.614879 0.534954 0.628028 0.541793 0.637024 0.546353 0.645329 0.541033 0.655363 0.547872 0.659170 0.580547 0.657785 0.654255 0.677855 0.738602 0.648443 0.769757 0.626990 0.717325
0 0.667820 0.613982 0.656401 0.572188 0.655709 0.539514 0.667820 0.528116 0.676471 0.532675 0.687197 0.529635 0.694810 0.524316 0.701730 0.543313 0.704152 0.578267 0.709343 0.626140 0.720069 0.734043 0.701038 0.742401 0.675433 0.662614
0 0.470242 0.565350 0.493080 0.572188 0.497232 0.629179 0.513841 0.778116 0.500000 0.787994 0.468512 0.583587
0 0.447059 0.579027 0.455709 0.566869 0.470242 0.576748 0.498616 0.781155 0.479585 0.784195
0 0.426990 0.630699 0.423875 0.575228 0.439446 0.563830 0.450865 0.593465 0.474740 0.833587 0.445675 0.838906 0.430104 0.647416
0 0.400000 0.639058 0.392388 0.609422 0.408651 0.568389 0.417301 0.573708 0.421799 0.588906 0.424221 0.647416 0.433910 0.818389 0.414879 0.821429
0 0.379239 0.693009 0.370242 0.642857 0.366436 0.617781 0.364014 0.591945 0.379239 0.572188 0.385467 0.568389 0.396194 0.594225 0.396540 0.629179 0.400346 0.669453 0.405536 0.737082 0.401730 0.840426 0.382353 0.821429
0 0.317993 0.796353 0.338062 0.740881 0.349481 0.680091 0.362630 0.641337 0.363322 0.601824 0.352595 0.583587 0.338062 0.591945 0.330450 0.576748 0.319377 0.593465 0.313149 0.617781 0.309689 0.693009 0.287197 0.784954
