0 0.470836 0.505319 0.510190 0.509119 0.510190 0.465805 0.493324 0.277356 0.484540 0.277356
0 0.452565 0.484802 0.455025 0.509119 0.466971 0.517477 0.475053 0.503799 0.479621 0.270517 0.462052 0.272796 0.451160 0.469605
0 0.431131 0.469605 0.438159 0.514438 0.452565 0.512918 0.463809 0.431611 0.452565 0.268997 0.429375 0.277356 0.424807 0.405775
0 0.401616 0.464286 0.411103 0.500760 0.423050 0.503799 0.426915 0.483283 0.436753 0.488602 0.442375 0.469605 0.443781 0.445289 0.426915 0.262158 0.401616 0.265957 0.404779 0.414134
0 0.377723 0.464286 0.387210 0.484802 0.398454 0.488602 0.400562 0.477964 0.408644 0.477964 0.414266 0.465805 0.416725 0.434650 0.411103 0.410334 0.409346 0.329787 0.387210 0.241641 0.374209 0.241641 0.379129 0.415653
0 0.340829 0.483283 0.360857 0.490122 0.379831 0.488602 0.390372 0.474924 0.391075 0.427812 0.382291 0.396657 0.357695 0.246960 0.327126 0.262158 0.343992 0.410334 0.337667 0.465805
0 0.307449 0.445289 0.344694 0.403495 0.330288 0.270517 0.298665 0.286474 0.302530 0.431611
0 0.256852 0.414134 0.262474 0.446809 0.296205 0.452128 0.300773 0.427812 0.300773 0.396657 0.291286 0.282675 0.273717 0.267477 0.268096 0.272796 0.270555 0.344985 0.264230 0.395137
0 0.505271 0.502280 0.535840 0.503799 0.537948 0.458967 0.525299 0.296353 0.510892 0.296353 0.505271 0.427812
0 0.526001 0.510638 0.552354 0.515957 0.553408 0.503799 0.548489 0.281155 0.537948 0.293313 0.532326 0.448328
0 0.553408 0.474924 0.562895 0.510638 0.578004 0.507599 0.583626 0.472644 0.573085 0.256839 0.557976 0.262158 0.554814 0.426292 0.553408 0.446809
0 0.574139 0.479483 0.581869 0.488602 0.587491 0.486322 0.595573 0.500760 0.608222 0.493921 0.611384 0.458967 0.596275 0.256839 0.579761 0.262158 0.574139 0.458967
0 0.605411 0.483283 0.624736 0.484802 0.639143 0.455927 0.626142 0.260638 0.607168 0.267477 0.600843 0.384498 0.598384 0.448328
0 0.680604 0.448328 0.723823 0.422492 0.709417 0.296353 0.711876 0.236322 0.671117 0.239362 0.666901 0.308511 0.673577 0.355623 0.672523 0.388298
0 0.725228 0.429331 0.744554 0.412614 0.750176 0.393617 0.745257 0.362462 0.733310 0.293313 0.738229 0.244681 0.722769 0.244681 0.710822 0.306991 0.719606 0.405775
0 0.467323 0.528875 0.443429 0.516717 0.442727 0.649696 0.448349 0.734802 0.463457 0.737842 0.473647 0.608663
0 0.546381 0.527356 0.555868 0.516717 0.567112 0.527356 0.576950 0.577508 0.585734 0.737842 0.570274 0.739362 0.554462 0.641337 0.546381 0.630699
0 0.565706 0.528875 0.575193 0.515198 0.593465 0.515198 0.622277 0.717325 0.603303 0.729483 0.584680 0.615502 0.572031 0.579027
0 0.591005 0.511398 0.621574 0.494681 0.646170 0.713526 0.628602 0.727204
0 0.660576 0.470365 0.674982 0.459726 0.705200 0.444529 0.755798 0.630699 0.713282 0.672492 0.682361 0.565350 0.676739 0.563830
0 0.707660 0.447568 0.723823 0.414894 0.747716 0.406535 0.795502 0.568389 0.762122 0.599544 0.732607 0.537234 0.713985 0.504559 0.703795 0.463526
0 0.417077 0.503040 0.447294 0.523556 0.438510 0.737842 0.413212 0.737842
0 0.391427 0.501520 0.420239 0.509878 0.417077 0.724164 0.395643 0.727204 0.387561 0.587386
0 0.309909 0.480243 0.355587 0.494681 0.352424 0.577508 0.302178 0.682371 0.265987 0.611702 0.299719 0.534195
0 0.260014 0.442249 0.291286 0.449848 0.315179 0.484043 0.307449 0.513678 0.256149 0.641337 0.221012 0.563830 0.252284 0.497720
