0 0.489879 0.495902 0.492915 0.538934 0.486336 0.548156 0.473684 0.551230 0.459008 0.545082 0.457490 0.516393 0.458502 0.484631 0.458502 0.454918 0.455466 0.367828 0.453441 0.340164 0.453947 0.317623 0.459514 0.308402 0.468117 0.314549 0.476721 0.350410 0.480769 0.396516
0 0.433704 0.496926 0.434211 0.535861 0.439777 0.544057 0.459514 0.540984 0.462551 0.524590 0.461032 0.497951 0.456984 0.461066 0.456478 0.429303 0.456478 0.371926 0.451417 0.343238 0.445344 0.345287 0.438765 0.354508 0.436235 0.397541
0 0.401822 0.500000 0.399291 0.521516 0.404858 0.537910 0.413462 0.548156 0.429150 0.544057 0.433704 0.528689 0.434211 0.492828 0.431680 0.444672 0.430162 0.405738 0.428644 0.373975 0.426113 0.346311 0.421053 0.318648 0.408401 0.320697 0.407389 0.372951
0 0.380567 0.489754 0.376518 0.531762 0.381579 0.540984 0.389676 0.547131 0.406883 0.531762 0.407895 0.500000 0.403340 0.485656 0.401822 0.451844 0.399798 0.406762 0.396255 0.379098 0.393725 0.352459 0.385628 0.337090 0.375000 0.344262 0.377530 0.372951 0.378036 0.421107
0 0.351215 0.493852 0.348178 0.515369 0.351215 0.531762 0.367915 0.537910 0.377024 0.534836 0.378543 0.518443 0.379049 0.488730 0.379555 0.453893 0.379555 0.421107 0.378543 0.392418 0.377024 0.363730 0.374494 0.330943 0.367409 0.320697 0.360324 0.324795 0.357794 0.350410 0.357794 0.401639 0.356781 0.437500
0 0.282389 0.456967 0.278846 0.495902 0.288462 0.521516 0.301619 0.523566 0.315789 0.516393 0.318826 0.495902 0.316296 0.465164 0.316296 0.430328 0.316802 0.371926 0.316296 0.339139 0.314777 0.298156 0.308704 0.289959 0.300607 0.293033 0.297065 0.319672 0.293522 0.356557
0 0.246964 0.461066 0.244939 0.484631 0.251518 0.491803 0.264170 0.501025 0.274798 0.510246 0.282389 0.502049 0.288462 0.481557 0.285425 0.463115 0.284919 0.433402 0.290486 0.372951 0.292510 0.351434 0.294028 0.316598 0.291498 0.290984 0.282895 0.283811 0.277328 0.281762 0.264170 0.277664 0.257591 0.297131 0.251518 0.334016 0.254049 0.377049 0.254555 0.413934
0 0.489372 0.496926 0.491903 0.532787 0.494433 0.546107 0.503036 0.551230 0.513664 0.551230 0.519737 0.542008 0.519231 0.498975 0.517206 0.474385 0.514170 0.442623 0.510121 0.396516 0.504049 0.336066 0.500000 0.328893 0.492409 0.326844 0.485830 0.358607 0.487348 0.396516 0.489879 0.446721
0 0.519231 0.497951 0.519231 0.536885 0.529352 0.548156 0.532895 0.548156 0.545040 0.539959 0.547571 0.521516 0.544028 0.465164 0.537955 0.424180 0.536437 0.392418 0.529858 0.350410 0.524291 0.322746 0.512146 0.318648 0.508097 0.340164 0.510628 0.383197
0 0.541498 0.487705 0.538462 0.504098 0.543016 0.531762 0.550607 0.540984 0.560729 0.548156 0.566296 0.544057 0.573887 0.528689 0.572874 0.492828 0.570850 0.448770 0.570850 0.411885 0.571356 0.376025 0.571356 0.348361 0.566296 0.302254 0.555668 0.289959 0.545040 0.314549 0.546053 0.344262
0 0.566296 0.481557 0.563765 0.512295 0.566296 0.529713 0.572874 0.537910 0.578441 0.537910 0.584514 0.545082 0.591599 0.546107 0.598178 0.530738 0.598684 0.509221 0.594636 0.490779 0.593623 0.474385 0.593623 0.436475 0.595142 0.391393 0.595142 0.349385 0.593623 0.324795 0.586032 0.321721 0.577429 0.336066 0.572874 0.406762
0 0.593117 0.491803 0.590587 0.510246 0.594130 0.528689 0.602733 0.534836 0.608300 0.540984 0.614372 0.542008 0.619939 0.532787 0.622470 0.514344 0.620445 0.488730 0.618927 0.481557 0.613866 0.419057 0.613360 0.393443 0.613866 0.370902 0.614879 0.347336 0.613866 0.323770 0.609312 0.315574 0.603745 0.317623 0.599696 0.337090 0.596154 0.365779 0.593623 0.394467
0 0.615385 0.485656 0.612854 0.505123 0.615891 0.519467 0.624494 0.533811 0.632591 0.532787 0.645749 0.531762 0.651822 0.529713 0.657895 0.517418 0.656883 0.494877 0.653846 0.473361 0.654352 0.424180 0.656377 0.384221 0.656377 0.368852 0.654352 0.339139 0.648785 0.326844 0.639676 0.315574 0.628036 0.319672 0.622976 0.339139 0.619433 0.363730 0.618927 0.395492 0.618927 0.426230
0 0.650810 0.477459 0.650304 0.496926 0.650810 0.515369 0.656377 0.525615 0.667004 0.527664 0.676113 0.519467 0.685223 0.520492 0.694838 0.503074 0.692308 0.463115 0.690283 0.443648 0.689271 0.420082 0.687753 0.394467 0.686235 0.369877 0.683704 0.349385 0.680162 0.326844 0.675101 0.314549 0.665486 0.312500 0.657895 0.336066 0.657389 0.360656 0.657389 0.401639
0 0.484818 0.578893 0.483806 0.611680 0.484818 0.627049 0.484818 0.678279 0.483806 0.700820 0.480769 0.739754 0.480263 0.763320 0.482794 0.783811 0.490891 0.786885 0.498988 0.768443 0.503036 0.697746 0.505061 0.617828 0.505061 0.604508 0.505567 0.579918 0.500000 0.571721
0 0.503036 0.577869 0.502024 0.590164 0.505061 0.610656 0.504555 0.639344 0.506073 0.698770 0.509109 0.739754 0.516194 0.770492 0.522267 0.777664 0.528340 0.768443 0.526316 0.707992 0.522773 0.645492 0.525304 0.613730 0.527328 0.602459 0.526822 0.574795 0.519231 0.569672 0.513158 0.567623 0.505567 0.571721
0 0.522773 0.571721 0.521255 0.590164 0.524291 0.611680 0.527834 0.661885 0.530364 0.700820 0.534413 0.736680 0.539474 0.786885 0.543522 0.799180 0.548583 0.801230 0.553644 0.789959 0.555162 0.767418 0.551113 0.696721 0.548583 0.637295 0.549595 0.606557 0.549595 0.579918 0.545547 0.564549 0.538968 0.561475 0.530870 0.565574
0 0.546559 0.561475 0.541498 0.578893 0.543016 0.596311 0.549089 0.615779 0.553644 0.659836 0.558704 0.697746 0.559717 0.758197 0.560729 0.777664 0.564777 0.784836 0.573887 0.786885 0.581984 0.771516 0.577935 0.683402 0.574899 0.635246 0.574899 0.605533 0.574393 0.569672 0.567308 0.552254 0.557692 0.551230 0.551619 0.555328
0 0.569838 0.554303 0.562753 0.560451 0.562247 0.570697 0.569332 0.590164 0.577429 0.637295 0.580972 0.673156 0.586032 0.702869 0.594636 0.741803 0.601215 0.771516 0.612348 0.774590 0.619433 0.750000 0.613360 0.711066 0.603239 0.661885 0.598178 0.604508 0.598178 0.579918 0.597166 0.551230 0.588057 0.546107 0.582490 0.550205 0.577935 0.549180
0 0.594636 0.554303 0.588057 0.561475 0.590081 0.575820 0.597672 0.587090 0.600709 0.608607 0.604251 0.641393 0.610830 0.682377 0.616397 0.712090 0.632085 0.742828 0.647773 0.748975 0.657895 0.745902 0.665992 0.721311 0.665486 0.702869 0.652834 0.663934 0.642206 0.618852 0.637146 0.584016 0.639676 0.555328 0.638158 0.545082 0.632591 0.538934 0.623482 0.539959
0 0.632591 0.540984 0.627530 0.553279 0.635628 0.573770 0.643725 0.586066 0.651822 0.633197 0.662449 0.671107 0.673077 0.690574 0.680162 0.704918 0.690789 0.713115 0.700405 0.704918 0.705466 0.686475 0.701417 0.648566 0.695344 0.625000 0.688765 0.596311 0.684211 0.577869 0.680668 0.549180 0.677632 0.530738 0.673077 0.522541 0.662449 0.526639 0.652834 0.530738
0 0.467105 0.579918 0.464575 0.597336 0.463057 0.620902 0.463057 0.649590 0.458502 0.747951 0.459008 0.766393 0.465081 0.796107 0.473684 0.800205 0.477227 0.763320 0.477227 0.729508 0.480769 0.681352 0.482794 0.634221 0.484818 0.595287 0.486336 0.579918 0.485324 0.570697 0.477227 0.573770
0 0.446356 0.573770 0.444332 0.581967 0.444332 0.605533 0.440789 0.642418 0.435729 0.711066 0.435729 0.737705 0.435729 0.759221 0.440789 0.771516 0.447874 0.766393 0.452935 0.735656 0.456478 0.700820 0.463563 0.627049 0.469130 0.579918 0.467611 0.573770 0.460526 0.570697
0 0.420547 0.570697 0.419028 0.589139 0.420040 0.621926 0.415992 0.656762 0.412449 0.692623 0.407895 0.739754 0.407895 0.764344 0.409413 0.792008 0.417004 0.809426 0.427632 0.807377 0.430668 0.783811 0.429656 0.736680 0.432186 0.704918 0.439271 0.645492 0.442308 0.617828 0.445344 0.593238 0.444332 0.573770 0.439271 0.564549 0.430162 0.563525
0 0.399291 0.563525 0.393725 0.573770 0.394737 0.586066 0.394231 0.618852 0.390688 0.671107 0.386134 0.717213 0.382591 0.747951 0.382085 0.776639 0.388664 0.789959 0.399798 0.778689 0.402328 0.748975 0.405364 0.706967 0.409919 0.664959 0.413462 0.629098 0.418522 0.604508 0.424089 0.582992 0.421559 0.575820 0.415486 0.560451 0.408907 0.555328
0 0.373988 0.553279 0.367915 0.559426 0.367915 0.575820 0.368421 0.616803 0.364879 0.643443 0.362854 0.665984 0.357287 0.686475 0.347672 0.709016 0.344636 0.723361 0.340587 0.733607 0.337551 0.758197 0.351721 0.770492 0.364879 0.753074 0.375000 0.720287 0.387146 0.642418 0.393219 0.604508 0.401316 0.589139 0.401822 0.560451 0.395243 0.553279 0.382591 0.553279
0 0.334008 0.533811 0.323887 0.553279 0.325405 0.585041 0.324393 0.599385 0.316802 0.641393 0.302126 0.697746 0.298583 0.725410 0.308704 0.746926 0.330466 0.744877 0.341093 0.722336 0.351721 0.683402 0.359312 0.634221 0.362348 0.610656 0.377024 0.561475 0.370445 0.548156 0.360324 0.540984 0.354251 0.548156 0.341093 0.531762
0 0.292510 0.527664 0.285425 0.543033 0.286437 0.568648 0.269231 0.642418 0.261134 0.657787 0.253036 0.682377 0.250000 0.711066 0.264676 0.726434 0.282895 0.725410 0.311235 0.652664 0.317308 0.619877 0.322874 0.593238 0.329453 0.577869 0.336538 0.560451 0.335020 0.545082 0.323887 0.534836 0.312247 0.529713 0.300101 0.525615
0 0.254555 0.497951 0.246457 0.514344 0.244939 0.542008 0.235830 0.568648 0.224190 0.585041 0.213563 0.605533 0.207996 0.632172 0.210526 0.655738 0.220648 0.677254 0.241903 0.671107 0.256073 0.650615 0.271255 0.606557 0.279352 0.582992 0.289980 0.563525 0.298583 0.540984 0.290486 0.517418 0.281377 0.512295 0.271255 0.506148
