0 0.519526 0.336436 0.524407 0.458112 0.524407 0.494016 0.526151 0.536569 0.491632 0.535904 0.492329 0.475399 0.481869 0.265957 0.519526 0.257314
0 0.482218 0.265293 0.492329 0.347739 0.493375 0.392287 0.494421 0.430851 0.491283 0.446809 0.495119 0.539894 0.470014 0.537899 0.463738 0.266622
0 0.448047 0.210771 0.465132 0.392287 0.467922 0.431516 0.469317 0.448803 0.468271 0.454122 0.470711 0.478059 0.472803 0.528590 0.449093 0.533245 0.447699 0.500665 0.442469 0.469415 0.442120 0.429521 0.436890 0.370346 0.430962 0.216755
0 0.430265 0.217420 0.437238 0.369016 0.442120 0.429521 0.448047 0.442154 0.452232 0.462101 0.451534 0.488697 0.449093 0.504654 0.447001 0.523271 0.416318 0.525266 0.417364 0.494681 0.416318 0.459441 0.412483 0.216090
0 0.416318 0.524601 0.417713 0.494681 0.422245 0.487367 0.421897 0.458777 0.417713 0.424867 0.410042 0.237367 0.370642 0.243351 0.385286 0.440160 0.385286 0.456782 0.388424 0.470745 0.389121 0.487367 0.385286 0.499335 0.381799 0.510638 0.395746 0.525931
0 0.376220 0.250665 0.384937 0.441489 0.385983 0.456117 0.388424 0.470745 0.389470 0.488032 0.385286 0.501330 0.381799 0.515293 0.340656 0.521941 0.341004 0.472739 0.343445 0.331117 0.345537 0.238032
0 0.324965 0.242021 0.341702 0.416888 0.341004 0.506649 0.285216 0.507979 0.300907 0.246676
0 0.523710 0.261303 0.524059 0.457447 0.524756 0.515957 0.559972 0.509309 0.558577 0.485372 0.556137 0.255984
0 0.555788 0.263963 0.558229 0.509973 0.582636 0.507314 0.581590 0.460106 0.581590 0.260638
0 0.580544 0.246676 0.581590 0.463431 0.581241 0.517287 0.611576 0.511303 0.608787 0.432181 0.619596 0.214096 0.579847 0.213431
0 0.613319 0.271277 0.610530 0.421543 0.609135 0.430851 0.611227 0.502660 0.649930 0.498670 0.649582 0.472074 0.645397 0.465426 0.642957 0.454787 0.641911 0.444814 0.641911 0.430851 0.642608 0.416223 0.642957 0.404255 0.640516 0.380319 0.638075 0.344415 0.635983 0.309176 0.634937 0.240027 0.614017 0.242021
0 0.636332 0.225399 0.638424 0.344415 0.640865 0.380984 0.642608 0.404920 0.642259 0.416223 0.641562 0.431516 0.641213 0.444149 0.643654 0.454787 0.645397 0.466755 0.649930 0.474069 0.649930 0.493351 0.686890 0.485372 0.683752 0.442154 0.680962 0.436170 0.680265 0.422207 0.678522 0.211436
0 0.694561 0.228059 0.680265 0.422207 0.682008 0.436835 0.685146 0.458777 0.686541 0.477394 0.736750 0.462766 0.744421 0.220080
0 0.510809 0.595080 0.513598 0.611702 0.514644 0.663564 0.518131 0.692819 0.519526 0.716090 0.520921 0.802527 0.551255 0.799202 0.537308 0.628324 0.535914 0.613032 0.533821 0.600399 0.532775 0.588431
0 0.532775 0.587101 0.533821 0.601064 0.535216 0.613032 0.536960 0.628324 0.551953 0.827793 0.584379 0.818484 0.561018 0.614362 0.559623 0.580452
0 0.559275 0.581117 0.560669 0.614362 0.588563 0.838431 0.624128 0.820479 0.591353 0.617686 0.590307 0.613032 0.586820 0.595745 0.580544 0.569149
0 0.586471 0.573803 0.587169 0.603059 0.589958 0.615027 0.595188 0.642952 0.624826 0.827128 0.658298 0.790559 0.619596 0.590426 0.612622 0.555851
0 0.614365 0.563830 0.619247 0.589096 0.626569 0.628989 0.662831 0.805186 0.701185 0.774601 0.656904 0.589096 0.651325 0.578457 0.649582 0.559176 0.648536 0.540559
0 0.649233 0.542553 0.649582 0.559840 0.650628 0.577793 0.653417 0.583777 0.656904 0.592420 0.696653 0.753324 0.747559 0.694814 0.705021 0.565160 0.702929 0.525266
0 0.702929 0.521941 0.705370 0.573138 0.764993 0.745346 0.809275 0.690160 0.748257 0.477394
0 0.510809 0.594415 0.513598 0.613032 0.514993 0.667553 0.518480 0.694149 0.519874 0.729388 0.523710 0.805186 0.502441 0.803191 0.492329 0.635638 0.491632 0.621011 0.494073 0.597074
0 0.493375 0.589761 0.492678 0.613697 0.491283 0.631649 0.505579 0.818484 0.474547 0.822473 0.470363 0.632314 0.466179 0.585771
0 0.466527 0.585771 0.470711 0.633644 0.469665 0.855053 0.431660 0.846410 0.441771 0.644947 0.442120 0.611037 0.448396 0.583777
0 0.421548 0.561835 0.445955 0.579122 0.447350 0.604388 0.448396 0.611037 0.446653 0.621676 0.442120 0.635638 0.440028 0.652926 0.427476 0.835771 0.390865 0.818484 0.408298 0.635638 0.414575 0.605053 0.417364 0.597074 0.418759 0.581782
0 0.383194 0.562500 0.415969 0.555851 0.419107 0.581782 0.417015 0.598404 0.414226 0.605718 0.410391 0.628989 0.389819 0.821144 0.352859 0.805851 0.372385 0.633644 0.379707 0.597739 0.377964 0.588431 0.378312 0.583112 0.380404 0.578457 0.381450 0.574468 0.383543 0.572473
0 0.330893 0.548537 0.383543 0.556516 0.383194 0.571809 0.380404 0.578457 0.379358 0.583777 0.379358 0.588431 0.379358 0.591755 0.380404 0.597074 0.380056 0.604388 0.352162 0.803856 0.293933 0.748670 0.325662 0.596410 0.326709 0.583112 0.328801 0.573803 0.330544 0.564495
0 0.276848 0.527261 0.330544 0.543883 0.330544 0.565824 0.328103 0.575798 0.328103 0.584441 0.326360 0.593085 0.323222 0.613697 0.285216 0.785239 0.233961 0.729388
