0 0.474493 0.575988 0.508036 0.569909 0.494410 0.320669 0.470300 0.328267 0.472746 0.500000 0.471698 0.544833
0 0.451782 0.507599 0.455975 0.566109 0.461915 0.573708 0.469252 0.569909 0.473795 0.555471 0.475891 0.482523 0.473096 0.319149 0.453180 0.328267 0.455975 0.446809
0 0.433263 0.325988 0.433263 0.493161 0.432215 0.522796 0.434661 0.548632 0.437806 0.572188 0.441300 0.581307 0.451782 0.572188 0.453529 0.553951 0.455975 0.537234 0.456674 0.480243 0.446191 0.323708
0 0.412648 0.329787 0.411950 0.482523 0.412998 0.518997 0.411950 0.535714 0.414745 0.557751 0.418588 0.569149 0.421384 0.583587 0.431167 0.565350 0.444444 0.566109 0.446541 0.537234 0.443746 0.503040 0.429769 0.326748
0 0.393781 0.349544 0.390636 0.531915 0.391684 0.548632 0.394829 0.574468 0.398672 0.586626 0.403913 0.590426 0.407757 0.580547 0.415444 0.579787 0.421733 0.573708 0.423829 0.556231 0.417191 0.518997 0.411251 0.337386 0.394829 0.338146
0 0.366876 0.366261 0.361286 0.488602 0.361635 0.517477 0.361635 0.541033 0.359888 0.557751 0.358491 0.574468 0.363732 0.585106 0.371069 0.588906 0.376660 0.588146 0.390287 0.593465 0.398323 0.591945 0.403913 0.586626 0.403564 0.541793 0.401468 0.518997 0.385395 0.360182
0 0.341719 0.379939 0.336129 0.430851 0.337876 0.476444 0.335080 0.505319 0.329839 0.522796 0.325646 0.550152 0.326695 0.577508 0.329839 0.593465 0.336827 0.591185 0.356394 0.603343 0.365129 0.591945 0.368973 0.548632 0.368274 0.453647 0.358491 0.353343
0 0.502795 0.498480 0.506289 0.563070 0.518169 0.569149 0.528302 0.563070 0.535290 0.557751 0.533543 0.490881 0.524808 0.309271 0.504892 0.319909 0.504892 0.488602
0 0.532844 0.488602 0.530049 0.532675 0.532844 0.548632 0.536688 0.560030 0.547519 0.558511 0.555905 0.554711 0.554857 0.496201 0.548567 0.327508 0.531447 0.326748 0.530049 0.334347
0 0.558001 0.360182 0.551363 0.517477 0.555206 0.537994 0.559399 0.555471 0.568484 0.563070 0.571978 0.566109 0.576520 0.554711 0.579315 0.507599 0.575821 0.331307 0.559050 0.337386
0 0.581412 0.379939 0.573375 0.500000 0.571279 0.518237 0.570929 0.544073 0.573026 0.560030 0.579665 0.556231 0.584906 0.563070 0.595737 0.573708 0.603075 0.566109 0.605171 0.548632 0.602376 0.515957 0.599231 0.355623 0.581062 0.358663
0 0.611810 0.384498 0.605870 0.493921 0.599231 0.522036 0.595038 0.541033 0.595737 0.555471 0.602725 0.577508 0.610762 0.581307 0.622642 0.577508 0.626834 0.557751 0.626485 0.525836 0.625786 0.363222 0.610762 0.373100
0 0.676101 0.373100 0.658281 0.418693 0.657582 0.475684 0.650943 0.511398 0.646052 0.531915 0.648148 0.574468 0.654437 0.588146 0.664920 0.588906 0.677498 0.572188 0.682739 0.572188 0.687980 0.556231 0.691474 0.375380
0 0.698113 0.398936 0.693222 0.467325 0.687282 0.496960 0.684836 0.527356 0.684137 0.553951 0.689378 0.566109 0.692872 0.572188 0.699860 0.579787 0.711041 0.566869 0.719776 0.561550 0.725017 0.536474 0.723969 0.512158 0.711740 0.382219 0.701258 0.389818
0 0.506289 0.597264 0.528651 0.605623 0.524808 0.813070 0.516073 0.814590
0 0.525856 0.603343 0.540881 0.598024 0.547519 0.601064 0.552411 0.612462 0.548567 0.656535 0.534591 0.816869 0.522013 0.814590 0.524458 0.743161 0.524808 0.613982
0 0.546122 0.710486 0.543326 0.623860 0.560098 0.617781 0.573375 0.652736 0.575122 0.707447 0.577568 0.869301 0.559050 0.868541 0.549965 0.787994
0 0.575122 0.693769 0.566737 0.652736 0.568484 0.637538 0.579315 0.615502 0.594340 0.629939 0.599231 0.671733 0.602376 0.862462 0.589797 0.874620
0 0.597834 0.697568 0.587701 0.655015 0.589448 0.630699 0.597484 0.617781 0.608316 0.617021 0.622991 0.650456 0.621593 0.696049 0.634871 0.866261 0.614955 0.863982
0 0.625087 0.696809 0.614955 0.656535 0.614256 0.626900 0.616702 0.615502 0.652690 0.608663 0.666667 0.626140 0.665968 0.686170 0.686233 0.837386 0.643955 0.834347 0.629630 0.763678 0.624389 0.706687
0 0.671209 0.696049 0.659329 0.655775 0.661775 0.633739 0.673305 0.617021 0.681691 0.612462 0.691125 0.606383 0.700559 0.601064 0.711740 0.613222 0.719776 0.649696 0.721174 0.675532 0.760657 0.813070 0.721523 0.835866 0.699860 0.765198
0 0.487771 0.601824 0.507687 0.594985 0.512928 0.822948 0.494759 0.825988
0 0.467855 0.601064 0.489168 0.615502 0.493361 0.815350 0.476939 0.815350 0.467855 0.707447 0.463662 0.627660
0 0.444444 0.674772 0.446890 0.623860 0.453180 0.619301 0.462614 0.620821 0.470999 0.670213 0.476590 0.856383 0.458770 0.860182
0 0.429420 0.807751 0.423131 0.686170 0.422082 0.641337 0.428022 0.620821 0.436059 0.619301 0.446890 0.640578 0.454228 0.667933 0.443746 0.877660 0.431167 0.861702
0 0.395528 0.867021 0.400419 0.712006 0.398323 0.682371 0.397275 0.651976 0.400070 0.623860 0.414396 0.629939 0.421034 0.642097 0.431866 0.645137 0.436059 0.651976 0.431167 0.709726 0.417191 0.877660
0 0.340321 0.837386 0.361635 0.700608 0.358491 0.658815 0.360587 0.630699 0.394479 0.636018 0.411600 0.641337 0.414396 0.648936 0.402865 0.725684 0.380154 0.862462
0 0.279874 0.811550 0.314815 0.682371 0.319008 0.645897 0.322851 0.627660 0.325646 0.613982 0.333683 0.613222 0.353599 0.631459 0.368973 0.648176 0.373515 0.660334 0.361286 0.697568 0.308526 0.845745
