0 0.468956 0.596505 0.484912 0.604863 0.501908 0.607903 0.499133 0.510638 0.495317 0.321429 0.475893 0.320669 0.477974 0.476444 0.469650 0.575988
0 0.443635 0.522036 0.442595 0.572948 0.447451 0.594985 0.465834 0.599544 0.471037 0.586626 0.474853 0.513678 0.475893 0.327508 0.450572 0.335866 0.447451 0.510638
0 0.398890 0.360182 0.392647 0.509878 0.388831 0.549392 0.389525 0.575988 0.391606 0.586626 0.400971 0.586626 0.410336 0.579787 0.419702 0.559271 0.423517 0.518237 0.416580 0.335866
0 0.373222 0.376900 0.371835 0.483283 0.366285 0.528875 0.364204 0.556231 0.366285 0.579027 0.371141 0.589666 0.387097 0.577508 0.392647 0.552432 0.393340 0.498480 0.392647 0.396657 0.390219 0.344985 0.374957 0.357903
0 0.333333 0.383739 0.333333 0.472644 0.329518 0.495441 0.326396 0.522036 0.324662 0.550912 0.324662 0.567629 0.335761 0.571429 0.345473 0.577508 0.357267 0.585866 0.370101 0.563830 0.370101 0.520517 0.371141 0.481763 0.373222 0.356383
0 0.295525 0.341185 0.300728 0.407295 0.300035 0.459726 0.293097 0.483283 0.289282 0.506839 0.291016 0.518237 0.309400 0.530395 0.323274 0.537234 0.334721 0.513678 0.337149 0.465046 0.333333 0.418693 0.329518 0.321429
0 0.501214 0.589666 0.517516 0.604863 0.525841 0.609422 0.537634 0.606383 0.540409 0.589666 0.538328 0.503799 0.528269 0.344985 0.504336 0.348024 0.509886 0.488602
0 0.538328 0.522036 0.535900 0.589666 0.554284 0.599544 0.561568 0.599544 0.568505 0.581307 0.563649 0.476444 0.556018 0.376900 0.536594 0.376900 0.535900 0.498480
0 0.564690 0.351824 0.561221 0.503799 0.564690 0.531915 0.567464 0.557751 0.569199 0.571429 0.579258 0.579027 0.586889 0.585866 0.591398 0.572948 0.593132 0.538754 0.582033 0.339666
0 0.579951 0.364742 0.579951 0.483283 0.581339 0.509878 0.585154 0.537234 0.588970 0.552432 0.597641 0.569149 0.612210 0.574468 0.622962 0.567629 0.624696 0.538754 0.616025 0.490122 0.602844 0.344985 0.592092 0.356383
0 0.649324 0.449848 0.644468 0.490122 0.643080 0.513678 0.648630 0.530395 0.662504 0.535714 0.677072 0.530395 0.689213 0.520517 0.691641 0.503799 0.691641 0.481763 0.691641 0.427812 0.691641 0.341185 0.670829 0.344225 0.655567 0.395137 0.647589 0.433891
0 0.508151 0.623100 0.529657 0.616261 0.526882 0.803951 0.516823 0.810790 0.508151 0.687690
0 0.531391 0.632979 0.542144 0.621581 0.549775 0.624620 0.550815 0.679331 0.551509 0.824468 0.538328 0.834347
0 0.549775 0.689210 0.549775 0.632979 0.550468 0.610182 0.566077 0.601824 0.576136 0.611702 0.578564 0.643617 0.576136 0.731763 0.581339 0.857903 0.559834 0.857903
0 0.578217 0.682371 0.569199 0.638298 0.569892 0.606383 0.582033 0.596505 0.596948 0.613222 0.603885 0.633739 0.613944 0.815350 0.599029 0.820669
0 0.608394 0.670213 0.600069 0.625380 0.598335 0.594985 0.609088 0.579027 0.617066 0.579787 0.631634 0.609422 0.633021 0.650456 0.650017 0.800912 0.635449 0.816109 0.619840 0.715805
0 0.629899 0.626900 0.624003 0.613222 0.620187 0.596505 0.614638 0.579787 0.616025 0.569149 0.630940 0.550912 0.644468 0.547112 0.656261 0.550912 0.670829 0.552432 0.671523 0.575988 0.670829 0.617781 0.677766 0.646657 0.682275 0.687690 0.693375 0.754559 0.668748 0.783435 0.647936 0.744681 0.635449 0.667173 0.634062 0.643617
0 0.675685 0.620061 0.659383 0.606383 0.659383 0.579787 0.661464 0.560790 0.680888 0.540274 0.703434 0.534195 0.709331 0.567629 0.741589 0.718085 0.718696 0.727964 0.695456 0.696049
0 0.711065 0.589666 0.705515 0.564590 0.702393 0.545593 0.704821 0.525076 0.714187 0.509878 0.727714 0.501520 0.737079 0.501520 0.748526 0.503799 0.750260 0.557751 0.783212 0.667173 0.757197 0.700608 0.738467 0.679331 0.729448 0.661854 0.724939 0.635258
0 0.489074 0.629939 0.509886 0.625380 0.509886 0.807751 0.497399 0.807751
0 0.468262 0.621581 0.491155 0.632979 0.495317 0.802432 0.477974 0.800152
0 0.447451 0.625380 0.454388 0.596505 0.468956 0.601064 0.475199 0.639818 0.472771 0.687690 0.479709 0.829027 0.460284 0.832827 0.445716 0.697568
0 0.422823 0.704407 0.420395 0.663374 0.422823 0.629939 0.428720 0.614742 0.440513 0.609422 0.448144 0.625380 0.448144 0.683891 0.451960 0.837386 0.432536 0.841185 0.424905 0.784954
0 0.360042 0.599544 0.354145 0.632979 0.335761 0.680851 0.306278 0.731763 0.272286 0.746960 0.271592 0.697568 0.294138 0.655015 0.304891 0.625380 0.313215 0.588146 0.322581 0.562310
0 0.244537 0.687690 0.265349 0.596505 0.268470 0.564590 0.270898 0.531915 0.271592 0.522036 0.277836 0.522036 0.296219 0.530395 0.314950 0.542553 0.324662 0.562310 0.307666 0.621581 0.284773 0.670213 0.258411 0.709726
