0 0.497502 0.334347 0.500833 0.525076 0.501832 0.566869 0.483183 0.572948 0.475524 0.565350 0.473859 0.531915 0.476190 0.445289 0.480519 0.341945
0 0.479520 0.341945 0.477189 0.406535 0.476523 0.469605 0.476856 0.509878 0.473526 0.531915 0.474525 0.569149 0.460539 0.567629 0.449550 0.551672 0.449217 0.533435 0.453213 0.517477 0.458208 0.490122 0.469197 0.343465
0 0.457542 0.344985 0.455544 0.456687 0.458541 0.495441 0.457875 0.509119 0.455211 0.523556 0.454212 0.535714 0.449550 0.561550 0.445221 0.569149 0.442224 0.569149 0.435564 0.563070 0.433899 0.548632 0.431235 0.527356 0.428571 0.505319 0.438228 0.346505
0 0.400932 0.371581 0.401931 0.432371 0.403263 0.463526 0.404928 0.487082 0.404595 0.501520 0.402597 0.518237 0.401598 0.531915 0.399600 0.538754 0.391608 0.540274 0.385947 0.539514 0.377955 0.535714 0.372960 0.535714 0.364968 0.539514 0.361971 0.539514 0.360639 0.525076 0.361305 0.509878 0.363636 0.481003 0.371961 0.442249 0.378954 0.398176 0.385614 0.369301
0 0.359640 0.354103 0.347652 0.408815 0.339993 0.431611 0.329004 0.461246 0.328005 0.469605 0.331002 0.485562 0.335331 0.496960 0.338661 0.505319 0.343989 0.513678 0.349317 0.518997 0.355311 0.518997 0.357975 0.512918 0.361305 0.496960 0.364635 0.479483 0.369963 0.455927 0.373959 0.436930 0.382950 0.373860 0.384615 0.359422 0.373293 0.348024
0 0.343989 0.300912 0.326673 0.351064 0.302364 0.384498 0.302697 0.407295 0.308358 0.430851 0.312021 0.447568 0.318681 0.464286 0.324009 0.465046 0.329004 0.456687 0.338328 0.439210 0.343323 0.423252 0.349317 0.401216 0.365967 0.335106
0 0.507493 0.337386 0.502831 0.490122 0.501166 0.527356 0.500833 0.568389 0.518815 0.574468 0.526807 0.566869 0.529138 0.556231 0.527140 0.512158 0.524809 0.481003 0.527140 0.343465
0 0.530803 0.330547 0.527140 0.393617 0.524809 0.474924 0.524809 0.512918 0.527806 0.563070 0.540460 0.566869 0.547120 0.563070 0.550117 0.553951 0.549451 0.518997 0.545122 0.481763 0.546787 0.409574 0.547786 0.337386
0 0.549118 0.323708 0.546121 0.443009 0.544456 0.506839 0.544456 0.523556 0.549118 0.544073 0.551449 0.556231 0.556111 0.569909 0.560107 0.570669 0.564436 0.570669 0.565435 0.565350 0.566767 0.555471 0.567766 0.550912 0.570430 0.534954 0.573427 0.517477 0.573427 0.508359 0.572428 0.481003 0.571096 0.455167 0.570430 0.422492 0.569098 0.379939 0.564103 0.307751 0.549451 0.313830
0 0.608059 0.333587 0.605062 0.405015 0.604396 0.443769 0.601732 0.461246 0.600067 0.471125 0.598402 0.490122 0.598069 0.498480 0.599734 0.514438 0.602398 0.527356 0.605395 0.536474 0.610723 0.542553 0.618715 0.543313 0.625708 0.543313 0.635365 0.542553 0.640360 0.536474 0.640693 0.531915 0.640027 0.522796 0.637363 0.508359 0.636031 0.494681 0.631036 0.417933 0.629038 0.332067
0 0.630703 0.331307 0.633034 0.458207 0.635365 0.499240 0.638029 0.519757 0.641359 0.527356 0.646354 0.531155 0.651349 0.531155 0.657676 0.530395 0.664336 0.524316 0.672994 0.509119 0.675991 0.493921 0.676324 0.481003 0.672994 0.457447 0.668998 0.430851 0.667333 0.395137 0.666001 0.365502 0.662005 0.322188
0 0.506161 0.583587 0.505162 0.607903 0.503497 0.640578 0.507826 0.786474 0.523810 0.784954 0.522478 0.677052 0.522145 0.608663 0.521812 0.579787
0 0.521812 0.579787 0.520480 0.615502 0.523810 0.646657 0.521812 0.697568 0.523477 0.787234 0.534799 0.784954 0.538795 0.630699 0.539794 0.607903 0.539794 0.597264 0.540460 0.589666 0.539794 0.581307 0.537130 0.571429 0.532468 0.571429
0 0.543124 0.575988 0.537463 0.579787 0.539461 0.599544 0.540127 0.608663 0.540127 0.623100 0.539461 0.643617 0.540793 0.727204 0.552781 0.822188 0.572095 0.810790 0.562771 0.639818 0.564436 0.614742 0.564103 0.594225 0.561772 0.581307 0.558442 0.575228 0.552448 0.569909 0.545122 0.569149
0 0.571096 0.570669 0.568432 0.582067 0.565768 0.594985 0.563104 0.604863 0.562438 0.608663 0.562438 0.614742 0.562771 0.627660 0.564436 0.642857 0.566101 0.666413 0.566434 0.687690 0.566767 0.702888 0.566767 0.724164 0.566434 0.759119 0.571762 0.787234 0.577756 0.789514 0.583084 0.785714 0.591409 0.740122 0.591742 0.703647 0.592741 0.674012 0.593074 0.646657 0.593074 0.632219 0.591742 0.613222 0.588079 0.600304 0.583084 0.581307 0.574759 0.569909
0 0.588745 0.564590 0.585415 0.576748 0.580087 0.586626 0.581086 0.602584 0.584749 0.622340 0.588079 0.633739 0.591742 0.649696 0.594073 0.667933 0.594073 0.699848 0.594073 0.725684 0.597736 0.763678 0.601399 0.791033 0.610390 0.805471 0.614386 0.803951 0.616717 0.790274 0.617050 0.762158 0.617383 0.729483 0.617716 0.707447 0.616051 0.690729 0.610390 0.653495 0.610390 0.633739 0.610390 0.616261 0.609724 0.604103 0.609058 0.584347 0.607726 0.577508 0.603730 0.569909 0.597070 0.562310
0 0.613387 0.556991 0.609724 0.556991 0.603064 0.556991 0.601066 0.573708 0.602731 0.591945 0.605062 0.604863 0.609058 0.620061 0.610390 0.634498 0.611056 0.657295 0.612055 0.678571 0.616051 0.707447 0.621046 0.736322 0.639361 0.766717 0.658342 0.766717 0.674992 0.750000 0.679321 0.726444 0.670663 0.688450 0.660340 0.636778 0.654679 0.603343 0.648685 0.569909 0.644356 0.556991 0.632701 0.550912 0.625375 0.551672
0 0.680653 0.518997 0.671329 0.532675 0.663670 0.549392 0.660340 0.563070 0.660007 0.586626 0.670996 0.604863 0.681319 0.636018 0.692974 0.670973 0.715285 0.704407 0.730270 0.706687 0.735598 0.701368 0.745921 0.669453 0.748585 0.636778 0.748918 0.610942 0.742258 0.578267 0.722611 0.535714 0.708958 0.508359 0.694639 0.494681 0.686647 0.497720
0 0.505162 0.584347 0.505162 0.607143 0.503164 0.642097 0.504496 0.721884 0.500167 0.804711 0.486846 0.801672 0.487512 0.741641 0.491508 0.682371 0.488844 0.633739 0.488844 0.602584 0.489843 0.590426
0 0.489177 0.585866 0.490176 0.601064 0.488178 0.633739 0.488844 0.659574 0.489177 0.707447 0.485181 0.776596 0.474192 0.784954 0.471528 0.660334 0.469863 0.618541 0.469863 0.583587
0 0.466533 0.577508 0.470529 0.601824 0.469863 0.625380 0.470862 0.662614 0.470196 0.728723 0.467199 0.809271 0.441558 0.812310 0.442890 0.658815 0.445554 0.623100 0.448884 0.592705 0.452547 0.582067 0.459207 0.575228
0 0.443223 0.572188 0.447552 0.591945 0.449217 0.601824 0.448218 0.618541 0.445554 0.631459 0.443889 0.645137 0.443889 0.661094 0.443223 0.712006 0.442890 0.794073 0.442890 0.810030 0.418914 0.802432 0.420912 0.651976 0.420246 0.618541 0.420246 0.607143 0.420912 0.598024 0.422577 0.591185 0.425907 0.576748 0.428571 0.571429 0.435564 0.566869
0 0.416250 0.559271 0.407592 0.560030 0.399600 0.569909 0.395271 0.601824 0.384282 0.782675 0.408924 0.788754 0.419580 0.641337 0.426906 0.610182 0.429237 0.586626 0.428904 0.575988 0.423243 0.564590
0 0.332001 0.500760 0.322011 0.499240 0.314019 0.515198 0.300699 0.530395 0.287379 0.544833 0.258408 0.585866 0.269730 0.672492 0.299700 0.667933 0.320679 0.648936 0.342657 0.629179 0.366966 0.603343 0.367965 0.564590 0.360306 0.541793 0.349983 0.522796 0.342657 0.518237 0.338994 0.510638
