0 0.486404 0.538754 0.497961 0.553191 0.511897 0.544833 0.512576 0.504559 0.519375 0.371581 0.492182 0.370061 0.491162 0.458207 0.487763 0.509878
0 0.514276 0.543313 0.533651 0.539514 0.539429 0.366261 0.520054 0.370061 0.515636 0.439210 0.516995 0.508359
0 0.535350 0.521277 0.540109 0.537234 0.561183 0.538754 0.562882 0.367781 0.543168 0.367781 0.538409 0.447568 0.535690 0.508359
0 0.606390 0.549392 0.614208 0.560030 0.621686 0.553191 0.631203 0.557751 0.637322 0.549392 0.645479 0.378419 0.616587 0.370061 0.611149 0.444529 0.607410 0.487842 0.603671 0.515957 0.603671 0.530395
0 0.637322 0.528116 0.644120 0.545593 0.669273 0.541033 0.676751 0.373100 0.646159 0.369301 0.639361 0.477964
0 0.462610 0.371581 0.487424 0.376900 0.486744 0.545593 0.478586 0.549392 0.461591 0.544833 0.460571 0.533435 0.462271 0.487082 0.461931 0.389058
0 0.441196 0.523556 0.440857 0.465805 0.439837 0.386018 0.440517 0.369301 0.461251 0.370821 0.459551 0.439970 0.461591 0.486322 0.460571 0.535714 0.456492 0.543313 0.446635 0.542553 0.442216 0.537234
0 0.276683 0.547112 0.289259 0.563830 0.312033 0.558511 0.315772 0.574468 0.314752 0.597264 0.286540 0.727964 0.246771 0.674772 0.270224 0.604863
0 0.315432 0.562310 0.308634 0.604103 0.287559 0.733283 0.320530 0.762918 0.363698 0.574468 0.345683 0.576748 0.334806 0.562310 0.326649 0.569909
0 0.388851 0.575988 0.386132 0.579027 0.385112 0.587386 0.385792 0.601064 0.388511 0.626140 0.390891 0.670973 0.390891 0.702128 0.388851 0.743161 0.388171 0.752280 0.401088 0.758359 0.407206 0.758359 0.412305 0.740881 0.411285 0.724164 0.409585 0.695289 0.408226 0.673252 0.408906 0.638298 0.410605 0.623100 0.413324 0.608663 0.415024 0.592705 0.415704 0.579027 0.415704 0.574468 0.411285 0.572948 0.406186 0.572948 0.395309 0.572948
0 0.415704 0.578267 0.420462 0.577508 0.423861 0.577508 0.432359 0.582067 0.435078 0.585866 0.436098 0.594985 0.436778 0.608663 0.436778 0.623100 0.436098 0.639058 0.434738 0.655015 0.433719 0.677812 0.433379 0.708967 0.432699 0.732523 0.430999 0.751520 0.430320 0.758359 0.421142 0.757599 0.414004 0.753040 0.410265 0.743161 0.408226 0.721125 0.407886 0.713526 0.407886 0.698328 0.407886 0.683891 0.409245 0.667173 0.409245 0.648936 0.409245 0.629939 0.409245 0.614742 0.411285 0.603343 0.410605 0.581307
0 0.435758 0.581307 0.432359 0.591945 0.431339 0.633739 0.431339 0.674772 0.431679 0.714286 0.432019 0.744681 0.447655 0.747720 0.454113 0.656535 0.453093 0.604863 0.453773 0.583587 0.451054 0.581307
0 0.454793 0.579787 0.469069 0.585866 0.473148 0.632979 0.472808 0.650456 0.472468 0.712766 0.456832 0.713526 0.454793 0.643617 0.452073 0.587386
0 0.471108 0.586626 0.488783 0.586626 0.494222 0.715805 0.479266 0.715805 0.473487 0.639058
0 0.491162 0.588146 0.507478 0.588146 0.512576 0.741641 0.494222 0.737842 0.495241 0.647416
0 0.508158 0.587386 0.526852 0.584347 0.527192 0.636778 0.527192 0.730243 0.513596 0.731763 0.512576 0.647416
0 0.529232 0.583587 0.548946 0.582827 0.552345 0.645137 0.552005 0.753040 0.533311 0.748480 0.532971 0.648176 0.527872 0.617781 0.527872 0.591185
0 0.561863 0.579027 0.554045 0.586626 0.552345 0.594985 0.552345 0.605623 0.554385 0.627660 0.555404 0.639058 0.558124 0.748480 0.581917 0.750000 0.576479 0.656535 0.580557 0.629179 0.578178 0.596505 0.577498 0.585106 0.571720 0.579787 0.567981 0.575228
0 0.580557 0.575228 0.584296 0.570669 0.590075 0.575228 0.597553 0.576748 0.602651 0.582067 0.602991 0.600304 0.603331 0.631459 0.600272 0.667173 0.602991 0.734043 0.587016 0.736322 0.583277 0.645897 0.577158 0.591185
0 0.631883 0.580547 0.640041 0.584347 0.664854 0.570669 0.670292 0.574468 0.674371 0.635258 0.696805 0.747720 0.659755 0.759119 0.645139 0.676292 0.638341 0.657295 0.629164 0.604103
0 0.675731 0.569149 0.671992 0.587386 0.679470 0.658815 0.699524 0.752280 0.730795 0.711246 0.714480 0.606383 0.710401 0.562310 0.698844 0.566109 0.692726 0.581307 0.684908 0.563070
0 0.415024 0.493921 0.417063 0.469605 0.416044 0.373100 0.436098 0.369301 0.439837 0.373100 0.440857 0.479483 0.444935 0.496960 0.436098 0.531915 0.416383 0.536474
0 0.397009 0.530395 0.408566 0.536474 0.413664 0.531915 0.417743 0.534954 0.419782 0.360942 0.400408 0.359422 0.399048 0.462006
0 0.375255 0.519757 0.375255 0.494681 0.377974 0.462766 0.380693 0.411094 0.382393 0.354103 0.383413 0.342705 0.402787 0.360182 0.404147 0.376900 0.399388 0.471125 0.402787 0.525076 0.400748 0.533435 0.389531 0.534954 0.380014 0.525076
0 0.340925 0.537994 0.348742 0.550152 0.358260 0.553951 0.366077 0.558511 0.376954 0.558511 0.383753 0.544073 0.383413 0.531155 0.376954 0.519757 0.375255 0.500000 0.375255 0.481763 0.376275 0.455167 0.378314 0.414894 0.381713 0.370061 0.370836 0.341945 0.344324 0.352584 0.343984 0.424012 0.348402 0.470365 0.345343 0.509119
0 0.307274 0.352584 0.311693 0.474924 0.308634 0.515957 0.313392 0.531915 0.323929 0.536474 0.332767 0.544073 0.341264 0.537994 0.345003 0.500000 0.345343 0.466565 0.343984 0.434650 0.340245 0.406535 0.341264 0.372340 0.343304 0.343465 0.338205 0.342705 0.309653 0.346505
