0 0.459574 0.340426 0.459574 0.361702 0.458511 0.416413 0.458511 0.443769 0.458511 0.486322 0.456383 0.515957 0.454610 0.545593 0.477305 0.557751 0.493972 0.551672 0.491135 0.499240 0.491135 0.481763 0.491135 0.452888 0.491844 0.412614 0.500000 0.332067 0.495035 0.313070 0.477305 0.315350 0.464539 0.321429
0 0.440780 0.332067 0.437943 0.361702 0.435816 0.414894 0.430851 0.458967 0.429787 0.490881 0.430851 0.547872 0.438652 0.556231 0.451773 0.543313 0.458511 0.509878 0.457447 0.448328 0.456383 0.404255 0.460638 0.323708 0.441844 0.302432
0 0.400355 0.329787 0.400355 0.357903 0.408156 0.416413 0.409220 0.450608 0.408156 0.499240 0.407447 0.528875 0.416312 0.541033 0.425887 0.545593 0.434752 0.488602 0.434752 0.439970 0.434043 0.395897 0.434043 0.348784 0.432979 0.323708
0 0.375887 0.347264 0.378723 0.401976 0.379787 0.450608 0.381560 0.524316 0.384752 0.560030 0.399291 0.564590 0.411348 0.557751 0.412057 0.507599 0.406383 0.469605 0.404255 0.420973 0.402482 0.380699 0.395390 0.332067
0 0.337234 0.359422 0.346099 0.467325 0.346099 0.499240 0.349291 0.537234 0.353191 0.564590 0.358156 0.583587 0.372695 0.585866 0.382624 0.583587 0.384752 0.537234 0.380851 0.473404 0.375887 0.431611 0.365957 0.386778 0.362057 0.357903
0 0.292908 0.401976 0.290071 0.420973 0.292199 0.452888 0.296809 0.503040 0.301064 0.530395 0.301773 0.575228 0.312766 0.604863 0.326596 0.613222 0.344326 0.602584 0.348227 0.589666 0.346099 0.551672 0.338298 0.505319 0.330496 0.454407 0.324468 0.405775 0.322695 0.370061 0.300000 0.374620
0 0.253546 0.401976 0.252482 0.454407 0.256738 0.486322 0.261348 0.543313 0.264539 0.579027 0.269504 0.604863 0.282270 0.610942 0.301773 0.610942 0.310638 0.604863 0.302837 0.537234 0.292199 0.458967 0.281206 0.424772 0.275177 0.389058
0 0.513830 0.317629 0.509574 0.366261 0.502837 0.423252 0.498936 0.469605 0.496809 0.511398 0.496099 0.537234 0.507801 0.549392 0.522695 0.541033 0.528369 0.522036 0.534397 0.480243 0.535461 0.431611 0.540426 0.380699 0.547163 0.325988
0 0.546099 0.355623 0.544326 0.376900 0.539362 0.416413 0.535461 0.471884 0.532270 0.511398 0.531560 0.547872 0.543262 0.568389 0.553901 0.560030 0.562057 0.518237 0.562766 0.475684 0.560993 0.437690 0.563830 0.340426 0.562766 0.325988 0.549291 0.319909 0.540426 0.376900
0 0.571631 0.342705 0.564894 0.412614 0.559929 0.452888 0.559929 0.488602 0.559929 0.522036 0.564894 0.545593 0.574823 0.562310 0.584752 0.543313 0.586525 0.486322 0.589362 0.431611 0.596454 0.380699 0.598227 0.347264
0 0.633688 0.393617 0.624823 0.423252 0.608156 0.528875 0.607092 0.541033 0.607092 0.562310 0.611348 0.587386 0.629078 0.585866 0.632979 0.553951 0.635816 0.518237 0.638652 0.480243 0.647518 0.446049 0.657447 0.393617
0 0.696809 0.456687 0.680142 0.505319 0.668440 0.537234 0.667376 0.568389 0.664539 0.602584 0.674113 0.625380 0.689007 0.629939 0.698936 0.625380 0.705674 0.613222 0.708865 0.583587 0.714539 0.534954 0.727305 0.473404 0.736170 0.454407 0.708865 0.435410 0.700000 0.433891
0 0.734397 0.477964 0.715603 0.532675 0.705674 0.594225 0.703901 0.629939 0.713475 0.651216 0.730496 0.646657 0.742199 0.629939 0.743262 0.589666 0.744326 0.530395
0 0.485106 0.747720 0.487234 0.709726 0.487234 0.632219 0.487234 0.600304 0.487943 0.575228 0.505674 0.570669 0.507801 0.608663 0.501773 0.659574 0.500709 0.686930 0.498936 0.724924
0 0.504965 0.775836 0.503901 0.739362 0.503901 0.690729 0.506738 0.625380 0.510638 0.589666 0.517730 0.575228 0.530496 0.583587 0.529433 0.608663 0.525532 0.632219 0.521631 0.652736 0.518440 0.697568 0.517730 0.733283 0.517730 0.775836 0.517730 0.803191 0.505674 0.811550
0 0.534397 0.803191 0.529433 0.747720 0.529433 0.716565 0.529433 0.684650 0.533333 0.623860 0.534397 0.589666 0.556028 0.604863
0 0.565957 0.613222 0.558156 0.629939 0.557092 0.665653 0.557092 0.699848 0.556028 0.741641 0.553901 0.773556 0.556028 0.817629 0.568794 0.804711 0.569858 0.775836 0.569858 0.727204 0.574823 0.690729 0.584752 0.623860
0 0.591489 0.638298 0.581560 0.670213 0.575887 0.718845 0.575887 0.752280 0.578723 0.803191 0.582624 0.847264 0.590426 0.860182 0.599291 0.794833 0.598227 0.731003 0.600355 0.701368 0.607092 0.671733 0.602482 0.648936
0 0.648582 0.659574 0.636879 0.670213 0.633688 0.701368 0.643617 0.741641 0.653546 0.775836 0.663475 0.815350 0.672340 0.842705 0.686170 0.874620 0.701773 0.870821 0.701773 0.825988 0.691135 0.768997 0.679078 0.714286 0.675177 0.689210 0.664539 0.676292
0 0.693972 0.670213 0.679078 0.682371 0.680142 0.712006 0.693972 0.765198 0.700709 0.809271 0.712766 0.842705 0.734397 0.851824 0.740071 0.809271 0.732270 0.743921 0.726596 0.703647 0.718440 0.663374
0 0.474113 0.762918 0.475177 0.731003 0.475177 0.686930 0.482979 0.636018 0.485106 0.606383 0.479078 0.576748 0.463475 0.575228 0.458511 0.619301 0.458511 0.665653 0.461348 0.699848 0.461348 0.746201 0.461348 0.771277
0 0.462411 0.777356 0.462411 0.722644 0.459574 0.678571 0.459574 0.629939 0.458511 0.595745 0.457447 0.576748 0.447518 0.572948 0.437943 0.589666 0.439716 0.632219 0.443617 0.680851 0.445745 0.705927 0.447518 0.779635
0 0.438652 0.811550 0.440780 0.794833 0.443617 0.722644 0.443617 0.676292 0.443617 0.608663 0.441844 0.576748 0.429078 0.575228 0.418085 0.621581 0.420213 0.674012 0.424113 0.737842 0.424113 0.784195 0.424113 0.813830
0 0.425177 0.813830 0.425177 0.775836 0.420213 0.731003 0.420213 0.676292 0.420922 0.617021 0.420922 0.595745 0.408156 0.598024 0.397518 0.644377 0.402482 0.693009 0.404255 0.739362 0.406383 0.794833 0.408156 0.844985 0.420922 0.841185
0 0.357092 0.863982 0.360993 0.836626 0.367021 0.809271 0.372695 0.781915 0.377660 0.752280 0.379787 0.705927 0.379787 0.676292 0.374823 0.636018 0.358156 0.629939 0.345390 0.644377 0.340426 0.676292 0.339362 0.718845 0.334397 0.752280 0.326596 0.792553 0.324468 0.830547 0.338298 0.857903
0 0.307801 0.825988 0.314539 0.804711 0.328369 0.768997 0.332270 0.724924 0.334397 0.703647 0.343262 0.646657 0.332270 0.633739 0.318794 0.627660 0.306738 0.627660 0.300000 0.632219 0.295035 0.686930 0.289007 0.752280 0.283333 0.790274 0.279078 0.817629
