0 0.462322 0.395137 0.462322 0.467325 0.470129 0.478723 0.500000 0.478723 0.499661 0.452128 0.493890 0.282675 0.486762 0.193769 0.473863 0.186170 0.463340 0.210486 0.459606 0.309271
0 0.434487 0.414134 0.433469 0.458207 0.443313 0.476444 0.460285 0.467325 0.464019 0.436170 0.460625 0.372340 0.456891 0.268997 0.452817 0.184650 0.447047 0.172492 0.433130 0.198328 0.435845 0.297872
0 0.501697 0.407295 0.500000 0.445289 0.500339 0.468845 0.517651 0.474924 0.533265 0.468845 0.537339 0.455927 0.536999 0.390578 0.543109 0.298632 0.544467 0.217325 0.543449 0.182371 0.538357 0.160334 0.527834 0.165653 0.526137 0.197568
0 0.538357 0.405775 0.536320 0.446809 0.536660 0.468085 0.553632 0.474164 0.560760 0.464286 0.564155 0.427812 0.565513 0.328267 0.569586 0.236322 0.570604 0.180851 0.567210 0.141337 0.557366 0.139058 0.551595 0.160334 0.545485 0.261398
0 0.565852 0.412614 0.563815 0.433891 0.562458 0.464286 0.571962 0.483283 0.583164 0.487082 0.590971 0.472644 0.595384 0.402736 0.606585 0.297872 0.613374 0.241641 0.618466 0.193009 0.618466 0.174772 0.616090 0.151976 0.606925 0.148936 0.600136 0.188450
0 0.597420 0.389058 0.589613 0.421733 0.586219 0.445289 0.589613 0.481763 0.602512 0.491641 0.614392 0.474164 0.619823 0.424012 0.625933 0.319909 0.632383 0.251520 0.633062 0.212766 0.632722 0.172492 0.623218 0.170973 0.619145 0.195289
0 0.684318 0.429331 0.680584 0.464286 0.682281 0.490122 0.690088 0.501520 0.708079 0.509119 0.721656 0.509119 0.727088 0.491641 0.728445 0.442249 0.733537 0.348024 0.733876 0.291033 0.733876 0.251520 0.729803 0.221125 0.719959 0.211246 0.707060 0.248480 0.691446 0.355623
0 0.683299 0.505319 0.665988 0.513678 0.663612 0.577508 0.670740 0.653495 0.677529 0.730243 0.687033 0.755319 0.693822 0.764438 0.712152 0.759878 0.720638 0.718845 0.715207 0.590426 0.712152 0.565350 0.710794 0.541793 0.710794 0.520517 0.704684 0.513678 0.692804 0.512158
0 0.632043 0.496201 0.619823 0.507599 0.621181 0.578267 0.620502 0.649696 0.621521 0.702128 0.629328 0.748480 0.638832 0.784195 0.658520 0.781155 0.668024 0.746960 0.666667 0.657295 0.666667 0.590426 0.673116 0.534195 0.670061 0.513678 0.656483 0.505319 0.647658 0.502280 0.640190 0.506079
0 0.598778 0.505319 0.592329 0.505319 0.589952 0.539514 0.591989 0.651976 0.590971 0.738602 0.596741 0.781155 0.604888 0.791033 0.615071 0.771277 0.616090 0.670973 0.620163 0.577508 0.626952 0.541033 0.623218 0.513678 0.619145 0.509119 0.612356 0.496960 0.609980 0.495441 0.604549 0.505319
0 0.578751 0.495441 0.570604 0.504559 0.565513 0.522796 0.568228 0.583587 0.560760 0.665653 0.559403 0.748480 0.566870 0.775836 0.576035 0.761398 0.584182 0.664894 0.590631 0.579027 0.597420 0.534954 0.598439 0.514438 0.590971 0.502280 0.587576 0.493921
0 0.553293 0.480243 0.545825 0.488602 0.541752 0.528116 0.533944 0.648936 0.523422 0.750760 0.522064 0.790274 0.532247 0.798632 0.538697 0.791033 0.552614 0.716565 0.563476 0.618541 0.566191 0.547112 0.568907 0.504559 0.565513 0.493921
0 0.529871 0.479483 0.523761 0.487842 0.521724 0.500000 0.519688 0.563070 0.511881 0.646657 0.501697 0.723404 0.500000 0.760638 0.504073 0.781155 0.512559 0.775076 0.525119 0.706687 0.537678 0.601824 0.543109 0.521277 0.544807 0.488602 0.538697 0.479483
0 0.511541 0.481003 0.500679 0.487082 0.498303 0.526596 0.497284 0.588906 0.494908 0.684650 0.493211 0.745441 0.495927 0.765198 0.502376 0.755319 0.511541 0.650456 0.518330 0.577508 0.521385 0.524316 0.522743 0.488602 0.517312 0.475684
0 0.479294 0.478723 0.477597 0.490881 0.477257 0.556991 0.479973 0.664894 0.480991 0.737082 0.480991 0.772036 0.489138 0.773556 0.492872 0.755319 0.494569 0.693009 0.497284 0.572948 0.499661 0.506079 0.499321 0.481003 0.489477 0.478723
0 0.462322 0.477204 0.454175 0.477204 0.458248 0.604863 0.464358 0.697568 0.468432 0.771277 0.479973 0.762918 0.479294 0.686170 0.478955 0.579027 0.477936 0.522036 0.478615 0.484043 0.474202 0.480243
0 0.435166 0.483283 0.430075 0.503040 0.431093 0.571429 0.437882 0.679331 0.445010 0.762918 0.449762 0.791033 0.459946 0.796353 0.465716 0.765198 0.460625 0.650456 0.458588 0.570669 0.455872 0.506079 0.453496 0.481763 0.448065 0.475684
0 0.416836 0.493921 0.408350 0.503799 0.403259 0.532675 0.410726 0.595745 0.406653 0.669453 0.404956 0.725684 0.404616 0.760638 0.413103 0.782675 0.425662 0.757599 0.433469 0.651976 0.433809 0.558511 0.436524 0.524316 0.431432 0.505319 0.426680 0.498480 0.423286 0.489362
0 0.390360 0.511398 0.377800 0.522796 0.377800 0.560030 0.378819 0.664134 0.378479 0.732523 0.379498 0.773556 0.391718 0.802432 0.399864 0.740122 0.405295 0.624620 0.405974 0.575228 0.412763 0.530395 0.409369 0.515198 0.400883 0.511398 0.394773 0.506839
0 0.354039 0.506839 0.340122 0.512918 0.335031 0.525076 0.333673 0.552432 0.339783 0.610182 0.334352 0.699848 0.331297 0.739362 0.338086 0.783435 0.353360 0.791793 0.367278 0.760638 0.377461 0.710486 0.385608 0.625380 0.384250 0.567629 0.384589 0.515198 0.382213 0.503799 0.374745 0.497720 0.366599 0.509878
0 0.306857 0.516717 0.295995 0.535714 0.292600 0.567629 0.292940 0.609422 0.280041 0.694529 0.274270 0.749240 0.278683 0.771277 0.289885 0.788754 0.309912 0.765957 0.330957 0.689210 0.342838 0.626900 0.341480 0.589666 0.347590 0.541793 0.342838 0.518997 0.331976 0.518997 0.326544 0.515198 0.320774 0.518997 0.315682 0.519757
0 0.268160 0.512158 0.263408 0.507599 0.253564 0.512918 0.248473 0.545593 0.246775 0.588146 0.237610 0.669453 0.233537 0.708207 0.243041 0.761398 0.266124 0.755319 0.282417 0.708207 0.293618 0.617781 0.294637 0.582067 0.299728 0.544833 0.294637 0.518237 0.286830 0.507599 0.277665 0.504559
0 0.276646 0.436170 0.272573 0.462006 0.276986 0.496201 0.293618 0.507599 0.313646 0.503799 0.318398 0.495441 0.319077 0.462006 0.317719 0.382219 0.311609 0.273556 0.306857 0.236322 0.301426 0.215046 0.282756 0.215046 0.267142 0.238602 0.263408 0.268237 0.268160 0.328267
0 0.376782 0.429331 0.377461 0.465046 0.379158 0.484043 0.394773 0.481763 0.404277 0.463526 0.406314 0.422492 0.395451 0.291793 0.392057 0.237842 0.392396 0.177052 0.386286 0.155015 0.378819 0.170213 0.376782 0.279635
0 0.401901 0.418693 0.402580 0.484043 0.410048 0.490881 0.425322 0.475684 0.432451 0.436170 0.424644 0.375380 0.416836 0.258359 0.414800 0.200608 0.410048 0.153495 0.401901 0.145897 0.396130 0.156535 0.392396 0.199088 0.398846 0.378419
