0 0.453757 0.559271 0.465679 0.559271 0.484104 0.561550 0.488439 0.561550 0.488439 0.496201 0.491691 0.293313 0.475072 0.291033 0.462428 0.480243 0.452312 0.529635
0 0.425578 0.531155 0.426301 0.547112 0.437861 0.554711 0.450506 0.548632 0.458815 0.518997 0.463150 0.490881 0.464234 0.418693 0.473988 0.305471 0.461344 0.300152 0.444003 0.367021 0.433526 0.412614 0.427023 0.494681
0 0.367413 0.480243 0.366691 0.503040 0.366691 0.531915 0.376806 0.545593 0.389451 0.544073 0.395954 0.542553 0.400289 0.526596 0.401734 0.483283 0.398483 0.443009 0.381503 0.268237 0.360549 0.276596 0.366329 0.443009
0 0.333815 0.462766 0.334538 0.483283 0.330564 0.518997 0.342847 0.542553 0.353324 0.548632 0.371387 0.538754 0.370665 0.492401 0.369942 0.445289 0.354046 0.256079 0.352240 0.246960 0.341402 0.248480 0.333815 0.280395 0.329480 0.411094
0 0.487717 0.556231 0.497832 0.560030 0.508671 0.566869 0.514451 0.566869 0.518425 0.560030 0.514451 0.509878 0.514451 0.487082 0.518425 0.411094 0.513367 0.272036 0.501084 0.280395 0.490246 0.368541 0.489884 0.474924 0.489162 0.500000 0.487717 0.529635
0 0.516257 0.503040 0.515173 0.522796 0.515173 0.549392 0.526373 0.560030 0.535405 0.560030 0.540462 0.540274 0.541908 0.504559 0.544798 0.460486 0.553829 0.322948 0.535405 0.319149 0.523483 0.385258 0.522038 0.434650 0.519509 0.485562
0 0.547327 0.566869 0.541185 0.536474 0.541185 0.487082 0.545520 0.445289 0.548772 0.372340 0.563945 0.280395 0.579841 0.287234 0.583454 0.353343 0.575506 0.443009 0.571532 0.490881 0.569003 0.525836 0.558165 0.566869
0 0.569725 0.564590 0.565029 0.545593 0.563945 0.510638 0.567558 0.478723 0.575506 0.441489 0.585621 0.322948 0.598266 0.342705 0.602601 0.363222 0.598627 0.487082 0.598627 0.513678 0.597543 0.550912 0.591040 0.564590 0.580564 0.565350
0 0.598266 0.560030 0.591040 0.556231 0.590679 0.518997 0.594292 0.465805 0.607659 0.319149 0.618497 0.314590 0.622832 0.363222 0.621749 0.446809 0.621026 0.488602 0.624639 0.531915 0.624639 0.550912 0.610910 0.559271
0 0.648121 0.552432 0.629697 0.557751 0.619220 0.534954 0.619220 0.499240 0.622832 0.462766 0.630419 0.291033 0.655708 0.297872 0.670520 0.379179 0.672327 0.401976 0.672327 0.427052 0.665824 0.472644 0.669798 0.538754
0 0.696893 0.545593 0.675939 0.544073 0.670520 0.542553 0.663295 0.506839 0.663295 0.471125 0.669075 0.379179 0.676662 0.332067 0.679913 0.320669 0.708454 0.322948 0.710260 0.358663 0.709176 0.448328 0.711705 0.481763 0.717124 0.508359 0.715318 0.534954
0 0.491691 0.594985 0.512645 0.591945 0.509393 0.667933 0.505780 0.809271 0.492413 0.816109
0 0.510838 0.600304 0.536488 0.604103 0.530347 0.646657 0.520954 0.796353 0.505780 0.813830 0.501084 0.782675 0.506864 0.725684
0 0.532153 0.690729 0.526373 0.641337 0.531431 0.618541 0.542991 0.609422 0.554552 0.626900 0.563223 0.689210 0.574783 0.800152 0.562139 0.826748 0.548772 0.819149
0 0.559610 0.686930 0.549494 0.658815 0.546965 0.630699 0.546965 0.605623 0.557081 0.586626 0.569725 0.598784 0.577312 0.632219 0.578035 0.683891 0.591763 0.826748 0.586705 0.828267 0.575506 0.825228
0 0.580925 0.670973 0.568280 0.623100 0.566474 0.602584 0.578035 0.586626 0.595737 0.586626 0.612717 0.616261 0.609465 0.670973 0.624277 0.837386 0.603685 0.830547
0 0.613439 0.673252 0.607659 0.635258 0.598627 0.618541 0.598266 0.597264 0.619220 0.579027 0.637283 0.581307 0.652818 0.584347 0.655347 0.591945 0.657153 0.629939 0.697616 0.797872 0.649566 0.809271 0.624277 0.746960
0 0.667269 0.672492 0.658960 0.640578 0.653179 0.614742 0.650289 0.589666 0.657153 0.566869 0.668353 0.553951 0.683887 0.552432 0.695087 0.552432 0.709538 0.580547 0.708454 0.618541 0.736272 0.748480 0.708454 0.775076 0.685694 0.750760
0 0.477601 0.600304 0.490968 0.610942 0.493497 0.662614 0.493497 0.842705 0.472543 0.851064
0 0.454118 0.657295 0.446532 0.602584 0.459176 0.598784 0.481575 0.598784 0.475795 0.678571 0.475072 0.856383 0.455564 0.858663
0 0.402457 0.854863 0.408598 0.766717 0.413656 0.727204 0.420520 0.672492 0.425217 0.633739 0.433526 0.586626 0.449783 0.602584 0.454118 0.639058 0.454841 0.657295 0.452312 0.694529 0.434610 0.810790 0.419436 0.867021
0 0.381503 0.822948 0.383309 0.757599 0.386922 0.711246 0.391980 0.664134 0.400289 0.607903 0.409321 0.582827 0.419436 0.588146 0.427023 0.624620 0.428829 0.646657 0.419436 0.693769 0.407876 0.746960 0.404986 0.821429 0.389451 0.835106
0 0.355853 0.822948 0.361272 0.761398 0.367413 0.717325 0.370665 0.669453 0.373916 0.651216 0.380058 0.610942 0.385116 0.575988 0.389451 0.568389 0.406069 0.579027 0.421243 0.591945 0.418714 0.607143 0.398483 0.660334 0.379335 0.757599 0.369220 0.821429
0 0.296604 0.741641 0.316835 0.711246 0.328035 0.686930 0.340318 0.648176 0.347182 0.614742 0.352240 0.586626 0.344653 0.575228 0.332009 0.557751 0.318642 0.553951 0.309249 0.552432 0.301662 0.594985 0.295882 0.639058 0.268064 0.727204 0.290101 0.746960
0 0.244581 0.689210 0.257948 0.614742 0.260838 0.585866 0.263367 0.552432 0.265896 0.515198 0.272399 0.504559 0.283598 0.504559 0.304552 0.522796 0.314668 0.534954 0.311055 0.566869 0.302746 0.612462 0.281069 0.693769 0.262283 0.717325
