0 0.499489 0.465046 0.496079 0.528116 0.509717 0.547112 0.522673 0.538754 0.519264 0.444529 0.521991 0.341945 0.521650 0.284195 0.520286 0.244681 0.505967 0.224924 0.502557 0.233283 0.502557 0.294073
0 0.472895 0.455927 0.470508 0.511398 0.480395 0.538754 0.492329 0.538754 0.499830 0.519757 0.499830 0.436170 0.500852 0.331307 0.503239 0.261398 0.499489 0.212006 0.495056 0.177812 0.484828 0.183891 0.482441 0.228723 0.483805 0.331307
0 0.459939 0.466565 0.459257 0.512158 0.461984 0.541033 0.473236 0.551672 0.484146 0.520517 0.485169 0.452888 0.484146 0.319149 0.482441 0.243161 0.478350 0.205927 0.465735 0.196049 0.461302 0.250760 0.461302 0.321429
0 0.436072 0.466565 0.434368 0.489362 0.437777 0.531915 0.444255 0.547112 0.457211 0.531915 0.463007 0.493161 0.466758 0.446049 0.464712 0.218845 0.463007 0.193769 0.455506 0.189210 0.441527 0.208207 0.437095 0.294073
0 0.417661 0.481763 0.419707 0.522796 0.425844 0.546353 0.439141 0.532675 0.442550 0.518237 0.455506 0.524316 0.456529 0.483283 0.450051 0.399696 0.443573 0.208207 0.440846 0.169453 0.427208 0.171733 0.423116 0.199848 0.419707 0.251520
0 0.398568 0.454407 0.397545 0.493161 0.401296 0.520517 0.414252 0.520517 0.428912 0.522036 0.438118 0.495441 0.438118 0.446809 0.433345 0.269757 0.431299 0.201368 0.422434 0.177812 0.411524 0.203647 0.405728 0.261398
0 0.369928 0.454407 0.365155 0.487082 0.364473 0.532675 0.389362 0.549392 0.420730 0.531915 0.422093 0.508359 0.419366 0.425532 0.421412 0.333587 0.422093 0.284195 0.415615 0.247720 0.400955 0.247720 0.386294 0.272036
0 0.329015 0.449848 0.332765 0.485562 0.345721 0.499240 0.372315 0.500000 0.382543 0.456687 0.384589 0.382219 0.390044 0.320669 0.394477 0.265198 0.390726 0.228723 0.373338 0.222644 0.363109 0.256839 0.351517 0.341185
0 0.302421 0.370821 0.294920 0.386778 0.297988 0.431611 0.312649 0.456687 0.323900 0.462766 0.340948 0.446809 0.350494 0.391337 0.356972 0.333587 0.360723 0.291793 0.360723 0.246960 0.355950 0.224164 0.342994 0.212006 0.332765 0.212006 0.319809 0.234802 0.319809 0.267477 0.319809 0.320669
0 0.520286 0.442249 0.521650 0.501520 0.529151 0.530395 0.540402 0.528875 0.546539 0.487082 0.546539 0.435410 0.543812 0.338906 0.543130 0.272036 0.542789 0.239362 0.523014 0.222644 0.518241 0.259119
0 0.540402 0.421733 0.536311 0.444529 0.543130 0.497720 0.554040 0.532675 0.569042 0.522036 0.570747 0.470365 0.571770 0.392857 0.566314 0.312310 0.566314 0.261398 0.565292 0.228723 0.551313 0.203647 0.539379 0.240881
0 0.559495 0.435410 0.555063 0.481763 0.571429 0.496201 0.578248 0.522796 0.586430 0.509878 0.591885 0.484802 0.593931 0.415653 0.599386 0.280395 0.599045 0.204407 0.595295 0.177812 0.580975 0.177052 0.576884 0.197568
0 0.579952 0.465046 0.583703 0.512158 0.593590 0.503799 0.604841 0.522796 0.610297 0.483283 0.606887 0.392857 0.607569 0.329787 0.610979 0.267477 0.610979 0.227964 0.610297 0.177812 0.600068 0.161094 0.591885 0.199848 0.587112 0.382979
0 0.607569 0.433891 0.606546 0.477204 0.612001 0.516717 0.629390 0.516717 0.647119 0.487842 0.645073 0.452128 0.637913 0.405015 0.639959 0.355623 0.642687 0.310790 0.642687 0.286474 0.637913 0.267477 0.629731 0.256839 0.615070 0.259878 0.606546 0.288754 0.605864 0.315350
0 0.636891 0.405775 0.638936 0.420213 0.649847 0.470365 0.671326 0.452888 0.684964 0.414894 0.672690 0.349544 0.668258 0.286474 0.663484 0.222644 0.662121 0.195289 0.650188 0.168693 0.635186 0.201368 0.637232 0.291793
0 0.502216 0.559271 0.502557 0.627660 0.500511 0.723404 0.504603 0.764438 0.511763 0.793313 0.520968 0.784954 0.518923 0.701368 0.522673 0.612462 0.528128 0.563830 0.520968 0.554711 0.506308 0.550912
0 0.521991 0.544833 0.517900 0.557751 0.519945 0.614742 0.516536 0.680091 0.514490 0.743921 0.521991 0.784954 0.529151 0.784954 0.538357 0.730243 0.537675 0.642857 0.547903 0.577508 0.549267 0.553191 0.535629 0.540274
0 0.543130 0.553191 0.537675 0.601824 0.538698 0.663374 0.537675 0.735562 0.538357 0.768997 0.549267 0.800152 0.560518 0.776596 0.564269 0.643617 0.568019 0.573708 0.563587 0.542553 0.551313 0.528875
0 0.573474 0.547112 0.566996 0.567629 0.563587 0.598784 0.566996 0.670213 0.566996 0.733283 0.568701 0.809271 0.576884 0.824468 0.589158 0.816109 0.592908 0.737842 0.593590 0.618541 0.594613 0.571429 0.582680 0.547112 0.578929 0.542553
0 0.639959 0.513678 0.637913 0.543313 0.660075 0.585866 0.701330 0.630699 0.719059 0.648176 0.744971 0.610942 0.738493 0.548632 0.708149 0.518237 0.685987 0.475684 0.675759 0.452888 0.660757 0.475684
0 0.487555 0.557751 0.483123 0.569149 0.482441 0.630699 0.481418 0.747720 0.483123 0.771277 0.493352 0.774316 0.497102 0.707447 0.502216 0.601824 0.503580 0.572188 0.495397 0.554711
0 0.459939 0.575228 0.462666 0.604103 0.466417 0.651216 0.466417 0.708967 0.466417 0.746201 0.468462 0.778875 0.475963 0.784954 0.483123 0.774316 0.483123 0.668693 0.482441 0.598784 0.485851 0.553191 0.478691 0.546353 0.465735 0.551672
0 0.438118 0.584347 0.437095 0.641337 0.441868 0.711246 0.442550 0.768997 0.443573 0.794833 0.451756 0.811550 0.459939 0.810030 0.465394 0.788754 0.467439 0.695289 0.466758 0.613222 0.461302 0.578267 0.454483 0.544833 0.440505 0.554711
0 0.423457 0.565350 0.418002 0.582067 0.412206 0.624620 0.414934 0.677812 0.415956 0.737842 0.417661 0.770517 0.427208 0.791793 0.437777 0.794833 0.444255 0.733283 0.448346 0.620821 0.450733 0.581307 0.440846 0.571429 0.437095 0.556991
0 0.412888 0.544833 0.404705 0.548632 0.396522 0.563070 0.393113 0.616261 0.390726 0.680091 0.381862 0.735562 0.376406 0.764438 0.385271 0.807751 0.403000 0.803951 0.422093 0.671733 0.434368 0.595745 0.436413 0.559271 0.425844 0.547112
0 0.307194 0.450608 0.294920 0.448328 0.286055 0.458967 0.270372 0.522796 0.251960 0.550912 0.233549 0.571429 0.240709 0.635258 0.271394 0.642857 0.302421 0.607903 0.319127 0.563070 0.342994 0.514438 0.338220 0.491641 0.323900 0.467325 0.314695 0.452128
