0 0.522284 0.253324 0.525766 0.515957 0.481198 0.513963 0.481894 0.478059 0.462744 0.270612
0 0.449513 0.275266 0.470752 0.358378 0.475975 0.414229 0.481894 0.477394 0.480850 0.513298 0.454387 0.515957 0.450557 0.490691 0.446379 0.447473 0.417131 0.311835
0 0.392061 0.261968 0.442549 0.432846 0.449513 0.469415 0.452646 0.498670 0.452994 0.516622 0.432451 0.535904 0.417479 0.531915 0.413997 0.509973 0.410864 0.498670 0.409819 0.484043 0.367340 0.271941 0.389624 0.253989
0 0.353412 0.315160 0.389972 0.392952 0.401114 0.447473 0.410864 0.488697 0.416086 0.537234 0.393106 0.549867 0.382312 0.541223 0.381964 0.523271 0.379875 0.513298 0.376741 0.494016 0.368733 0.432846 0.362465 0.405585 0.357242 0.387633 0.348189 0.373005 0.338788 0.366356 0.332869 0.353059 0.326602 0.336436 0.317549 0.313165 0.328343 0.308511 0.338788 0.312500
0 0.354109 0.549867 0.369429 0.559176 0.383008 0.541888 0.383008 0.525266 0.378830 0.512633 0.377089 0.492686 0.368733 0.430186 0.362117 0.407580 0.357591 0.386968 0.348189 0.369016 0.337744 0.363697 0.333914 0.350399 0.326602 0.331782 0.316504 0.313165 0.305014 0.328457 0.315111 0.349734 0.323816 0.376995 0.331476 0.408245 0.342270 0.452128 0.346448 0.496676 0.350975 0.522606
0 0.355153 0.549202 0.345056 0.562500 0.323468 0.567819 0.306058 0.571144 0.299443 0.555851 0.298398 0.547207 0.294916 0.521941 0.287953 0.424867 0.275070 0.337766 0.301532 0.312500 0.316852 0.352394 0.329039 0.395612 0.342967 0.454122 0.347493 0.498670 0.350627 0.524601
0 0.267061 0.350399 0.295265 0.509309 0.297006 0.528590 0.301880 0.548537 0.295961 0.575798 0.256267 0.576463 0.253134 0.541223 0.239554 0.359707
0 0.221448 0.353059 0.246170 0.444149 0.251741 0.484043 0.254875 0.541223 0.251741 0.575133 0.239554 0.578457 0.226671 0.569149 0.216226 0.568484 0.206825 0.555186 0.197423 0.361702
0 0.521240 0.250665 0.525418 0.516622 0.569986 0.519282 0.568245 0.494016 0.577994 0.249335
0 0.579039 0.255319 0.567897 0.496011 0.570682 0.519947 0.594708 0.523271 0.599930 0.491356 0.618384 0.276596
0 0.644847 0.277926 0.606894 0.417553 0.599582 0.493351 0.599582 0.520612 0.607939 0.525266 0.615599 0.525931 0.626741 0.528590 0.633357 0.528590 0.635446 0.518617 0.640320 0.501995 0.640320 0.489362 0.640669 0.472074 0.659123 0.351064 0.681755 0.265957 0.653900 0.242021
0 0.685237 0.330452 0.655641 0.404920 0.640669 0.457447 0.638231 0.485372 0.634053 0.498670 0.632312 0.505319 0.635446 0.526596 0.639624 0.534574 0.644499 0.538564 0.653203 0.548537 0.658078 0.552527 0.663997 0.551197 0.666783 0.539229 0.668175 0.529255 0.672702 0.501330 0.687674 0.397606 0.712047 0.337101 0.717967 0.312500 0.711351 0.304521 0.699861 0.303856 0.689763 0.315824
0 0.727716 0.306516 0.733287 0.328457 0.730501 0.344415 0.723886 0.363032 0.713440 0.396941 0.706128 0.439495 0.699861 0.512633 0.694638 0.558511 0.683148 0.560505 0.671657 0.556516 0.666435 0.536569 0.672006 0.497340 0.688370 0.393617 0.714136 0.330452 0.720404 0.307181
0 0.735028 0.327128 0.694290 0.553191 0.702298 0.559176 0.708217 0.571809 0.722841 0.567154 0.735376 0.576463 0.748955 0.566489 0.750696 0.539229 0.757660 0.470080 0.778900 0.367021
0 0.784471 0.355053 0.756267 0.480718 0.748259 0.571809 0.761490 0.582447 0.774373 0.574468 0.784819 0.585771 0.796657 0.562500 0.795613 0.529255 0.798747 0.468085 0.814763 0.371011
0 0.831476 0.381649 0.850627 0.555851 0.803621 0.567154 0.794220 0.560505 0.797702 0.486702 0.807799 0.372340
0 0.522284 0.527926 0.524025 0.768617 0.504875 0.765293 0.496518 0.585106 0.493733 0.521277
0 0.493384 0.521277 0.508705 0.794548 0.486421 0.796543 0.469011 0.587101 0.464136 0.571144 0.463092 0.547207 0.466574 0.525266
0 0.464136 0.526596 0.467967 0.549202 0.471448 0.583777 0.469359 0.601729 0.480850 0.829787 0.441504 0.827793 0.432799 0.579787 0.432799 0.538564 0.444638 0.525266 0.457521 0.522606
0 0.429666 0.543218 0.432799 0.577128 0.431058 0.799202 0.401114 0.799202 0.399025 0.583777 0.400418 0.543883 0.417131 0.535904
0 0.395543 0.551197 0.399373 0.567154 0.399025 0.590426 0.395195 0.740691 0.378830 0.796543 0.351671 0.781915 0.368733 0.633644 0.365947 0.591090 0.365947 0.562500 0.381267 0.549867
0 0.362465 0.557181 0.366295 0.584441 0.366992 0.625000 0.361769 0.694814 0.352716 0.812500 0.294916 0.791223 0.314415 0.621011 0.310933 0.575133 0.329387 0.563830 0.342967 0.563165 0.355850 0.553191
0 0.311281 0.575133 0.314763 0.604388 0.311281 0.657580 0.287256 0.825133 0.238858 0.801862 0.260446 0.624335 0.262187 0.576463 0.280989 0.573803 0.288301 0.580452 0.299095 0.571809
0 0.259401 0.577793 0.263579 0.591755 0.240947 0.781250 0.187326 0.746676 0.213440 0.567154 0.228760 0.569149 0.235028 0.575133 0.247563 0.569149 0.252437 0.569149
0 0.522284 0.527261 0.526811 0.809176 0.551880 0.802527 0.549791 0.518617
0 0.842618 0.562500 0.847493 0.630319 0.856894 0.686835 0.854457 0.744016 0.817549 0.749335 0.791435 0.658245 0.787256 0.618351 0.784123 0.580452 0.795961 0.561835 0.810933 0.571809 0.826253 0.557181
0 0.783774 0.580452 0.786908 0.609043 0.803969 0.781250 0.759053 0.793883 0.733983 0.622340 0.734680 0.577793 0.750348 0.569814 0.760794 0.583112 0.774025 0.574468
0 0.735724 0.574468 0.734680 0.633644 0.753830 0.795878 0.693245 0.803856 0.685237 0.626995 0.679666 0.597074 0.683844 0.569814 0.692897 0.555186 0.705432 0.567819 0.722841 0.565824
0 0.549443 0.529255 0.547354 0.766622 0.566852 0.766622 0.579387 0.611702 0.581128 0.564495 0.580432 0.523936
0 0.611421 0.525266 0.602019 0.545213 0.599234 0.563830 0.595056 0.797207 0.629178 0.799202 0.632660 0.601729 0.638231 0.576463 0.636838 0.555186 0.636142 0.539229 0.632312 0.527926 0.627437 0.520612 0.622214 0.517952 0.616295 0.519282
0 0.642061 0.545878 0.633357 0.559176 0.634053 0.587101 0.630919 0.791223 0.653552 0.787234 0.661560 0.658910 0.665390 0.613032 0.669916 0.586436 0.668524 0.569149 0.663301 0.555186 0.658426 0.547207 0.654944 0.545213 0.650766 0.543883 0.646240 0.544548
0 0.666435 0.558511 0.658078 0.567154 0.656685 0.581782 0.658426 0.606383 0.662953 0.769282 0.663997 0.790559 0.665738 0.824468 0.689067 0.818484 0.683844 0.666888 0.686630 0.621011 0.689763 0.593750 0.689763 0.581782 0.685237 0.570479 0.679666 0.565160 0.674443 0.561835
