0 0.464438 0.588906 0.501067 0.591945 0.501067 0.534954 0.483997 0.317629 0.464438 0.324468 0.464438 0.509119
0 0.435277 0.537234 0.438122 0.575228 0.455548 0.579787 0.461949 0.574468 0.463727 0.519757 0.461238 0.317629 0.442034 0.321429 0.442034 0.474924 0.436344 0.505319
0 0.402205 0.552432 0.415363 0.588906 0.428876 0.585106 0.441323 0.550912 0.433855 0.505319 0.434566 0.422492 0.436344 0.300152 0.414296 0.291793 0.407895 0.416413 0.403983 0.506079 0.401494 0.538754
0 0.378023 0.567629 0.386913 0.590426 0.402916 0.590426 0.405761 0.564590 0.413585 0.576748 0.415363 0.524316 0.415363 0.469605 0.403983 0.303951 0.384424 0.306991 0.384424 0.491641 0.379801 0.531915
0 0.350640 0.568389 0.363442 0.595745 0.375533 0.590426 0.381935 0.588906 0.393314 0.557751 0.392603 0.534954 0.386913 0.467325 0.385135 0.308511 0.365932 0.303951 0.362020 0.465805 0.355619 0.500760
0 0.310811 0.545593 0.320057 0.562310 0.330370 0.560790 0.339260 0.564590 0.355619 0.568389 0.363442 0.560790 0.362731 0.536474 0.362020 0.495441 0.355619 0.448328 0.346728 0.294833 0.315078 0.303951 0.318279 0.450608 0.316501 0.483283 0.315078 0.510638
0 0.264936 0.496960 0.265647 0.530395 0.278805 0.536474 0.292319 0.541793 0.307610 0.541793 0.312589 0.529635 0.310811 0.467325 0.317568 0.320669 0.299787 0.316109 0.281294 0.396657 0.276316 0.426292 0.267425 0.474924
0 0.503201 0.593465 0.539118 0.583587 0.537340 0.519757 0.522048 0.319149 0.506757 0.320669 0.503556 0.486322 0.501067 0.550912
0 0.539829 0.567629 0.561522 0.572948 0.568990 0.547112 0.562233 0.472644 0.554410 0.325988 0.535562 0.332827 0.534851 0.443769 0.536629 0.491641
0 0.573613 0.564590 0.565789 0.550912 0.561522 0.521277 0.567923 0.469605 0.561522 0.377660 0.579303 0.260638 0.593172 0.267477 0.592105 0.417933 0.598151 0.492401 0.597084 0.531915 0.589260 0.566109 0.579303 0.572948
0 0.602774 0.566109 0.588905 0.547112 0.583215 0.540274 0.584282 0.500760 0.592461 0.452128 0.604196 0.289514 0.626245 0.277356 0.616643 0.445289 0.616643 0.499240 0.618065 0.544073 0.611664 0.572948
0 0.619132 0.576748 0.613442 0.548632 0.614154 0.507599 0.615576 0.448328 0.618065 0.316109 0.636913 0.303951 0.642603 0.316109 0.643314 0.460486 0.644737 0.503799 0.647937 0.559271 0.638336 0.572948 0.628734 0.572948
0 0.645804 0.557751 0.635846 0.540274 0.637624 0.502280 0.642248 0.455927 0.647937 0.297112 0.675676 0.298632 0.683499 0.458967 0.682077 0.495441 0.689900 0.533435 0.691679 0.552432 0.677098 0.559271 0.670697 0.557751 0.666430 0.560790 0.653627 0.566109
0 0.695590 0.538754 0.687055 0.518237 0.685277 0.474924 0.689189 0.441489 0.692390 0.296353 0.725462 0.291793 0.741110 0.373100 0.734708 0.422492 0.729730 0.445289 0.734708 0.483283 0.737553 0.505319 0.731863 0.519757 0.719772 0.528116 0.708037 0.531915
0 0.513869 0.601064 0.534851 0.605623 0.533428 0.825228 0.519559 0.825228
0 0.535562 0.601064 0.560811 0.594225 0.558321 0.654255 0.548720 0.813070 0.529872 0.804711
0 0.560100 0.673252 0.558321 0.624620 0.564011 0.588906 0.576102 0.586626 0.586771 0.619301 0.586771 0.666413 0.571479 0.854863 0.556543 0.863222 0.555121 0.780395 0.555832 0.704407
0 0.586415 0.683131 0.584282 0.654255 0.583570 0.621581 0.599573 0.597264 0.607041 0.594225 0.613442 0.635258 0.611664 0.677052 0.597084 0.866261 0.586771 0.861702
0 0.628023 0.705927 0.615576 0.670213 0.610953 0.648936 0.618777 0.621581 0.636913 0.613222 0.651494 0.593465 0.659317 0.604103 0.665007 0.655775 0.704836 0.800912 0.666430 0.837386
0 0.676387 0.670213 0.658606 0.639058 0.657895 0.605623 0.672119 0.583587 0.685989 0.567629 0.701280 0.560790 0.712660 0.585106 0.716572 0.629939 0.745733 0.746201 0.716927 0.772036
0 0.490398 0.609422 0.512447 0.609422 0.512091 0.832067 0.490398 0.829027
0 0.463727 0.607903 0.491465 0.609422 0.499289 0.826748 0.481508 0.829027
0 0.436344 0.651216 0.436344 0.623100 0.447013 0.605623 0.455903 0.602584 0.465505 0.624620 0.474395 0.757599 0.483997 0.886018 0.460526 0.886018 0.448435 0.750760
0 0.417852 0.707447 0.409673 0.674772 0.410384 0.638298 0.419986 0.606383 0.432432 0.617781 0.438122 0.638298 0.438834 0.674772 0.445946 0.711246 0.449858 0.806231 0.445235 0.870061 0.425676 0.864742 0.426387 0.773556
0 0.341038 0.673252 0.343528 0.623100 0.357041 0.601064 0.378734 0.626140 0.396515 0.638298 0.405761 0.645137 0.394026 0.669453 0.383713 0.699088 0.378023 0.716565 0.346728 0.828267 0.318990 0.809271 0.332859 0.692249
0 0.269203 0.743921 0.293385 0.636778 0.306188 0.575228 0.319701 0.581307 0.346373 0.601064 0.354552 0.633739 0.348862 0.651216 0.326458 0.683891 0.286984 0.783435 0.262447 0.757599
