0 0.506914 0.353343 0.530204 0.354103 0.526929 0.440729 0.529112 0.529635 0.517103 0.545593 0.504367 0.539514
0 0.536390 0.342705 0.539301 0.454407 0.538210 0.512918 0.546579 0.528875 0.556405 0.527356 0.558588 0.503799 0.554949 0.454407 0.556405 0.343465
0 0.566594 0.328267 0.565866 0.454407 0.563683 0.516717 0.569141 0.527356 0.571689 0.528116 0.577875 0.536474 0.591703 0.533435 0.589156 0.332067
0 0.597162 0.337386 0.589520 0.474924 0.587336 0.480243 0.588792 0.514438 0.594978 0.534954 0.603348 0.517477 0.608079 0.535714 0.621543 0.534954 0.619360 0.341185
0 0.648472 0.339666 0.622999 0.339666 0.620451 0.492401 0.620087 0.523556 0.636099 0.524316 0.647380 0.523556 0.650655 0.511398
0 0.500364 0.586626 0.518923 0.582827 0.543668 0.749240 0.518559 0.751520 0.504367 0.652736
0 0.530932 0.567629 0.528384 0.574468 0.546215 0.756079 0.560044 0.758359 0.550218 0.569149
0 0.563319 0.544833 0.553130 0.563070 0.570233 0.781915 0.592431 0.772796 0.578967 0.601064 0.577511 0.559271
0 0.586972 0.541033 0.574964 0.569909 0.608079 0.757599 0.631368 0.740122 0.606259 0.603343 0.603712 0.550152
0 0.616448 0.538754 0.602984 0.542553 0.597162 0.561550 0.638282 0.752280 0.659025 0.733283 0.634279 0.585106 0.625910 0.550152
0 0.629913 0.530395 0.625910 0.538754 0.628457 0.561550 0.664847 0.729483 0.679767 0.732523 0.710335 0.681611 0.692868 0.616261 0.672853 0.544073 0.669578 0.515957 0.653566 0.516717 0.645197 0.529635
0 0.670670 0.486322 0.681951 0.488602 0.693231 0.471125 0.704876 0.469605 0.714702 0.491641 0.741994 0.626140 0.710335 0.673252 0.679039 0.550152 0.667031 0.521277
0 0.719432 0.438450 0.727074 0.436170 0.736900 0.418693 0.744905 0.421733 0.776565 0.579027 0.750364 0.607903 0.725983 0.518237 0.709243 0.476444 0.706696 0.458967 0.710335 0.444529
0 0.466885 0.347264 0.487627 0.351064 0.499636 0.537994 0.487263 0.548632 0.469432 0.541793
0 0.441776 0.349544 0.465429 0.354863 0.457424 0.547112 0.442868 0.542553 0.437045 0.506079
0 0.413028 0.351064 0.429767 0.352584 0.433406 0.547112 0.427220 0.556231 0.421761 0.569149 0.407569 0.563830 0.403566 0.540274 0.409389 0.491641
0 0.383552 0.349544 0.407569 0.349544 0.410480 0.498480 0.415575 0.521277 0.410480 0.556991 0.407569 0.558511 0.399199 0.546353 0.394105 0.563830 0.388282 0.566109 0.379185 0.550912
0 0.356259 0.341945 0.381732 0.343465 0.386827 0.544073 0.384643 0.550912 0.371179 0.553951 0.351528 0.542553 0.351164 0.504559
0 0.481805 0.583587 0.501456 0.582827 0.505095 0.734802 0.486172 0.734802 0.485444 0.667173 0.482169 0.632219
0 0.456696 0.574468 0.479258 0.574468 0.478166 0.644377 0.477438 0.720365 0.465066 0.723404 0.461426 0.661094 0.455240 0.596505
0 0.339884 0.504559 0.348617 0.504559 0.353348 0.503799 0.352256 0.481763 0.347889 0.466565 0.339520 0.389058 0.309680 0.392857 0.331514 0.460486 0.333333 0.495441
0 0.440320 0.563070 0.427220 0.575988 0.429767 0.597264 0.432678 0.658055 0.431951 0.768997 0.448690 0.781155 0.458151 0.773556 0.453057 0.650456 0.450873 0.579787 0.449054 0.566109
0 0.418122 0.571429 0.431223 0.594225 0.423945 0.772796 0.396288 0.766717 0.405386 0.649696 0.395924 0.576748 0.409025 0.565350
0 0.383552 0.567629 0.403566 0.566109 0.406477 0.572948 0.406114 0.591185 0.390830 0.769757 0.354803 0.758359 0.372635 0.656535 0.373362 0.572948
0 0.338792 0.556231 0.330422 0.558511 0.326783 0.647416 0.299127 0.734043 0.332606 0.787234 0.364629 0.724924 0.373362 0.646657 0.382824 0.564590 0.384643 0.560030 0.348981 0.553951
0 0.291485 0.488602 0.290393 0.509119 0.308588 0.518997 0.307132 0.544833 0.243814 0.650456 0.224163 0.608663 0.259461 0.532675 0.267831 0.492401 0.277293 0.484043
