0 0.431896 0.501520 0.427447 0.571429 0.440794 0.595745 0.455168 0.566109 0.459617 0.495441 0.458248 0.415653 0.451745 0.343465 0.446612 0.299392 0.440794 0.283435 0.431896 0.303951 0.431211 0.367781
0 0.407255 0.508359 0.405202 0.566109 0.424025 0.577508 0.432580 0.544073 0.431896 0.465805 0.430527 0.375380 0.430527 0.320669 0.422656 0.304711 0.411704 0.309271
0 0.318275 0.485562 0.318960 0.530395 0.357632 0.567629 0.368583 0.541793 0.362765 0.475684 0.355578 0.395137 0.355578 0.354103 0.341547 0.328267 0.322724 0.348024 0.313484 0.427052
0 0.535250 0.537234 0.533881 0.579027 0.553730 0.601824 0.561602 0.582827 0.560917 0.511398 0.560917 0.448328 0.560917 0.396657 0.562286 0.349544 0.555784 0.329027 0.541752 0.343465 0.535250 0.428571
0 0.560233 0.514438 0.560233 0.551672 0.563655 0.588906 0.577002 0.597264 0.586242 0.574468 0.587269 0.501520 0.589322 0.430851 0.593771 0.393617 0.595140 0.354103 0.595140 0.306231 0.583504 0.286474 0.575291 0.300912 0.564339 0.455927
0 0.650240 0.498480 0.647502 0.547112 0.664271 0.580547 0.684805 0.571429 0.691307 0.517477 0.694045 0.428571 0.694045 0.378419 0.687543 0.344985 0.679671 0.339666 0.667009 0.363982
0 0.331622 0.587386 0.322040 0.626140 0.316222 0.684650 0.295003 0.760638 0.296715 0.784954 0.314168 0.800912 0.354209 0.721125 0.370637 0.645897 0.373032 0.611702 0.360712 0.597264
0 0.377481 0.611702 0.369952 0.620061 0.356263 0.696049 0.341547 0.778116 0.332307 0.836626 0.349760 0.863982 0.380903 0.825228 0.405886 0.693769 0.409309 0.640578 0.405202 0.619301 0.387748 0.614742
0 0.425394 0.632219 0.416153 0.645897 0.412389 0.734043 0.409993 0.841185 0.416153 0.886778 0.431211 0.897416 0.440110 0.876900 0.440110 0.794073 0.440110 0.712006 0.443532 0.648936 0.435661 0.634498
0 0.450376 0.632979 0.442847 0.634498 0.439083 0.658815 0.441478 0.771277 0.440794 0.857143 0.442163 0.911854 0.456879 0.928571 0.463381 0.879939 0.466804 0.712006 0.466804 0.702128 0.466119 0.645897
0 0.475702 0.632979 0.465435 0.636018 0.464750 0.679331 0.469199 0.794073 0.475702 0.886018 0.479466 0.924012 0.489391 0.907295 0.490418 0.842705 0.486653 0.679331 0.485969 0.627660
0 0.493840 0.627660 0.484600 0.630699 0.485969 0.723404 0.489391 0.852584 0.498289 0.902736 0.502738 0.899696 0.506845 0.878419 0.506845 0.805471 0.506160 0.703647 0.506160 0.637538
0 0.508556 0.626140 0.505476 0.648936 0.506845 0.775076 0.506845 0.852584 0.507871 0.879939 0.516427 0.888298 0.524298 0.832827 0.527379 0.719605 0.529432 0.645137 0.524641 0.627660
0 0.539699 0.629179 0.528747 0.626140 0.527379 0.677812 0.525325 0.763678 0.519507 0.847264 0.519507 0.899696 0.530459 0.914134 0.539699 0.875380 0.544148 0.802432 0.550650 0.639058
0 0.561602 0.623100 0.550650 0.627660 0.547570 0.660334 0.544148 0.781155 0.542094 0.857143 0.552019 0.901216 0.562971 0.895897 0.568104 0.822948 0.572553 0.696049 0.572553 0.650456
0 0.581109 0.619301 0.570500 0.624620 0.573238 0.683891 0.572553 0.787994 0.568104 0.876900 0.572553 0.897416 0.584873 0.892857 0.592060 0.806991 0.594456 0.687690 0.592745 0.632219
0 0.600274 0.614742 0.590007 0.621581 0.591376 0.677812 0.603012 0.784954 0.606776 0.855623 0.618412 0.868541 0.631417 0.834347 0.622177 0.712006 0.618412 0.630699
