0 0.486162 0.502280 0.489163 0.549392 0.483828 0.552432 0.473491 0.552432 0.461154 0.551672 0.460820 0.509119 0.461154 0.466565 0.459820 0.420973 0.458486 0.350304 0.457819 0.312310 0.458486 0.301672 0.463821 0.297112 0.471490 0.310030 0.475825 0.354103 0.480493 0.390578 0.487162 0.457447
0 0.437146 0.487082 0.437813 0.512918 0.438813 0.539514 0.447149 0.548632 0.454818 0.547112 0.460153 0.529635 0.460153 0.496960 0.460153 0.402736 0.460153 0.354863 0.460153 0.324468 0.459153 0.303191 0.453818 0.287994 0.446482 0.286474 0.441814 0.297112 0.440814 0.321429 0.443148 0.351824 0.443481 0.382979 0.444481 0.427812
0 0.415138 0.465805 0.414805 0.482523 0.414805 0.506079 0.424141 0.530395 0.432811 0.537994 0.439146 0.525076 0.443148 0.501520 0.444148 0.477964 0.443148 0.455927 0.442147 0.386018 0.441814 0.345745 0.442481 0.305471 0.442481 0.287994 0.442481 0.276596 0.436812 0.268997 0.430477 0.267477 0.421140 0.276596 0.422474 0.344985 0.417139 0.415653
0 0.399466 0.442249 0.398133 0.449848 0.394465 0.478723 0.403801 0.504559 0.412804 0.497720 0.421474 0.493921 0.427809 0.463526 0.426809 0.426292 0.428476 0.390578 0.428810 0.354863 0.425809 0.321429 0.424141 0.291033 0.416806 0.262918 0.411804 0.275076 0.409470 0.294073 0.406802 0.374620
0 0.382127 0.420973 0.381460 0.427812 0.380127 0.458967 0.380794 0.475684 0.389463 0.482523 0.398466 0.489362 0.410137 0.477964 0.412804 0.449848 0.411804 0.395137 0.411804 0.351064 0.409136 0.319909 0.407136 0.294833 0.406469 0.272796 0.404468 0.253799 0.395132 0.254559 0.389463 0.289514 0.387462 0.311550 0.382794 0.381459
0 0.367456 0.427052 0.368123 0.446809 0.370457 0.469605 0.379126 0.477204 0.390797 0.469605 0.399466 0.470365 0.406469 0.472644 0.410470 0.449848 0.410137 0.406535 0.409136 0.356383 0.406802 0.311550 0.404802 0.276596 0.401134 0.255319 0.395465 0.249240 0.387462 0.246960 0.374125 0.258359 0.368123 0.286474 0.365455 0.343465
0 0.347783 0.293313 0.347449 0.305471 0.347449 0.334347 0.350117 0.354863 0.352117 0.368541 0.352117 0.392857 0.350117 0.416413 0.349116 0.438450 0.350784 0.456687 0.358786 0.467325 0.365122 0.465046 0.372457 0.458967 0.381460 0.458967 0.392798 0.463526 0.399466 0.455927 0.401467 0.427812 0.399133 0.388298 0.396465 0.357903 0.397466 0.331307 0.400133 0.304711 0.401801 0.279635 0.401801 0.259878 0.396799 0.248480 0.388129 0.242401 0.378793 0.236322 0.374125 0.233283 0.359453 0.241641 0.353118 0.249240 0.348116 0.262158
0 0.487496 0.477964 0.487162 0.504559 0.488163 0.534954 0.493164 0.547872 0.507503 0.542553 0.516172 0.527356 0.514171 0.479483 0.511504 0.412614 0.510504 0.353343 0.509503 0.319909 0.506836 0.295593 0.501834 0.289514 0.494832 0.297872 0.493164 0.332827 0.494165 0.372340 0.488496 0.468845
0 0.514838 0.500760 0.516839 0.528116 0.521507 0.541033 0.532844 0.526596 0.536512 0.507599 0.535512 0.477964 0.532511 0.443769 0.528176 0.392857 0.527176 0.356383 0.523841 0.312310 0.520173 0.300152 0.515505 0.304711 0.512504 0.318389 0.513171 0.373860 0.514838 0.477964 0.514171 0.490881
0 0.528843 0.399696 0.528843 0.413374 0.528843 0.457447 0.530844 0.492401 0.538179 0.517477 0.545182 0.516717 0.554185 0.510638 0.560187 0.490881 0.560187 0.467325 0.556852 0.427812 0.552518 0.394377 0.549183 0.356383 0.547516 0.332827 0.545182 0.307751 0.542848 0.284954 0.541847 0.268997 0.539180 0.246960 0.535512 0.237082 0.530844 0.238602 0.526175 0.251520 0.525509 0.274316 0.528176 0.304711 0.529510 0.338906 0.529843 0.369301
0 0.561521 0.315350 0.561521 0.329787 0.560854 0.358663 0.561854 0.387538 0.562521 0.424772 0.570857 0.458207 0.583528 0.463526 0.592531 0.448328 0.598533 0.428571 0.592864 0.373860 0.585862 0.338906 0.583861 0.244681 0.581861 0.229483 0.575525 0.224924 0.565855 0.242401 0.561521 0.265957
0 0.519840 0.541793 0.523841 0.609422 0.531177 0.656535 0.540514 0.705927 0.546182 0.729483 0.548850 0.750760 0.562521 0.741641 0.564188 0.718085 0.554185 0.595745 0.551851 0.551672 0.550517 0.528116 0.543848 0.522036 0.534178 0.521277
0 0.543515 0.509119 0.541847 0.519757 0.543181 0.534954 0.548516 0.550912 0.554518 0.591945 0.559853 0.636018 0.562854 0.670213 0.571857 0.698328 0.578526 0.708207 0.585195 0.699848 0.592197 0.679331 0.587529 0.651216 0.581527 0.597264 0.577526 0.565350 0.576526 0.529635 0.569190 0.499240 0.564188 0.490881 0.554852 0.496960 0.545849 0.501520
0 0.561854 0.486322 0.559520 0.494681 0.560520 0.517477 0.565522 0.540274 0.572858 0.571429 0.578860 0.600304 0.582861 0.624620 0.587196 0.651216 0.592197 0.679331 0.596532 0.694529 0.604535 0.706687 0.617206 0.710486 0.622541 0.688450 0.617873 0.661854 0.611537 0.632219 0.605202 0.603343 0.600200 0.569909 0.597533 0.523556 0.594198 0.487842 0.591864 0.472644 0.586862 0.466565 0.582194 0.464286 0.571524 0.466565 0.565855 0.473404
0 0.577526 0.456687 0.582194 0.490122 0.587196 0.512918 0.593531 0.535714 0.600867 0.559271 0.606869 0.593465 0.612204 0.621581 0.617206 0.648176 0.620540 0.661854 0.626209 0.664894 0.637212 0.669453 0.646882 0.656535 0.652217 0.640578 0.657886 0.612462 0.654885 0.576748 0.648550 0.546353 0.640880 0.513678 0.634878 0.484043 0.632878 0.447568 0.630210 0.429331 0.626876 0.420213 0.619873 0.415653 0.609203 0.417933 0.593865 0.436170 0.590530 0.439210 0.584195 0.439210 0.578526 0.449848
0 0.426475 0.535714 0.422141 0.541793 0.420140 0.575228 0.420140 0.598024 0.419473 0.629939 0.419473 0.650456 0.416139 0.706687 0.422474 0.737842 0.443148 0.699848 0.452484 0.611702 0.452151 0.563070 0.448816 0.550152 0.440814 0.541793 0.435145 0.535714
0 0.404802 0.501520 0.399133 0.518237 0.397132 0.546353 0.397132 0.581307 0.397132 0.623100 0.397466 0.637538 0.394798 0.668693 0.397466 0.699088 0.406135 0.709726 0.414805 0.684650 0.418806 0.647416 0.421474 0.610182 0.419807 0.573708 0.422808 0.544833 0.424808 0.536474 0.423141 0.516717 0.418473 0.508359 0.414138 0.505319 0.407803 0.505319
0 0.383461 0.509119 0.380127 0.522036 0.376125 0.562310 0.374458 0.601824 0.370123 0.638298 0.366122 0.663374 0.366455 0.689210 0.372124 0.705927 0.379793 0.702128 0.384128 0.667933 0.395132 0.616261 0.401801 0.577508 0.407803 0.554711 0.409803 0.525836 0.407469 0.503799 0.405135 0.496201 0.402134 0.493161 0.394798 0.493921 0.387129 0.501520
