0 0.481481 0.285714 0.478605 0.322948 0.476807 0.344985 0.473930 0.373860 0.471773 0.396657 0.469975 0.439970 0.471054 0.478723 0.471054 0.507599 0.471054 0.528116 0.489392 0.540274 0.496224 0.481003 0.498022 0.433891 0.498022 0.398936 0.498022 0.361702 0.499101 0.281915
0 0.456311 0.260638 0.456311 0.310030 0.456311 0.332827 0.450557 0.384498 0.450557 0.400456 0.446602 0.435410 0.443725 0.476444 0.450557 0.517477 0.462064 0.515957 0.467098 0.484802 0.468896 0.443769 0.468896 0.406535 0.471054 0.353343 0.473930 0.302432 0.476807 0.254559
0 0.427184 0.271277 0.425387 0.295593 0.426106 0.329027 0.426106 0.353343 0.422510 0.382219 0.417476 0.411094 0.417476 0.447568 0.417476 0.482523 0.426106 0.513678 0.444804 0.501520 0.447681 0.462006 0.446602 0.423252 0.445523 0.379939 0.443725 0.308511 0.443725 0.273556
0 0.396260 0.283435 0.396980 0.341185 0.396980 0.390578 0.396260 0.412614 0.394103 0.449848 0.394103 0.487082 0.399137 0.511398 0.419274 0.503040 0.425387 0.476444 0.422510 0.429331 0.419274 0.365502 0.417476 0.303951 0.417476 0.271277
0 0.340885 0.297872 0.340885 0.314590 0.340885 0.355623 0.331176 0.406535 0.326142 0.443769 0.330097 0.478723 0.349515 0.488602 0.363179 0.488602 0.372887 0.472644 0.370011 0.435410 0.363898 0.384498 0.363179 0.326748 0.362100 0.287994
0 0.298094 0.287994 0.289105 0.344985 0.286228 0.373860 0.279396 0.419453 0.282273 0.462006 0.295218 0.484802 0.311399 0.484802 0.324344 0.454407 0.324344 0.405015 0.326142 0.343465 0.327940 0.283435
0 0.269687 0.267477 0.262855 0.324468 0.252427 0.373860 0.246314 0.406535 0.246314 0.446049 0.265013 0.455927 0.277598 0.411094 0.279396 0.365502 0.290183 0.273556
0 0.508810 0.277356 0.507012 0.336626 0.503056 0.384498 0.499101 0.439970 0.499101 0.481003 0.497303 0.517477 0.501259 0.542553 0.517440 0.546353 0.525351 0.531915 0.526429 0.488602 0.524272 0.435410 0.524272 0.373860 0.524272 0.287994
0 0.535059 0.302432 0.530385 0.353343 0.527149 0.388298 0.525351 0.454407 0.523553 0.515957 0.529306 0.540274 0.546926 0.536474 0.548723 0.487082 0.548723 0.411094 0.543689 0.367781 0.537217 0.330547
0 0.558432 0.287994 0.552679 0.359422 0.546926 0.425532 0.544768 0.482523 0.550521 0.513678 0.558432 0.536474 0.571018 0.540274 0.579648 0.519757 0.580726 0.470365 0.580726 0.396657 0.579648 0.343465 0.577850 0.297872
0 0.586480 0.318389 0.585761 0.347264 0.577850 0.476444 0.577850 0.493161 0.582884 0.522036 0.603020 0.525836 0.606976 0.493161 0.605178 0.460486 0.605178 0.408815 0.609853 0.343465 0.606976 0.306231
0 0.610931 0.322948 0.605897 0.361702 0.605178 0.406535 0.605178 0.443769 0.605897 0.487082 0.609133 0.511398 0.634304 0.522036 0.638260 0.487082 0.633225 0.427052 0.628551 0.367781 0.628551 0.300152 0.612729 0.297872
0 0.638260 0.303951 0.637181 0.326748 0.636102 0.371581 0.635023 0.414894 0.634304 0.437690 0.634304 0.488602 0.642934 0.515957 0.662352 0.509878 0.674218 0.496960 0.677095 0.466565 0.676016 0.405015 0.672060 0.351064 0.667386 0.314590 0.661273 0.294073
0 0.677814 0.291793 0.677095 0.373860 0.678892 0.408815 0.681050 0.447568 0.682848 0.468085 0.701187 0.482523 0.718806 0.464286 0.728515 0.446049 0.726717 0.408815 0.721683 0.373860 0.717727 0.322948 0.711974 0.279635
0 0.504135 0.710486 0.503056 0.667933 0.501259 0.622340 0.493348 0.566869 0.507731 0.563070 0.512765 0.589666 0.515642 0.723404 0.510967 0.747720 0.503056 0.743921
0 0.524272 0.743921 0.524272 0.710486 0.525351 0.671733 0.529306 0.636778 0.529306 0.606383 0.531104 0.563070 0.518519 0.552432 0.511686 0.563070 0.513844 0.595745 0.514563 0.628419 0.514563 0.647416 0.514563 0.704407
0 0.535059 0.741641 0.533981 0.718845 0.530385 0.655015 0.530385 0.640578 0.530385 0.618541 0.532183 0.587386 0.533261 0.560790 0.540093 0.554711 0.548723 0.560790 0.555556 0.572948 0.556634 0.599544 0.553398 0.630699 0.551600 0.683891 0.550521 0.715046 0.550521 0.739362
0 0.574973 0.750000 0.567062 0.706687 0.561309 0.661854 0.559511 0.636778 0.558432 0.612462 0.557353 0.583587 0.558432 0.563070 0.564186 0.548632 0.573894 0.552432 0.580726 0.591945 0.580726 0.612462 0.580726 0.642857 0.580726 0.683891 0.580726 0.718845
0 0.612010 0.723404 0.602301 0.702888 0.584682 0.595745 0.580726 0.564590 0.585761 0.550912 0.596188 0.548632 0.612010 0.560790 0.617763 0.581307 0.618842 0.604103 0.619561 0.630699 0.619561 0.680091 0.625315 0.727204
0 0.656598 0.724924 0.633225 0.669453 0.628551 0.651216 0.624595 0.624620 0.618842 0.583587 0.615606 0.566869 0.612010 0.548632 0.609853 0.534195 0.624595 0.528116 0.641136 0.530395 0.648688 0.531915 0.661273 0.571429 0.667386 0.601824 0.676016 0.653495 0.681769 0.682371 0.677095 0.715046
0 0.710176 0.671733 0.694355 0.653495 0.683927 0.634498 0.676016 0.607903 0.664509 0.571429 0.655520 0.531915 0.662352 0.515957 0.676016 0.511398 0.686803 0.511398 0.704063 0.507599 0.717727 0.550912 0.719885 0.589666 0.726717 0.618541 0.733190 0.665653
0 0.746854 0.640578 0.730313 0.618541 0.718806 0.585866 0.713772 0.560790 0.710176 0.537994 0.706940 0.505319 0.709097 0.487082 0.717727 0.470365 0.729594 0.464286 0.750809 0.476444 0.753686 0.511398 0.756562 0.566869 0.760518 0.604103 0.762675 0.645137
0 0.493348 0.750000 0.493348 0.712766 0.493348 0.667933 0.495146 0.563070 0.476807 0.564590 0.477886 0.587386 0.481481 0.616261 0.482560 0.642857 0.482560 0.675532 0.481481 0.710486 0.480762 0.747720
0 0.457389 0.558511 0.456311 0.599544 0.464222 0.723404 0.466019 0.764438 0.475728 0.729483 0.476807 0.689970 0.478605 0.632979 0.475009 0.581307 0.471773 0.556991
0 0.442647 0.546353 0.436893 0.569149 0.435814 0.599544 0.436893 0.639058 0.437972 0.675532 0.437972 0.723404 0.439770 0.759878 0.454513 0.774316 0.456311 0.739362 0.457389 0.686170 0.457389 0.618541 0.457389 0.554711
0 0.423229 0.544073 0.415678 0.554711 0.414599 0.593465 0.414599 0.626900 0.412801 0.671733 0.411722 0.718845 0.412801 0.774316 0.420352 0.735562 0.426106 0.698328 0.432219 0.659574 0.435095 0.616261 0.435095 0.581307 0.439770 0.548632
0 0.388350 0.741641 0.394103 0.721125 0.406688 0.682371 0.410644 0.645137 0.411722 0.598024 0.412801 0.558511 0.410644 0.530395 0.396260 0.537994 0.392305 0.560790 0.389428 0.583587 0.389428 0.618541 0.389428 0.655015 0.383315 0.688450 0.377562 0.724924
0 0.358145 0.735562 0.367853 0.686170 0.372887 0.659574 0.378641 0.628419 0.385473 0.595745 0.391226 0.564590 0.393384 0.542553 0.379720 0.517477 0.363179 0.523556 0.349515 0.523556 0.337648 0.544073 0.337648 0.593465 0.334052 0.632979 0.327220 0.661854 0.319310 0.708967 0.335850 0.747720
0 0.298094 0.694529 0.312478 0.665653 0.324344 0.632979 0.330097 0.601824 0.337648 0.560790 0.341604 0.536474 0.331895 0.511398 0.318231 0.509878 0.308522 0.496960 0.298094 0.507599 0.291262 0.537994 0.286228 0.579027 0.278677 0.606383 0.266810 0.645137 0.266810 0.669453
