0 0.512768 0.276596 0.514471 0.471125 0.488594 0.471125 0.485189 0.451368 0.487232 0.411094 0.494382 0.258359 0.513109 0.261398
0 0.495403 0.256839 0.485529 0.417933 0.486210 0.462766 0.475655 0.465805 0.466803 0.460486 0.461355 0.449848 0.463058 0.433131 0.464419 0.417173 0.462717 0.398176 0.479401 0.248480
0 0.455567 0.232523 0.464419 0.408055 0.464419 0.428571 0.462377 0.442249 0.460674 0.457447 0.457610 0.464286 0.454545 0.466565 0.447055 0.466565 0.443650 0.461246 0.441267 0.455927 0.438543 0.443769 0.437862 0.427052 0.437181 0.413374 0.439224 0.365502 0.443309 0.234802
0 0.423561 0.250000 0.416071 0.436170 0.420497 0.452128 0.425264 0.456687 0.431052 0.455927 0.440586 0.455167 0.448757 0.449848 0.451141 0.434650 0.453864 0.411094 0.452843 0.382219 0.445693 0.302432 0.442629 0.239362
0 0.401430 0.249240 0.408580 0.442249 0.375894 0.449088 0.361934 0.442249 0.360232 0.428571 0.360232 0.409574 0.360572 0.383739 0.358189 0.344985 0.348655 0.260638
0 0.347293 0.253040 0.359210 0.345745 0.361593 0.398936 0.359551 0.448328 0.342186 0.448328 0.330609 0.442249 0.321076 0.434650 0.316650 0.423252 0.316650 0.401216 0.323119 0.367781 0.323800 0.317629 0.317671 0.253040
0 0.315288 0.250000 0.325162 0.335106 0.325843 0.362462 0.327205 0.383739 0.327205 0.395137 0.325843 0.408815 0.323119 0.420973 0.319033 0.423252 0.313926 0.426292 0.309840 0.426292 0.304052 0.423252 0.296902 0.413374 0.291454 0.404255 0.285325 0.408815 0.281920 0.385258 0.283963 0.367021 0.286006 0.250760
0 0.514130 0.255319 0.514471 0.468845 0.522642 0.478723 0.531495 0.478723 0.536602 0.474164 0.542390 0.466565 0.543071 0.446049 0.541028 0.359422 0.536261 0.251520
0 0.535581 0.255319 0.541709 0.363982 0.543412 0.465046 0.567586 0.468845 0.566905 0.436930 0.566565 0.417173 0.557371 0.250000
0 0.571331 0.246201 0.565203 0.366261 0.567245 0.462766 0.574736 0.474924 0.583929 0.474924 0.590739 0.464286 0.590739 0.452128 0.590058 0.412614 0.586313 0.246960
0 0.591079 0.262918 0.582567 0.390578 0.579162 0.419453 0.582567 0.443009 0.583929 0.448328 0.592101 0.459726 0.605039 0.464286 0.611508 0.451368 0.613551 0.414894 0.607423 0.250000 0.593803 0.248480
0 0.629894 0.256839 0.618318 0.376140 0.613211 0.416413 0.616616 0.459726 0.629213 0.465046 0.639428 0.467325 0.652707 0.464286 0.657133 0.447568 0.658155 0.429331 0.654409 0.404255 0.654750 0.386018 0.657474 0.356383 0.662240 0.287234 0.662240 0.264438
0 0.660538 0.259119 0.657474 0.355623 0.654069 0.392857 0.654750 0.408055 0.655771 0.419453 0.660878 0.441489 0.670072 0.447568 0.677903 0.445289 0.689139 0.433891 0.696629 0.431611 0.701396 0.420973 0.701736 0.406535 0.700034 0.390578 0.696629 0.377660 0.693565 0.362462 0.691522 0.254559
0 0.690160 0.252280 0.689479 0.346505 0.689139 0.373100 0.694927 0.400456 0.704120 0.413374 0.717058 0.411094 0.736806 0.378419 0.723187 0.286474 0.717399 0.230243 0.691181 0.241641
0 0.498468 0.493161 0.500851 0.504559 0.501532 0.512918 0.500851 0.524316 0.501532 0.649696 0.516173 0.651216 0.519237 0.531155 0.517875 0.513678 0.517194 0.495441
0 0.524685 0.484043 0.517194 0.497720 0.518216 0.515957 0.518556 0.534954 0.518897 0.664134 0.534559 0.661854 0.537623 0.531915 0.538985 0.486322 0.531835 0.482523
0 0.544433 0.477964 0.538645 0.497720 0.537283 0.536474 0.542390 0.730243 0.563160 0.724164 0.562138 0.570669 0.559755 0.528875 0.560776 0.508359 0.558052 0.485562 0.551583 0.478723
0 0.564522 0.481003 0.557371 0.498480 0.557371 0.512918 0.560095 0.523556 0.562138 0.532675 0.566905 0.680851 0.591420 0.677812 0.581886 0.551672 0.582227 0.516717 0.580524 0.491641 0.574736 0.479483
0 0.590398 0.467325 0.580524 0.473404 0.573034 0.481003 0.572353 0.490881 0.575758 0.511398 0.578822 0.525836 0.582227 0.573708 0.591079 0.673252 0.619680 0.660334 0.607423 0.518237 0.605039 0.483283 0.593463 0.465046
0 0.651345 0.465046 0.641471 0.464286 0.634661 0.467325 0.630575 0.476444 0.630575 0.494681 0.641811 0.547872 0.669050 0.638298 0.683691 0.664894 0.727613 0.617781 0.699353 0.525076 0.683350 0.488602 0.681648 0.477204 0.678584 0.462006 0.674498 0.448328 0.669731 0.447568 0.663602 0.446049 0.658836 0.449848 0.654750 0.457447 0.652707 0.462006
0 0.692543 0.432371 0.683691 0.437690 0.678924 0.444529 0.677562 0.451368 0.678243 0.462006 0.681307 0.476444 0.684031 0.491641 0.696629 0.514438 0.731699 0.578267 0.749064 0.573708 0.762683 0.550912 0.756895 0.517477 0.742254 0.463526 0.724208 0.420213 0.712291 0.411094 0.706163 0.413374 0.702077 0.417933 0.696970 0.431611
0 0.497787 0.491641 0.500851 0.507599 0.500170 0.525836 0.500170 0.651976 0.487232 0.655015 0.484508 0.572948 0.483487 0.523556 0.481784 0.510638 0.481784 0.503040 0.483146 0.495441 0.484848 0.493161
0 0.472932 0.479483 0.464760 0.482523 0.464419 0.496960 0.464419 0.515198 0.464760 0.591945 0.464079 0.676292 0.483827 0.677812 0.483827 0.523556 0.483146 0.515198 0.484168 0.508359 0.483827 0.499240 0.482806 0.487842 0.479060 0.481003
0 0.456929 0.478723 0.463058 0.491641 0.465100 0.509119 0.464419 0.516717 0.459312 0.706687 0.433776 0.696809 0.439905 0.554711 0.442629 0.515957 0.445012 0.493921 0.448076 0.478723 0.453864 0.477204
0 0.437521 0.468085 0.443309 0.480243 0.447055 0.481003 0.448417 0.487842 0.449098 0.502280 0.444331 0.518997 0.439905 0.548632 0.429009 0.673252 0.405175 0.672492 0.417092 0.563830 0.419135 0.521277 0.422540 0.487842 0.424923 0.475684 0.432755 0.467325
0 0.421519 0.460486 0.423221 0.467325 0.429350 0.468085 0.432755 0.472644 0.433095 0.478723 0.432074 0.487082 0.430031 0.498480 0.427307 0.508359 0.424242 0.516717 0.421178 0.526596 0.418795 0.541033 0.416752 0.565350 0.400409 0.675532 0.384065 0.668693 0.399047 0.556991 0.400749 0.507599 0.402792 0.485562 0.404835 0.474164 0.405856 0.461246 0.413347 0.457447 0.419816 0.458207
0 0.376575 0.459726 0.366701 0.459726 0.363296 0.468085 0.362955 0.480243 0.362615 0.495441 0.363977 0.509119 0.362274 0.524316 0.356486 0.544073 0.322438 0.654255 0.369425 0.698328 0.398025 0.553951 0.407218 0.514438 0.411645 0.496201 0.411985 0.474164 0.409602 0.465805 0.405516 0.462766 0.397685 0.458967 0.392237 0.458967
0 0.357167 0.459726 0.367041 0.464286 0.369084 0.473404 0.367722 0.482523 0.366360 0.502280 0.358870 0.520517 0.309159 0.672492 0.277154 0.626900 0.315969 0.486322 0.320735 0.462766 0.327205 0.446809 0.341845 0.449848 0.353081 0.455927
0 0.276813 0.407295 0.220293 0.545593 0.255363 0.618541 0.301328 0.533435 0.315628 0.488602 0.321757 0.458967 0.322438 0.447568 0.306095 0.427052 0.294178 0.417933
