0 0.450405 0.554303 0.484312 0.556352 0.486336 0.505123 0.477227 0.283811 0.442814 0.294057 0.450911 0.488730 0.446356 0.539959
0 0.418016 0.504098 0.420547 0.532787 0.430162 0.545082 0.440789 0.548156 0.450405 0.550205 0.446356 0.473361 0.443826 0.298156 0.411437 0.305328 0.423583 0.448770
0 0.401316 0.348361 0.393219 0.435451 0.385628 0.497951 0.386134 0.527664 0.395749 0.535861 0.402834 0.539959 0.408401 0.539959 0.418016 0.519467 0.418016 0.497951 0.417510 0.468238 0.420040 0.300205 0.404858 0.308402
0 0.347672 0.319672 0.342105 0.414959 0.342611 0.440574 0.343117 0.471311 0.340081 0.502049 0.351721 0.513320 0.362854 0.513320 0.370445 0.494877 0.372470 0.456967 0.367409 0.421107 0.355263 0.302254
0 0.311741 0.298156 0.313765 0.369877 0.311741 0.411885 0.307692 0.428279 0.301113 0.451844 0.297571 0.482582 0.302126 0.502049 0.312247 0.508197 0.324899 0.508197 0.338057 0.507172 0.346660 0.467213 0.344636 0.438525 0.342611 0.405738 0.337045 0.307377
0 0.292510 0.299180 0.287449 0.344262 0.278340 0.389344 0.264170 0.404713 0.253036 0.415984 0.257085 0.436475 0.264170 0.448770 0.269737 0.459016 0.275810 0.474385 0.282389 0.481557 0.296053 0.474385 0.302126 0.430328 0.304150 0.381148 0.315283 0.299180
0 0.267206 0.246926 0.254049 0.272541 0.246964 0.317623 0.242915 0.330943 0.240385 0.354508 0.245951 0.379098 0.254049 0.392418 0.269737 0.382172 0.279352 0.353484 0.288968 0.310451 0.291498 0.281762 0.284919 0.261270
0 0.488360 0.305328 0.484818 0.555328 0.522267 0.548156 0.519231 0.473361 0.505061 0.297131
0 0.521255 0.325820 0.523785 0.478484 0.518725 0.507172 0.526316 0.551230 0.552126 0.538934 0.549595 0.469262 0.536943 0.314549
0 0.546559 0.328893 0.547571 0.459016 0.547571 0.491803 0.547571 0.518443 0.558198 0.529713 0.568320 0.539959 0.575405 0.504098 0.574899 0.467213 0.569838 0.417008 0.559211 0.298156 0.549089 0.305328
0 0.575911 0.322746 0.569838 0.437500 0.569332 0.476434 0.569332 0.497951 0.573381 0.518443 0.581984 0.524590 0.589575 0.528689 0.610324 0.507172 0.605263 0.467213 0.596154 0.432377 0.592611 0.295082
0 0.607287 0.298156 0.598684 0.428279 0.597166 0.459016 0.596154 0.489754 0.601215 0.505123 0.612348 0.513320 0.623988 0.494877 0.627530 0.482582 0.625000 0.421107 0.621457 0.271516 0.613360 0.278689
0 0.619939 0.302254 0.628036 0.422131 0.625000 0.471311 0.626518 0.494877 0.640688 0.512295 0.651316 0.493852 0.662955 0.492828 0.664474 0.431352 0.661943 0.405738 0.658907 0.375000 0.643219 0.261270 0.628036 0.272541
0 0.640182 0.273566 0.651822 0.336066 0.657895 0.390369 0.660931 0.418033 0.668522 0.446721 0.675607 0.471311 0.692308 0.473361 0.699899 0.459016 0.700911 0.442623 0.705972 0.432377 0.698381 0.385246 0.691296 0.360656 0.683704 0.335041 0.653340 0.243852
0 0.652834 0.245902 0.661943 0.314549 0.674089 0.339139 0.685729 0.361680 0.696862 0.370902 0.705972 0.358607 0.708502 0.343238 0.714069 0.335041 0.717611 0.308402 0.704960 0.268443 0.681680 0.236680 0.663462 0.212090
0 0.488866 0.580943 0.511640 0.579918 0.519737 0.735656 0.503543 0.735656
0 0.511134 0.581967 0.535425 0.578893 0.534919 0.647541 0.547571 0.743852 0.528846 0.747951
0 0.539980 0.640369 0.533907 0.597336 0.531883 0.560451 0.549595 0.546107 0.564271 0.571721 0.564777 0.622951 0.588563 0.747951 0.565789 0.759221
0 0.569332 0.612705 0.562247 0.595287 0.560729 0.561475 0.570344 0.539959 0.574899 0.535861 0.587045 0.561475 0.587551 0.621926 0.612854 0.774590 0.592611 0.774590 0.564271 0.625000
0 0.587045 0.597336 0.577429 0.569672 0.580972 0.544057 0.593117 0.537910 0.608806 0.539959 0.612854 0.573770 0.636134 0.733607 0.617409 0.730533
0 0.621457 0.601434 0.611336 0.570697 0.609818 0.549180 0.611336 0.528689 0.660931 0.520492 0.666498 0.592213 0.693320 0.696721 0.661437 0.722336 0.632591 0.662910
0 0.665992 0.578893 0.660425 0.554303 0.653340 0.524590 0.653846 0.510246 0.668522 0.489754 0.676113 0.488730 0.691802 0.477459 0.699899 0.497951 0.704453 0.548156 0.723684 0.673156 0.703947 0.686475 0.672065 0.626025
0 0.708502 0.573770 0.699899 0.544057 0.696862 0.517418 0.704960 0.496926 0.710020 0.493852 0.723684 0.483607 0.730263 0.468238 0.743927 0.486680 0.752530 0.523566 0.754555 0.553279 0.767206 0.622951 0.732794 0.645492
0 0.467105 0.585041 0.491903 0.580943 0.488360 0.740779 0.467105 0.733607
0 0.443320 0.584016 0.457996 0.570697 0.471660 0.580943 0.462045 0.744877 0.444332 0.753074
0 0.406377 0.663934 0.413462 0.586066 0.418016 0.563525 0.425607 0.560451 0.438765 0.579918 0.440789 0.610656 0.418016 0.780738 0.399798 0.766393
0 0.382085 0.748975 0.380061 0.669057 0.386134 0.605533 0.387146 0.571721 0.387652 0.548156 0.407389 0.548156 0.413968 0.574795 0.408401 0.626025 0.394737 0.760246
0 0.339069 0.720287 0.344130 0.630123 0.351721 0.574795 0.359312 0.544057 0.376012 0.533811 0.394737 0.556352 0.384615 0.607582 0.372976 0.651639 0.351721 0.751025
0 0.292510 0.693648 0.299595 0.653689 0.306174 0.599385 0.308704 0.570697 0.326923 0.534836 0.349190 0.555328 0.356781 0.563525 0.353239 0.601434 0.344636 0.643443 0.321356 0.738730 0.293522 0.709016
0 0.241397 0.648566 0.248482 0.605533 0.253036 0.569672 0.261134 0.549180 0.271761 0.498975 0.280870 0.486680 0.296559 0.498975 0.309211 0.508197 0.321356 0.522541 0.314777 0.566598 0.294028 0.612705 0.283401 0.647541 0.271761 0.686475
0 0.211032 0.594262 0.211032 0.548156 0.221660 0.498975 0.230769 0.474385 0.261134 0.478484 0.271255 0.489754 0.274798 0.520492 0.262146 0.578893 0.246457 0.619877 0.235324 0.637295 0.216599 0.612705
