0 0.472559 0.477964 0.470777 0.546353 0.471846 0.559271 0.485745 0.559271 0.496793 0.520517 0.499287 0.426292 0.498218 0.320669 0.501426 0.239362 0.496793 0.221884 0.485032 0.226444 0.478261 0.274316 0.471133 0.408815
0 0.449394 0.486322 0.442979 0.531155 0.456165 0.553951 0.468639 0.539514 0.475766 0.481003 0.473272 0.417933 0.476123 0.351824 0.477548 0.297112 0.478261 0.262158 0.468282 0.251520 0.460442 0.265957 0.455453 0.319909
0 0.420527 0.472644 0.413756 0.527356 0.413043 0.553191 0.432644 0.564590 0.445474 0.530395 0.452958 0.487842 0.452958 0.438450 0.453671 0.386018 0.454383 0.327508 0.454383 0.275836 0.454383 0.246201 0.450463 0.228723 0.436208 0.240881 0.432644 0.287234
0 0.394512 0.498480 0.392373 0.527356 0.402352 0.550152 0.425517 0.527356 0.438703 0.511398 0.437990 0.455167 0.437634 0.399696 0.434426 0.351064 0.429081 0.305471 0.426586 0.273556 0.418389 0.265957 0.407341 0.286474 0.402708 0.367021
0 0.379544 0.473404 0.378118 0.541033 0.401639 0.552432 0.416964 0.537994 0.418389 0.515957 0.414113 0.430091 0.405916 0.357903 0.400570 0.338146 0.396294 0.310030 0.390592 0.303951 0.379544 0.319149 0.378118 0.370821
0 0.338560 0.457447 0.332145 0.494681 0.339986 0.526596 0.370634 0.542553 0.379900 0.515957 0.382751 0.445289 0.380969 0.384498 0.379900 0.308511 0.376336 0.296353 0.363507 0.281915 0.347826 0.322948
0 0.295438 0.449848 0.289380 0.484802 0.291875 0.522036 0.309694 0.545593 0.329294 0.541793 0.336422 0.488602 0.336422 0.428571 0.341768 0.365502 0.341768 0.329027 0.335353 0.294073 0.327512 0.289514 0.315752 0.322188 0.307912 0.367021
0 0.266928 0.389058 0.259088 0.405015 0.256593 0.444529 0.265146 0.478723 0.274768 0.487082 0.289024 0.484043 0.308624 0.446809 0.318247 0.408055 0.328582 0.341185 0.326443 0.320669 0.325731 0.272036 0.320385 0.265957 0.305061 0.273556 0.292231 0.305471
0 0.495723 0.480243 0.492872 0.533435 0.496080 0.548632 0.506058 0.556231 0.521026 0.541793 0.522096 0.494681 0.520314 0.408055 0.520314 0.336626 0.520314 0.300912 0.520314 0.249240 0.511404 0.236322 0.504633 0.252280
0 0.519957 0.458967 0.518532 0.493921 0.531005 0.533435 0.543478 0.537234 0.543478 0.496201 0.542766 0.436170 0.542766 0.382979 0.542766 0.326748 0.540984 0.303951 0.527085 0.309271 0.524234 0.352584
0 0.543122 0.460486 0.544547 0.521277 0.549893 0.541793 0.562723 0.553951 0.572345 0.542553 0.575196 0.514438 0.570919 0.424012 0.570207 0.354103 0.570563 0.314590 0.570563 0.275076 0.570207 0.228723 0.556308 0.225684 0.548824 0.268237
0 0.563435 0.471125 0.563079 0.525836 0.573058 0.549392 0.579829 0.546353 0.591233 0.554711 0.600855 0.534954 0.602637 0.522796 0.599073 0.486322 0.599786 0.418693 0.599073 0.373100 0.601212 0.328267 0.598361 0.284195 0.598361 0.256079 0.592302 0.224924 0.585887 0.227964 0.579116 0.257599 0.568781 0.373100
0 0.593728 0.476444 0.593728 0.533435 0.610834 0.552432 0.623664 0.550152 0.631504 0.537234 0.631504 0.513678 0.627227 0.477964 0.626871 0.432371 0.627227 0.386778 0.631504 0.350304 0.632573 0.330547 0.632573 0.302432 0.629722 0.278875 0.622238 0.272796 0.612259 0.292553
0 0.628653 0.478723 0.625802 0.498480 0.632929 0.520517 0.645403 0.534195 0.667142 0.516717 0.671775 0.496201 0.666429 0.466565 0.662865 0.400456 0.664291 0.338906 0.661440 0.287994 0.652174 0.276596 0.640770 0.284195 0.636493 0.317629 0.629722 0.389818
0 0.665360 0.472644 0.665360 0.510638 0.671775 0.537994 0.680328 0.541793 0.695296 0.529635 0.710264 0.528875 0.712046 0.484802 0.698503 0.428571 0.693514 0.400456 0.691376 0.357903 0.689594 0.324468 0.682110 0.297112 0.672844 0.310790 0.668211 0.382979
0 0.693514 0.404255 0.698147 0.436930 0.710264 0.449848 0.723450 0.430091 0.730577 0.417173 0.734498 0.379179 0.724875 0.341185 0.719886 0.306991 0.715253 0.282675 0.710264 0.257599 0.709551 0.237842 0.700285 0.228723 0.694227 0.231003 0.689237 0.262158 0.688525 0.305471 0.689237 0.344225
0 0.502138 0.575988 0.503564 0.632219 0.504633 0.705927 0.513542 0.801672 0.524590 0.833587 0.528510 0.800912 0.525659 0.741641 0.519601 0.630699 0.515324 0.577508 0.509622 0.573708
0 0.516750 0.566869 0.515324 0.580547 0.520314 0.651976 0.525659 0.750760 0.528510 0.805471 0.535994 0.826748 0.541340 0.817629 0.543122 0.757599 0.540627 0.650456 0.538845 0.617781 0.537420 0.576748 0.534569 0.566109 0.522452 0.564590
0 0.542409 0.556231 0.535282 0.573708 0.534569 0.608663 0.538489 0.669453 0.543478 0.762158 0.555952 0.832067 0.566999 0.848784 0.575196 0.840426 0.576622 0.813070 0.566643 0.729483 0.563435 0.646657 0.560941 0.594225 0.555239 0.558511 0.547755 0.556231
0 0.566999 0.562310 0.559159 0.574468 0.559872 0.617781 0.565217 0.712006 0.573414 0.787994 0.589451 0.830547 0.598361 0.832067 0.601212 0.816869 0.594797 0.761398 0.586244 0.681611 0.586600 0.629179 0.589451 0.588146 0.587669 0.577508 0.580542 0.566869
0 0.593728 0.565350 0.582324 0.573708 0.582324 0.598784 0.590877 0.664134 0.602994 0.785714 0.620456 0.848024 0.629009 0.837386 0.632217 0.819909 0.619743 0.725684 0.617249 0.661854 0.617249 0.617021 0.617962 0.584347 0.606557 0.572188
0 0.658589 0.566109 0.651461 0.580547 0.655381 0.617781 0.686030 0.733283 0.705987 0.780395 0.724163 0.772796 0.718460 0.708967 0.711333 0.638298 0.705274 0.594225 0.694939 0.556231 0.685674 0.546353 0.676051 0.545593
0 0.701711 0.588906 0.698147 0.604103 0.703493 0.642857 0.737349 0.710486 0.760513 0.734802 0.769423 0.718845 0.769423 0.682371 0.752316 0.621581 0.739487 0.580547 0.732003 0.557751 0.723093 0.554711 0.716679 0.577508
0 0.490021 0.565350 0.488596 0.584347 0.492160 0.665653 0.495367 0.748480 0.501782 0.822188 0.512117 0.825228 0.515324 0.796353 0.507840 0.709726 0.503564 0.604863 0.501782 0.570669
0 0.475053 0.572948 0.470064 0.581307 0.475410 0.607903 0.476479 0.677052 0.481468 0.781155 0.486101 0.826748 0.498931 0.829787 0.501426 0.802432 0.495367 0.677812 0.488952 0.600304 0.487170 0.575988 0.479330 0.566109
0 0.467213 0.563070 0.455809 0.579027 0.450820 0.605623 0.445830 0.667933 0.447256 0.745441 0.454383 0.810790 0.456878 0.840426 0.468282 0.850304 0.475766 0.828267 0.477192 0.754559 0.480399 0.650456 0.475053 0.608663
0 0.437990 0.566109 0.428011 0.581307 0.424804 0.617021 0.424448 0.715046 0.429793 0.800912 0.441197 0.848024 0.450463 0.822948 0.451176 0.686930 0.459729 0.617021 0.459016 0.591945 0.451176 0.580547 0.442267 0.566109
0 0.413756 0.586626 0.405203 0.586626 0.396294 0.594225 0.399857 0.662614 0.391304 0.758359 0.382038 0.800152 0.392730 0.824468 0.411618 0.820669 0.420527 0.754559 0.432644 0.666413 0.439772 0.610942 0.434426 0.596505 0.426230 0.588146
0 0.329294 0.554711 0.321810 0.590426 0.308268 0.656535 0.287954 0.718845 0.282252 0.753040 0.291162 0.776596 0.305061 0.778116 0.331076 0.727964 0.358874 0.669453 0.385246 0.625380 0.388810 0.612462 0.386671 0.597264 0.377406 0.574468 0.370634 0.565350 0.359230 0.565350 0.345331 0.572188 0.338560 0.569149
0 0.274056 0.556991 0.260157 0.575988 0.247684 0.612462 0.225944 0.645137 0.215253 0.693009 0.230221 0.722644 0.261939 0.714286 0.289024 0.678571 0.310050 0.651976 0.319672 0.621581 0.321098 0.596505 0.309694 0.582067 0.297220 0.565350 0.291518 0.556991
