0 0.465283 0.608663 0.492842 0.603343 0.491768 0.532675 0.484252 0.336626 0.470293 0.339666 0.467430 0.548632
0 0.449177 0.606383 0.468504 0.608663 0.469936 0.548632 0.470293 0.338146 0.452756 0.341945 0.449535 0.522036 0.445956 0.583587
0 0.421260 0.582067 0.427702 0.612462 0.437724 0.606383 0.445240 0.575228 0.452040 0.553191 0.453472 0.518237 0.455261 0.331307 0.434503 0.327508 0.430923 0.460486 0.426986 0.509119 0.423765 0.551672 0.422691 0.569149
0 0.400859 0.569909 0.406228 0.592705 0.415891 0.598024 0.425197 0.576748 0.434503 0.579787 0.442019 0.556991 0.441661 0.516717 0.434503 0.475684 0.438440 0.316869 0.413744 0.322188 0.408375 0.471884 0.408375 0.522036
0 0.380100 0.559271 0.381890 0.585866 0.391911 0.591185 0.403364 0.576748 0.407659 0.576748 0.415891 0.559271 0.415891 0.525836 0.415175 0.504559 0.416249 0.310030 0.396206 0.320669 0.390480 0.487842 0.385469 0.523556
0 0.341804 0.509878 0.343593 0.535714 0.351825 0.551672 0.359341 0.556991 0.365426 0.563830 0.376163 0.572948 0.385469 0.553191 0.394417 0.528875 0.391195 0.496960 0.395132 0.308511 0.361131 0.323708 0.357910 0.417933 0.353615 0.451368 0.349320 0.472644
0 0.295991 0.493161 0.302792 0.509119 0.313529 0.509878 0.318540 0.520517 0.332856 0.523556 0.342162 0.509119 0.349320 0.472644 0.352899 0.442249 0.360415 0.401216 0.358626 0.311550 0.326772 0.325228 0.323550 0.399696 0.319613 0.424772 0.307802 0.440729 0.299571 0.468845
0 0.287759 0.392857 0.302076 0.412614 0.313887 0.417173 0.328561 0.403495 0.344309 0.370061 0.349320 0.338146 0.304581 0.300912 0.290265 0.329027 0.284538 0.357143 0.283822 0.379179
0 0.490336 0.608663 0.512527 0.608663 0.520043 0.598024 0.518253 0.536474 0.504295 0.320669 0.485326 0.332827 0.491768 0.536474
0 0.516822 0.559271 0.519327 0.590426 0.523622 0.599544 0.538296 0.596505 0.545097 0.578267 0.541875 0.541793 0.518253 0.332827 0.500358 0.339666 0.512527 0.481003
0 0.536149 0.525076 0.545097 0.560790 0.555834 0.569909 0.563350 0.569149 0.570866 0.543313 0.566571 0.499240 0.559413 0.465046 0.550823 0.371581 0.549392 0.316869 0.525770 0.322188 0.523264 0.415653 0.529349 0.467325
0 0.564424 0.491641 0.556908 0.548632 0.563350 0.569149 0.575877 0.569149 0.592341 0.564590 0.598425 0.548632 0.594130 0.477204 0.590909 0.408815 0.580888 0.313830 0.560129 0.323708 0.574087 0.433131
0 0.607731 0.560790 0.599141 0.548632 0.596636 0.516717 0.597709 0.488602 0.600931 0.465805 0.596636 0.412614 0.610594 0.318389 0.634932 0.323708 0.643522 0.424772 0.641732 0.462006 0.648175 0.490122 0.652470 0.509878 0.649248 0.547872 0.640659 0.566109 0.623479 0.564590
0 0.656764 0.534195 0.644953 0.522036 0.639943 0.488602 0.639943 0.471884 0.641016 0.430091 0.635648 0.334347 0.637437 0.316869 0.669291 0.307751 0.672513 0.405015 0.671797 0.424772 0.685039 0.452888 0.688976 0.474164 0.687187 0.509119 0.679313 0.528875 0.666786 0.534195
0 0.682534 0.407295 0.671797 0.406535 0.664281 0.392857 0.656764 0.364742 0.654259 0.346505 0.675734 0.311550 0.690050 0.297872 0.699714 0.332827 0.704009 0.350304 0.704009 0.376900 0.697566 0.389058 0.691482 0.403495
0 0.505727 0.631459 0.519327 0.627660 0.525054 0.672492 0.524338 0.818389 0.511095 0.816869
0 0.523264 0.620821 0.549392 0.620821 0.546886 0.670213 0.537581 0.813070 0.525054 0.813070
0 0.541875 0.627660 0.551897 0.601824 0.559055 0.598024 0.570150 0.606383 0.571940 0.693009 0.565855 0.835106 0.544381 0.823708
0 0.571940 0.652736 0.564424 0.615502 0.569077 0.601064 0.582319 0.592705 0.596636 0.594225 0.601646 0.617781 0.600931 0.674012 0.617394 0.831307 0.593414 0.839666
0 0.606657 0.652736 0.599857 0.622340 0.597709 0.592705 0.607731 0.574468 0.626700 0.580547 0.630637 0.595745 0.630995 0.643617 0.647459 0.813070 0.632427 0.820669 0.628490 0.816869
0 0.646743 0.642097 0.629205 0.590426 0.636006 0.569909 0.648890 0.553191 0.658196 0.537994 0.675734 0.544833 0.683250 0.582067 0.691482 0.615502 0.719041 0.696809 0.695061 0.721884 0.656764 0.677052
0 0.714030 0.647416 0.698282 0.643617 0.692198 0.615502 0.688976 0.591185 0.691482 0.567629 0.702577 0.536474 0.707588 0.527356 0.728346 0.541793 0.736578 0.585106 0.735863 0.634498
0 0.486042 0.624620 0.506800 0.629939 0.512527 0.800912 0.499284 0.799392
0 0.466714 0.629179 0.491052 0.629179 0.498568 0.816869 0.479957 0.819149
0 0.445956 0.664894 0.449535 0.627660 0.457051 0.608663 0.472441 0.629179 0.480315 0.664894 0.477810 0.735562 0.480315 0.844985 0.460272 0.836626 0.450966 0.723404
0 0.426271 0.705167 0.423765 0.658055 0.426271 0.623860 0.433429 0.612462 0.452040 0.617781 0.457051 0.626140 0.451682 0.703647 0.450966 0.854103 0.436650 0.857903
0 0.382606 0.819149 0.393701 0.751520 0.398712 0.705927 0.399427 0.682371 0.400859 0.636778 0.404438 0.612462 0.418397 0.606383 0.431997 0.612462 0.437724 0.622340 0.439513 0.640578 0.427702 0.672492 0.412670 0.784954 0.392627 0.847264
0 0.326056 0.740881 0.342162 0.695289 0.354331 0.651216 0.362563 0.629939 0.362921 0.601824 0.368647 0.588906 0.406228 0.596505 0.417681 0.604863 0.422691 0.612462 0.411954 0.651216 0.399427 0.668693 0.391195 0.743161 0.345383 0.806231
0 0.278812 0.705927 0.287759 0.675532 0.292770 0.640578 0.298497 0.615502 0.308518 0.587386 0.315319 0.564590 0.319613 0.536474 0.332140 0.528875 0.349678 0.537994 0.368647 0.566109 0.369363 0.590426 0.358626 0.624620 0.341088 0.645137 0.331782 0.677812 0.308518 0.743161
0 0.251969 0.601064 0.255548 0.585866 0.268790 0.556991 0.280243 0.541033 0.290981 0.536474 0.297065 0.550152 0.300286 0.571429 0.311024 0.585866 0.311382 0.622340 0.297065 0.636778 0.280243 0.648936 0.265211 0.652736 0.261274 0.661094
