0 0.452624 0.601064 0.469023 0.559271 0.472668 0.397416 0.451895 0.394377 0.446429 0.585866
0 0.440233 0.575988 0.459913 0.572188 0.459913 0.534195 0.454810 0.378419 0.432945 0.379179 0.431122 0.578267
0 0.425656 0.579787 0.440962 0.566869 0.437318 0.367781 0.411808 0.367781 0.408892 0.531155 0.412536 0.579787
0 0.462099 0.585866 0.469023 0.392097 0.485787 0.389818 0.479956 0.585866
0 0.479956 0.588146 0.503644 0.584347 0.510933 0.375380 0.487245 0.382979
0 0.407434 0.576748 0.421647 0.555471 0.425292 0.374620 0.391764 0.370821 0.379009 0.481763 0.368076 0.551672 0.372813 0.582067
0 0.356414 0.549392 0.376458 0.545593 0.385204 0.504559 0.374271 0.331307 0.327259 0.322188 0.330539 0.517477 0.341472 0.545593
0 0.503644 0.588146 0.510204 0.373100 0.532070 0.378419 0.530248 0.601064
0 0.530977 0.598784 0.532070 0.369301 0.548469 0.378419 0.553207 0.603343
0 0.553936 0.599544 0.549563 0.555471 0.553936 0.380699 0.572157 0.378419 0.576895 0.565350 0.567420 0.597264
0 0.575802 0.578267 0.566691 0.559271 0.567784 0.506079 0.575802 0.370821 0.589286 0.376900 0.592930 0.511398 0.598761 0.578267
0 0.596574 0.373100 0.592930 0.500000 0.593294 0.584347 0.603863 0.591945 0.615160 0.575988 0.615160 0.363222
0 0.627915 0.363222 0.613338 0.515198 0.616983 0.578267 0.657070 0.578267 0.654155 0.512158 0.660714 0.360182
0 0.662536 0.583587 0.698980 0.561550 0.700802 0.531155 0.692420 0.481003 0.692420 0.375380 0.668003 0.367021 0.654155 0.502280
0 0.702259 0.542553 0.685131 0.532675 0.686224 0.487082 0.691691 0.367781 0.712464 0.367021 0.730685 0.517477
0 0.507289 0.610942 0.508382 0.802432 0.524052 0.797112 0.523688 0.608663
0 0.524052 0.608663 0.524052 0.804711 0.547376 0.810030 0.545554 0.607143
0 0.544096 0.608663 0.549198 0.813830 0.573251 0.816109 0.567420 0.660334 0.564869 0.599544
0 0.566691 0.598784 0.563047 0.633739 0.576531 0.838146 0.600219 0.821429 0.591472 0.663374 0.591108 0.595745
0 0.594752 0.604863 0.586006 0.626140 0.595117 0.682371 0.612245 0.842705 0.633382 0.834347 0.619534 0.646657 0.614067 0.602584
0 0.613338 0.591945 0.615160 0.629939 0.646866 0.835106 0.686953 0.797112 0.664359 0.637538 0.665087 0.578267
0 0.669461 0.578267 0.662172 0.621581 0.683309 0.689970 0.716108 0.745441 0.745991 0.711246 0.704446 0.560790
0 0.507289 0.608663 0.509111 0.807751 0.497449 0.808511 0.489431 0.610182
0 0.489431 0.608663 0.498542 0.810030 0.479227 0.812310 0.469388 0.606383
0 0.455539 0.616261 0.469388 0.618541 0.476312 0.674772 0.478499 0.806231 0.462828 0.813830 0.451166 0.646657
0 0.442784 0.591945 0.462099 0.613982 0.460277 0.663374 0.455539 0.823708 0.438047 0.823708 0.439140 0.677052 0.434402 0.641337
0 0.418003 0.813830 0.450802 0.604863 0.439140 0.591945 0.419825 0.591945 0.412901 0.635258 0.411079 0.694529 0.396137 0.817629 0.416545 0.830547
0 0.368076 0.803951 0.410714 0.699848 0.417274 0.591185 0.373542 0.580547 0.342566 0.765957
0 0.359694 0.585866 0.290452 0.690729 0.253280 0.617781 0.321429 0.512158 0.358965 0.553951
