0 0.511917 0.287234 0.526425 0.284954 0.528152 0.392857 0.530915 0.483283 0.507427 0.487082 0.502936 0.471125
0 0.530225 0.281155 0.543696 0.281155 0.553713 0.407295 0.553713 0.473404 0.533679 0.473404 0.528152 0.413374
0 0.556477 0.261398 0.577202 0.259119 0.578238 0.408815 0.578238 0.474924 0.560967 0.477204 0.551986 0.439210
0 0.578238 0.265198 0.592746 0.262918 0.600000 0.443009 0.597237 0.471125 0.579965 0.463526 0.577202 0.405015
0 0.601036 0.261398 0.613817 0.261398 0.625561 0.407295 0.623834 0.468845 0.602763 0.473404 0.602763 0.423252
0 0.622798 0.267477 0.645596 0.275076 0.652850 0.435410 0.651813 0.474924 0.624525 0.473404 0.621762 0.413374
0 0.657340 0.273556 0.677375 0.275076 0.691883 0.451368 0.687392 0.461246 0.680138 0.461246 0.661140 0.479483 0.650086 0.441489
0 0.482902 0.284954 0.502936 0.284954 0.505699 0.481003 0.483592 0.487082 0.481174 0.463526
0 0.462867 0.284954 0.482902 0.287234 0.481174 0.473404 0.468394 0.493161 0.457340 0.481003 0.458377 0.405015
0 0.432815 0.284954 0.459067 0.284954 0.462867 0.445289 0.451123 0.499240 0.435579 0.493161 0.431088 0.471125
0 0.412090 0.291033 0.434542 0.293313 0.442832 0.463526 0.419344 0.490881 0.409326 0.467325
0 0.388256 0.291033 0.403800 0.291033 0.421071 0.461246 0.413817 0.489362 0.392055 0.489362 0.387219 0.427052
0 0.362694 0.284954 0.387219 0.284954 0.400000 0.467325 0.387219 0.490881 0.360276 0.489362 0.353713 0.452888
0 0.320898 0.277356 0.350259 0.278875 0.360967 0.471125 0.349223 0.489362 0.310190 0.473404 0.310881 0.446809
0 0.296373 0.256839 0.320898 0.271277 0.325734 0.441489 0.310881 0.473404 0.272884 0.435410 0.272884 0.405015
0 0.506390 0.518997 0.519171 0.511398 0.524698 0.569149 0.541969 0.749240 0.522971 0.743161 0.509154 0.593465
0 0.520207 0.509119 0.543696 0.496960 0.554750 0.761398 0.540933 0.750760
0 0.543696 0.496960 0.568221 0.506839 0.572712 0.572948 0.581002 0.778875 0.560967 0.777356 0.545423 0.615502
0 0.569948 0.509119 0.591019 0.509119 0.604491 0.781155 0.587219 0.783435 0.567530 0.539514
0 0.589983 0.517477 0.604491 0.506839 0.617271 0.525076 0.621762 0.753040 0.608290 0.768997 0.601036 0.729483
0 0.611744 0.512918 0.646287 0.512918 0.652850 0.543313 0.669085 0.762918 0.626598 0.762918 0.616580 0.617021
0 0.644560 0.517477 0.680829 0.490881 0.690155 0.531155 0.715371 0.695289 0.706390 0.729483 0.681865 0.739362 0.663558 0.705167 0.665630 0.674772
0 0.686356 0.477204 0.721934 0.465046 0.730225 0.521277 0.743696 0.661094 0.719171 0.669453 0.696373 0.591185 0.681865 0.499240
0 0.490155 0.517477 0.507427 0.517477 0.525389 0.749240 0.511917 0.749240 0.500173 0.653495
0 0.468394 0.518997 0.489119 0.511398 0.510190 0.765198 0.493610 0.723404 0.481174 0.629179
0 0.442832 0.518997 0.458377 0.505319 0.470121 0.522796 0.491883 0.749240 0.470121 0.753040 0.456304 0.661094 0.447323 0.585106
0 0.393782 0.527356 0.437306 0.533435 0.438342 0.607143 0.408290 0.761398 0.367530 0.729483 0.367530 0.663374 0.385492 0.543313
0 0.336442 0.527356 0.352677 0.517477 0.392055 0.533435 0.394819 0.560790 0.358204 0.731003 0.327461 0.731003 0.312953 0.696809 0.320207 0.619301
0 0.289119 0.487082 0.317444 0.490881 0.340933 0.521277 0.306390 0.715046 0.261140 0.670973
