0 0.493640 0.315350 0.491519 0.534954 0.468198 0.541033 0.459717 0.525076 0.457951 0.488602 0.460424 0.465046 0.466431 0.319909 0.483392 0.313830
0 0.467138 0.300912 0.460071 0.468845 0.458657 0.490881 0.461131 0.537234 0.437102 0.526596 0.434276 0.509878 0.439223 0.427812 0.453004 0.306991
0 0.425442 0.298632 0.438869 0.455927 0.443816 0.477204 0.443110 0.494681 0.441696 0.506839 0.437102 0.518237 0.428269 0.529635 0.422968 0.533435 0.419435 0.525836 0.415548 0.512158 0.410247 0.496960 0.413074 0.465046 0.408834 0.376140 0.407420 0.308511
0 0.393286 0.310030 0.417314 0.455927 0.423322 0.470365 0.425442 0.487842 0.424028 0.502280 0.419081 0.516717 0.413428 0.525076 0.404947 0.533435 0.399293 0.534954 0.393286 0.535714 0.389046 0.527356 0.389046 0.504559 0.381272 0.344225 0.380212 0.309271
0 0.358304 0.306991 0.362191 0.487082 0.368198 0.520517 0.383039 0.521277 0.392226 0.512158 0.398233 0.500760 0.396466 0.469605 0.384806 0.318389
0 0.328269 0.303951 0.326855 0.440729 0.320495 0.490881 0.328622 0.513678 0.334629 0.514438 0.341343 0.515957 0.348763 0.522036 0.356890 0.517477 0.361484 0.508359 0.363251 0.498480 0.362544 0.458207 0.366078 0.385258 0.361131 0.306991
0 0.280212 0.299392 0.285159 0.401216 0.271731 0.465046 0.288693 0.485562 0.304947 0.494681 0.320141 0.491641 0.324028 0.487842 0.325088 0.458967 0.327208 0.408815 0.330389 0.294833 0.316254 0.278116 0.296820 0.284195
0 0.493993 0.296353 0.491166 0.534954 0.502473 0.537234 0.523322 0.534954 0.527562 0.524316 0.528269 0.477964 0.525088 0.284195 0.492580 0.283435
0 0.525088 0.279635 0.527562 0.531915 0.546290 0.530395 0.555124 0.524316 0.556890 0.501520 0.553357 0.454407 0.550177 0.284954
0 0.567138 0.268997 0.553004 0.470365 0.556890 0.500000 0.566784 0.535714 0.577385 0.530395 0.583392 0.515957 0.586572 0.503040 0.585866 0.465805 0.586926 0.372340 0.591519 0.277356
0 0.591166 0.274316 0.579505 0.480243 0.580212 0.512918 0.591166 0.525076 0.604594 0.531915 0.613428 0.531915 0.621908 0.511398 0.619435 0.487082 0.613428 0.424772 0.618375 0.287234
0 0.652297 0.287234 0.633216 0.420213 0.628622 0.506079 0.653357 0.513678 0.675618 0.508359 0.683392 0.488602 0.681979 0.450608 0.679152 0.375380 0.684099 0.272036 0.662191 0.274316
0 0.685159 0.287234 0.680565 0.444529 0.684452 0.487082 0.697527 0.487082 0.710954 0.483283 0.719435 0.471125 0.724028 0.455927 0.716961 0.404255 0.720495 0.267477 0.709541 0.259878 0.696466 0.268237
0 0.715194 0.264438 0.719435 0.424772 0.725088 0.456687 0.732509 0.470365 0.743110 0.473404 0.752297 0.460486 0.758657 0.438450 0.760777 0.405015 0.756890 0.380699 0.757244 0.264438 0.752297 0.240122 0.739223 0.236322 0.728975 0.235562 0.724735 0.239362
0 0.724382 0.491641 0.710601 0.484043 0.690813 0.497720 0.682686 0.500000 0.675972 0.505319 0.675265 0.515957 0.675972 0.527356 0.675972 0.541033 0.680565 0.557751 0.685512 0.598784 0.697880 0.645897 0.716961 0.717325 0.738516 0.743921 0.782686 0.701368 0.778092 0.648176 0.759717 0.614742 0.744876 0.570669 0.736042 0.531915 0.729682 0.511398 0.726148 0.502280
0 0.674205 0.515198 0.680212 0.531915 0.680565 0.541793 0.680212 0.557751 0.681272 0.579027 0.687633 0.608663 0.696466 0.648176 0.703887 0.681611 0.710954 0.705927 0.706714 0.725684 0.691519 0.733283 0.678092 0.743921 0.664311 0.746201 0.656537 0.715805 0.646290 0.676292 0.641343 0.644377 0.636042 0.613222 0.631095 0.584347 0.628622 0.568389 0.627208 0.550152 0.624382 0.536474 0.625442 0.527356 0.633216 0.522796 0.643816 0.519757 0.654417 0.517477 0.665018 0.513678 0.671378 0.512918
0 0.618021 0.532675 0.627915 0.553951 0.629682 0.587386 0.650530 0.741641 0.634629 0.765957 0.607420 0.635258 0.597880 0.584347 0.593993 0.573708 0.592933 0.559271 0.597880 0.541793 0.605300 0.532675 0.613074 0.530395
0 0.589399 0.539514 0.597173 0.557751 0.598587 0.574468 0.597880 0.588906 0.623322 0.766717 0.602473 0.779635 0.576678 0.674012 0.572792 0.608663 0.567845 0.591185 0.565371 0.579787 0.565371 0.571429 0.567138 0.564590 0.570671 0.553191 0.575972 0.544833 0.581625 0.537994
0 0.550530 0.541033 0.541696 0.564590 0.543110 0.611702 0.563958 0.822948 0.585159 0.815350 0.569965 0.605623 0.568905 0.572188 0.567138 0.550152 0.557951 0.540274
0 0.533922 0.550912 0.516961 0.552432 0.516961 0.581307 0.520495 0.615502 0.542756 0.781155 0.549117 0.814590 0.563251 0.809271 0.543110 0.610182 0.542756 0.560790 0.540636 0.550152
0 0.515548 0.553191 0.517314 0.588906 0.539929 0.777356 0.519081 0.794073 0.500000 0.623100 0.497880 0.582827 0.496466 0.553951
0 0.496466 0.551672 0.497880 0.582827 0.500000 0.622340 0.516254 0.776596 0.501767 0.779635 0.489046 0.669453 0.479859 0.603343 0.477032 0.578267 0.481272 0.568389 0.490459 0.559271
0 0.472792 0.553191 0.457244 0.554711 0.459717 0.583587 0.462191 0.595745 0.462544 0.614742 0.483746 0.783435 0.502120 0.774316 0.480212 0.610182 0.480212 0.591185 0.478799 0.562310 0.477385 0.554711
0 0.450530 0.547872 0.457951 0.577508 0.463604 0.594225 0.462544 0.612462 0.485866 0.797112 0.461131 0.810790 0.442049 0.676292 0.436042 0.609422 0.436749 0.566109 0.445583 0.546353
0 0.438869 0.550912 0.427915 0.537234 0.421555 0.543313 0.416961 0.556991 0.413428 0.573708 0.413074 0.594225 0.407774 0.838146 0.433569 0.841945 0.441343 0.619301 0.446996 0.590426 0.447350 0.566869 0.445230 0.556991
0 0.404947 0.540274 0.399293 0.543313 0.394346 0.548632 0.388339 0.562310 0.385512 0.579027 0.383746 0.634498 0.370318 0.806991 0.392580 0.819149 0.413781 0.641337 0.419081 0.608663 0.426502 0.588906 0.426502 0.576748 0.426502 0.565350 0.422261 0.556231 0.415548 0.547872 0.408834 0.538754
0 0.355124 0.529635 0.349823 0.528875 0.343463 0.531915 0.341343 0.538754 0.339929 0.553191 0.338163 0.569149 0.324735 0.652736 0.292933 0.735562 0.343816 0.782675 0.379859 0.639818 0.381979 0.606383 0.392580 0.580547 0.397527 0.547872 0.397527 0.536474 0.391166 0.530395 0.386572 0.528875 0.380212 0.529635 0.376678 0.529635 0.372792 0.528875 0.367845 0.527356 0.363604 0.526596 0.361131 0.526596
0 0.291166 0.495441 0.284806 0.520517 0.283392 0.556231 0.259011 0.620061 0.227562 0.694529 0.278092 0.759878 0.316254 0.670213 0.328269 0.637538 0.338163 0.568389 0.345583 0.528116 0.340283 0.520517 0.330035 0.512918 0.321555 0.500760 0.315194 0.496201 0.311307 0.495441 0.308127 0.495441 0.303180 0.495441 0.298940 0.495441
