0 0.499645 0.442249 0.500355 0.481003 0.495380 0.508359 0.471215 0.506079 0.466596 0.488602 0.467662 0.449848 0.470149 0.382979 0.469794 0.307751 0.469439 0.250000 0.489339 0.242401 0.495025 0.303951
0 0.443497 0.460486 0.446340 0.492401 0.453802 0.500000 0.466951 0.493921 0.469083 0.443009 0.470860 0.341945 0.470149 0.293313 0.469794 0.238602 0.464463 0.226444 0.454513 0.231003 0.452736 0.253040 0.449893 0.299392
0 0.411158 0.468845 0.414001 0.500000 0.427505 0.516717 0.440654 0.512918 0.450604 0.488602 0.445274 0.445289 0.441009 0.410334 0.435323 0.321429 0.425729 0.269757 0.415423 0.258359 0.407249 0.261398 0.405828 0.290274 0.411514 0.333587
0 0.381663 0.457447 0.381308 0.466565 0.384861 0.512158 0.405117 0.507599 0.414001 0.515198 0.421464 0.484043 0.421819 0.449848 0.415778 0.380699 0.414712 0.338906 0.410448 0.281915 0.401564 0.259878 0.389481 0.260638 0.385572 0.285714 0.383085 0.323708 0.385928 0.375380 0.386638 0.430091
0 0.344705 0.446809 0.341862 0.487082 0.349680 0.511398 0.369225 0.522796 0.388415 0.506079 0.392679 0.470365 0.383795 0.431611 0.380242 0.398176 0.375267 0.359422 0.366382 0.322948 0.347903 0.301672 0.332978 0.306991 0.329780 0.342705 0.339730 0.397416
0 0.305615 0.501520 0.325871 0.515957 0.337242 0.521277 0.347548 0.505319 0.350036 0.477204 0.345060 0.426292 0.337953 0.373860 0.336176 0.345745 0.327647 0.313070 0.317342 0.309271 0.300995 0.323708 0.294954 0.351064 0.293532 0.382219 0.300995 0.417173 0.301706 0.440729
0 0.503554 0.437690 0.500355 0.472644 0.497868 0.495441 0.515281 0.508359 0.528074 0.506839 0.534826 0.485562 0.532338 0.431611 0.531983 0.359422 0.531983 0.302432 0.530917 0.275076 0.528429 0.240122 0.519190 0.236322 0.512793 0.259119 0.508884 0.323708
0 0.531983 0.474164 0.534115 0.499240 0.546553 0.505319 0.558280 0.500000 0.561123 0.451368 0.556859 0.384498 0.557214 0.340426 0.557569 0.303951 0.558991 0.260638 0.553660 0.240122 0.546908 0.237082 0.537313 0.253040 0.535537 0.312310
0 0.551883 0.462006 0.554371 0.487082 0.573916 0.525836 0.583866 0.509119 0.589197 0.485562 0.590263 0.426292 0.596660 0.345745 0.605188 0.256839 0.596304 0.242401 0.588486 0.256839 0.579247 0.303951
0 0.577114 0.460486 0.574627 0.486322 0.576404 0.520517 0.584932 0.528875 0.592395 0.525076 0.597726 0.533435 0.609808 0.522796 0.614428 0.506079 0.614072 0.421733 0.615494 0.382219 0.617271 0.342705 0.619403 0.299392 0.619403 0.278116 0.619048 0.264438 0.604833 0.256079 0.591329 0.321429
0 0.661336 0.459726 0.660625 0.474924 0.656006 0.513678 0.666311 0.525076 0.684080 0.527356 0.704335 0.507599 0.700426 0.458207 0.706112 0.395897 0.708955 0.343465 0.707534 0.280395 0.693674 0.270517 0.685856 0.279635 0.673419 0.320669 0.672353 0.384498
0 0.693319 0.490881 0.698650 0.509119 0.707889 0.516717 0.729211 0.501520 0.735608 0.504559 0.742360 0.471884 0.735963 0.433131 0.731699 0.370061 0.731699 0.301672 0.730633 0.265957 0.720682 0.259878 0.709666 0.288754 0.697228 0.409574
0 0.507818 0.522796 0.507463 0.582827 0.509950 0.641337 0.512793 0.705927 0.522388 0.723404 0.527008 0.709726 0.525942 0.594985 0.527008 0.526596 0.522743 0.515957
0 0.526652 0.528875 0.526652 0.561550 0.526652 0.616261 0.524876 0.680851 0.527363 0.726444 0.532338 0.737082 0.543355 0.715046 0.543710 0.594985 0.549751 0.525076 0.539801 0.515957
0 0.553305 0.527356 0.545487 0.556991 0.544065 0.604863 0.544421 0.693009 0.547974 0.751520 0.558280 0.756839 0.566453 0.712006 0.570718 0.589666 0.569296 0.547112
0 0.570007 0.556991 0.563255 0.566869 0.565387 0.606383 0.568941 0.708967 0.570718 0.744681 0.575693 0.761398 0.583866 0.765198 0.591684 0.727964 0.590618 0.597264 0.592751 0.558511 0.585999 0.543313 0.581023 0.536474 0.575693 0.541793
0 0.589197 0.557751 0.583156 0.557751 0.579602 0.566869 0.584222 0.598024 0.591329 0.665653 0.590618 0.737082 0.595238 0.762918 0.602701 0.779635 0.613362 0.772796 0.614072 0.699848 0.611585 0.615502 0.614783 0.568389 0.604478 0.550912 0.593817 0.548632
0 0.622246 0.557751 0.617982 0.553951 0.609453 0.562310 0.605544 0.585106 0.609097 0.620061 0.617982 0.664134 0.620824 0.712006 0.625089 0.755319 0.633973 0.772036 0.645700 0.778875 0.664179 0.756839 0.661692 0.702128 0.652807 0.601064 0.652097 0.565350 0.631130 0.550912
0 0.650675 0.558511 0.646411 0.561550 0.640014 0.573708 0.647122 0.613982 0.671286 0.747720 0.690121 0.765957 0.713220 0.722644 0.699005 0.638298 0.688699 0.575988 0.677683 0.535714 0.666311 0.544073 0.653163 0.544073
0 0.687633 0.543313 0.682303 0.547872 0.677683 0.571429 0.688344 0.606383 0.702914 0.659574 0.718905 0.702888 0.734897 0.712766 0.750178 0.698328 0.750888 0.642857 0.736674 0.597264 0.728145 0.566869 0.723881 0.522796 0.710732 0.515198 0.696162 0.523556
0 0.507463 0.516717 0.508884 0.582067 0.514570 0.706687 0.512438 0.730243 0.506041 0.742401 0.493603 0.627660 0.487918 0.556231 0.483298 0.512918
0 0.468728 0.516717 0.465529 0.533435 0.475480 0.624620 0.481521 0.742401 0.493248 0.756079 0.502843 0.721125 0.488273 0.554711 0.487918 0.520517 0.475480 0.511398
0 0.453802 0.522036 0.448472 0.534954 0.444563 0.563830 0.450959 0.605623 0.458778 0.699848 0.461265 0.729483 0.469794 0.760638 0.477257 0.757599 0.480100 0.712766 0.473703 0.595745 0.469439 0.544833 0.460554 0.518237
0 0.439943 0.537234 0.432125 0.554711 0.433191 0.582067 0.432480 0.737842 0.447761 0.756839 0.450604 0.685410 0.462331 0.585106 0.462331 0.548632 0.456645 0.547872 0.451670 0.525836
0 0.412225 0.554711 0.406539 0.554711 0.402985 0.594225 0.405117 0.696049 0.411869 0.748480 0.418977 0.761398 0.429282 0.754559 0.431770 0.705927 0.432480 0.627660 0.438877 0.565350 0.437811 0.556231 0.430704 0.549392 0.418266 0.553191
0 0.377043 0.542553 0.372779 0.539514 0.367093 0.550152 0.366382 0.590426 0.362118 0.647416 0.352523 0.702128 0.350391 0.743161 0.361052 0.769757 0.385572 0.764438 0.398010 0.726444 0.409026 0.641337 0.422175 0.581307 0.423952 0.548632 0.413646 0.547112 0.404407 0.550152 0.395878 0.534954 0.388770 0.539514 0.382729 0.534954
0 0.324449 0.563830 0.323738 0.594985 0.315565 0.632219 0.304193 0.678571 0.301350 0.734043 0.304904 0.743921 0.321251 0.762158 0.339375 0.736322 0.369581 0.617781 0.381308 0.579027 0.383440 0.557751 0.375622 0.541793 0.367804 0.544073 0.362118 0.533435 0.348259 0.534195 0.341862 0.528875 0.336176 0.534195 0.332267 0.534954
0 0.294598 0.506839 0.286780 0.506839 0.281095 0.567629 0.267591 0.602584 0.257285 0.639058 0.262615 0.686930 0.281805 0.700608 0.307747 0.645137 0.325871 0.592705 0.340441 0.547112 0.337953 0.522036 0.324805 0.519757 0.307747 0.506079 0.299218 0.494681
