0 0.476386 0.474924 0.472621 0.540274 0.470568 0.568389 0.464750 0.623100 0.464750 0.655015 0.476386 0.664134 0.492129 0.659574 0.490075 0.609422 0.493155 0.548632 0.493840 0.499240 0.495893 0.470365 0.492129 0.449088 0.471595 0.451368
0 0.458932 0.466565 0.452772 0.514438 0.452772 0.540274 0.451061 0.579027 0.447981 0.613982 0.450034 0.644377 0.469541 0.648936 0.475359 0.581307 0.470568 0.533435 0.475359 0.474924 0.475359 0.444529
0 0.431554 0.474924 0.431554 0.490122 0.430527 0.531155 0.429500 0.572948 0.422656 0.609422 0.426420 0.642097 0.439083 0.633739 0.445243 0.561550 0.445927 0.512158 0.452088 0.470365 0.449008 0.431611 0.432238 0.442249
0 0.412731 0.490122 0.412731 0.531155 0.408966 0.588146 0.407940 0.605623 0.412731 0.631459 0.423682 0.631459 0.427447 0.596505 0.427447 0.544833 0.431554 0.466565 0.432238 0.438450 0.414784 0.416413 0.413758 0.455167
0 0.391513 0.429331 0.394251 0.466565 0.393224 0.525076 0.391513 0.560030 0.385352 0.605623 0.394251 0.624620 0.404860 0.620821 0.405886 0.561550 0.404175 0.512158 0.409993 0.464286 0.412731 0.438450 0.407940 0.418693
0 0.379535 0.446809 0.374743 0.481763 0.369952 0.515957 0.362081 0.553191 0.360027 0.594225 0.361054 0.618541 0.369952 0.636018 0.381588 0.642097 0.389459 0.639818 0.389459 0.613982 0.393224 0.590426 0.395277 0.560030 0.393224 0.515957 0.393224 0.474924 0.396304 0.439970
0 0.361054 0.449088 0.355236 0.462006 0.350445 0.479483 0.343258 0.500760 0.332649 0.533435 0.329569 0.550912 0.330595 0.579027 0.340520 0.601064 0.348392 0.605623 0.357290 0.605623 0.359001 0.575228 0.359001 0.531155 0.368925 0.494681 0.381588 0.453647 0.379535 0.433891
0 0.339493 0.427052 0.331622 0.453647 0.312115 0.479483 0.297399 0.507599 0.293634 0.529635 0.297399 0.550912 0.315195 0.566109 0.324778 0.568389 0.332649 0.566109 0.338467 0.525076 0.363107 0.446809 0.369952 0.418693 0.353183 0.408055 0.346338 0.408055
0 0.493840 0.444529 0.493840 0.484043 0.495893 0.561550 0.495893 0.607903 0.495893 0.646657 0.498973 0.664134 0.511636 0.668693 0.516427 0.648936 0.522245 0.629179 0.521218 0.588146 0.519507 0.544833 0.521218 0.492401 0.516427 0.455167 0.503765 0.453647 0.498973 0.468845
0 0.510609 0.462006 0.515400 0.533435 0.517454 0.588146 0.517454 0.631459 0.522245 0.666413 0.530116 0.666413 0.534223 0.638298 0.533196 0.572948 0.533196 0.522796 0.534908 0.470365 0.535934 0.446809 0.515400 0.427052
0 0.539014 0.451368 0.534908 0.496960 0.534908 0.533435 0.532170 0.579027 0.532170 0.611702 0.541752 0.653495 0.552704 0.664134 0.560575 0.655015 0.560575 0.626900 0.561602 0.566109 0.561602 0.531155 0.557495 0.453647 0.557495 0.427052
0 0.563313 0.457447 0.556468 0.496960 0.554757 0.579027 0.555441 0.618541 0.558522 0.651216 0.569131 0.653495 0.582820 0.653495 0.582820 0.607903 0.581109 0.572948 0.580082 0.503040 0.582136 0.446809 0.572211 0.433891
0 0.579055 0.453647 0.577002 0.514438 0.577002 0.577508 0.578029 0.613982 0.582820 0.651216 0.590691 0.657295 0.601643 0.657295 0.603354 0.631459 0.603354 0.613982 0.598563 0.572948 0.598563 0.533435 0.598563 0.492401 0.596509 0.464286 0.594798 0.446809 0.592745 0.431611
0 0.606434 0.462006 0.602669 0.503040 0.600616 0.548632 0.598563 0.577508 0.601643 0.603343 0.605407 0.636018 0.613279 0.638298 0.623203 0.638298 0.632786 0.623100 0.634839 0.607903 0.633812 0.577508 0.629021 0.537994 0.627995 0.503040 0.629021 0.464286 0.629021 0.442249 0.620123 0.436170 0.614305 0.433891
0 0.632786 0.444529 0.631759 0.494681 0.631759 0.525076 0.631759 0.561550 0.633812 0.590426 0.638604 0.618541 0.655373 0.609422 0.661191 0.601064 0.671800 0.592705 0.673854 0.572948 0.667009 0.548632 0.661191 0.490122 0.658111 0.451368 0.656400 0.423252 0.644422 0.411854 0.636893 0.416413
0 0.668036 0.442249 0.664956 0.464286 0.663244 0.507599 0.664271 0.550912 0.669062 0.585866 0.687543 0.592705 0.697467 0.590426 0.708077 0.570669 0.702259 0.550912 0.694387 0.509878 0.687543 0.466565 0.685489 0.431611 0.682752 0.409574 0.673854 0.409574
0 0.500684 0.833587 0.500000 0.798632 0.497947 0.776596 0.496920 0.750760 0.495893 0.712006 0.493840 0.672492 0.496920 0.651216 0.505818 0.651216 0.507529 0.670213 0.507529 0.707447 0.507529 0.740122 0.507529 0.774316 0.507529 0.809271
0 0.510609 0.664134 0.510609 0.698328 0.506845 0.761398 0.506845 0.794073 0.509582 0.837386 0.522245 0.846505 0.523272 0.803191 0.523272 0.774316 0.528063 0.718085 0.534223 0.668693
0 0.535934 0.666413 0.530116 0.735562 0.529090 0.794073 0.531143 0.833587 0.535934 0.870061 0.544832 0.879179 0.551677 0.819909 0.554757 0.772796 0.558522 0.720365 0.556468 0.683891 0.545859 0.666413
0 0.559548 0.657295 0.553730 0.679331 0.550650 0.724924 0.556468 0.789514 0.561602 0.813830 0.567420 0.854863 0.574264 0.852584 0.575975 0.776596 0.578029 0.728723 0.580082 0.689970
0 0.573238 0.679331 0.569131 0.692249 0.581109 0.748480 0.598563 0.826748 0.605407 0.859422 0.610198 0.841945 0.604381 0.763678 0.599589 0.705167 0.600616 0.668693
0 0.612252 0.655015 0.595825 0.664134 0.602669 0.692249 0.612252 0.735562 0.624914 0.785714 0.632786 0.811550 0.642710 0.811550 0.654346 0.794073 0.662218 0.763678 0.650582 0.720365 0.637577 0.674772 0.630732 0.642097 0.620123 0.639818
0 0.653320 0.620821 0.647502 0.623100 0.643737 0.644377 0.645448 0.672492 0.652293 0.705167 0.663244 0.737842 0.675907 0.783435 0.691650 0.791793 0.697467 0.768237 0.708077 0.733283 0.709103 0.709726 0.697467 0.670213 0.685489 0.644377 0.675907 0.611702
0 0.693361 0.583587 0.682752 0.601064 0.683778 0.623100 0.686516 0.644377 0.694387 0.668693 0.700205 0.692249 0.706366 0.720365 0.725873 0.718085 0.727584 0.689970 0.721766 0.626900 0.720055 0.590426 0.711157 0.572948
0 0.484257 0.829027 0.481177 0.781155 0.477413 0.753040 0.474333 0.718085 0.471595 0.692249 0.468515 0.661854 0.476386 0.648936 0.489049 0.670213 0.489049 0.700608 0.489049 0.724924 0.488022 0.759119 0.490075 0.800912
0 0.449008 0.666413 0.451061 0.698328 0.454825 0.737842 0.456879 0.770517 0.459617 0.829027 0.461670 0.850304 0.471595 0.833587 0.473306 0.800912 0.473306 0.753040 0.473306 0.718085 0.472621 0.679331 0.466461 0.670213 0.467488 0.653495
0 0.433265 0.651216 0.422656 0.707447 0.424709 0.740122 0.429500 0.778875 0.438398 0.829027 0.441136 0.859422 0.451061 0.835106 0.452772 0.776596 0.454825 0.733283 0.455852 0.674772
0 0.413758 0.648936 0.406913 0.679331 0.405886 0.692249 0.404860 0.724924 0.404175 0.772796 0.404860 0.806991 0.412731 0.850304 0.421629 0.787994 0.419576 0.743921 0.428474 0.666413
0 0.388433 0.651216 0.384668 0.674772 0.378508 0.720365 0.372690 0.781155 0.372690 0.826748 0.378508 0.848784 0.391513 0.757599 0.400068 0.722644 0.406913 0.683891 0.401095 0.657295
0 0.347365 0.629179 0.329569 0.659574 0.300479 0.724924 0.300479 0.748480 0.305270 0.781155 0.323751 0.794073 0.335729 0.781155 0.350445 0.750760 0.361054 0.722644 0.370979 0.692249 0.375770 0.670213 0.366872 0.646657
0 0.300479 0.570669 0.290554 0.605623 0.286790 0.623100 0.274812 0.636018 0.267967 0.648936 0.258385 0.670213 0.262149 0.705167 0.281656 0.724924 0.300479 0.727204 0.315880 0.700608 0.328884 0.674772 0.336413 0.651216 0.339493 0.633739 0.342574 0.609422 0.327858 0.592705 0.315880 0.577508
