0 0.484248 0.431611 0.482478 0.475684 0.474690 0.532675 0.472566 0.568389 0.479292 0.579027 0.499115 0.583587 0.505133 0.560030 0.503009 0.524316 0.498053 0.473404 0.506903 0.414894 0.507965 0.382979 0.484248 0.378419 0.482478 0.408055
0 0.461593 0.408055 0.456991 0.469605 0.452743 0.509878 0.449912 0.539514 0.452743 0.568389 0.462655 0.583587 0.472566 0.547872 0.472566 0.528875 0.472566 0.499240 0.472566 0.465046 0.474690 0.433891 0.478584 0.416413
0 0.430442 0.399696 0.428319 0.446049 0.424425 0.488602 0.419469 0.547872 0.420531 0.566869 0.430442 0.577508 0.441062 0.575228 0.454867 0.545593 0.454867 0.496960 0.454867 0.454407 0.454867 0.425532 0.452743 0.395897
0 0.413451 0.412614 0.405664 0.442249 0.404602 0.484043 0.402832 0.511398 0.399646 0.524316 0.396814 0.547872 0.399646 0.579027 0.411681 0.570669 0.419469 0.558511 0.427257 0.549392 0.434336 0.537234 0.434336 0.507599 0.434336 0.461246 0.434336 0.431611 0.426195 0.399696
0 0.389027 0.410334 0.386903 0.452888 0.377345 0.507599 0.371327 0.530395 0.378053 0.560030 0.381947 0.589666 0.398938 0.587386 0.405664 0.547872 0.408496 0.518237 0.404602 0.482523 0.403894 0.450608 0.407788 0.429331 0.407788 0.395897
0 0.348673 0.404255 0.343717 0.461246 0.345841 0.511398 0.344779 0.549392 0.349735 0.585866 0.367434 0.577508 0.377345 0.570669 0.385133 0.556231 0.387965 0.501520 0.378053 0.458967 0.373097 0.431611 0.367434 0.408055 0.356460 0.389058
0 0.319292 0.420973 0.314336 0.433891 0.309381 0.454407 0.307257 0.490881 0.308319 0.526596 0.307257 0.556231 0.308319 0.572948 0.317168 0.579027 0.328142 0.579027 0.343717 0.591945 0.345841 0.570669 0.346549 0.545593 0.345841 0.520517 0.340885 0.494681 0.336991 0.454407 0.336991 0.429331 0.336991 0.414894
0 0.305487 0.416413 0.293451 0.442249 0.281770 0.475684 0.272920 0.511398 0.275044 0.539514 0.282832 0.560030 0.291681 0.564590 0.299469 0.562310 0.306549 0.549392 0.311150 0.528875 0.312212 0.486322 0.313274 0.444529 0.317168 0.425532 0.316106 0.406535
0 0.518938 0.416413 0.512920 0.437690 0.510088 0.477964 0.510088 0.511398 0.507965 0.534954 0.506903 0.564590 0.513982 0.575228 0.523540 0.579027 0.529558 0.579027 0.535575 0.568389 0.536637 0.541033 0.533451 0.505319 0.533451 0.473404 0.533451 0.446049 0.537345 0.418693
0 0.542301 0.416413 0.540531 0.465046 0.538407 0.503040 0.538407 0.528875 0.537345 0.562310 0.546195 0.575228 0.556106 0.566869 0.558938 0.532675 0.556106 0.496960 0.556106 0.471884 0.556106 0.454407 0.553274 0.412614
0 0.567788 0.431611 0.558938 0.492401 0.563894 0.513678 0.563894 0.543313 0.563186 0.570669 0.573805 0.585866 0.593628 0.562310 0.586549 0.526596 0.582655 0.492401 0.582655 0.437690 0.582655 0.423252 0.573805 0.393617 0.563894 0.408055
0 0.587611 0.401976 0.585487 0.439970 0.582655 0.475684 0.579823 0.499240 0.577699 0.520517 0.575929 0.553951 0.587611 0.579027 0.604248 0.581307 0.608142 0.549392 0.606372 0.509878 0.605310 0.477964 0.605310 0.420973 0.605310 0.406535
0 0.616283 0.418693 0.603186 0.488602 0.600354 0.537234 0.600354 0.564590 0.613097 0.583587 0.620885 0.583587 0.630796 0.524316 0.629735 0.473404 0.634690 0.416413
0 0.638584 0.431611 0.632920 0.461246 0.625841 0.499240 0.624071 0.532675 0.620885 0.556231 0.620885 0.598024 0.630796 0.606383 0.643540 0.606383 0.654513 0.621581 0.660531 0.581307 0.660531 0.547872 0.654513 0.494681 0.656283 0.454407 0.657345 0.418693
0 0.676106 0.418693 0.670088 0.463526 0.663363 0.518237 0.659469 0.549392 0.661239 0.587386 0.673982 0.598024 0.689912 0.587386 0.690973 0.562310 0.690973 0.515957 0.692743 0.463526 0.702655 0.423252
0 0.704779 0.425532 0.704779 0.444529 0.698761 0.482523 0.693805 0.511398 0.693805 0.558511 0.704779 0.566869 0.715398 0.568389 0.724248 0.524316 0.727080 0.494681 0.722478 0.444529 0.723186 0.408055
0 0.491327 0.604863 0.491327 0.627660 0.489204 0.674012 0.488142 0.714286 0.501239 0.720365 0.505133 0.686930 0.505841 0.640578 0.511858 0.610942
0 0.519646 0.625380 0.512920 0.644377 0.506903 0.710486 0.510796 0.771277 0.518938 0.784195 0.524602 0.701368 0.527788 0.674012 0.534513 0.591945 0.521770 0.600304
0 0.530619 0.589666 0.530619 0.621581 0.530619 0.701368 0.529558 0.737842 0.531681 0.762918 0.537345 0.768997 0.544425 0.768997 0.548319 0.727204 0.550088 0.689210 0.554336 0.644377 0.558938 0.617021 0.541239 0.598024
0 0.562124 0.617021 0.551150 0.695289 0.549381 0.733283 0.553274 0.765198 0.560000 0.781915 0.567080 0.758359 0.569912 0.695289 0.573805 0.674012 0.579823 0.648936 0.579823 0.627660 0.577699 0.610942 0.554336 0.604863
0 0.591504 0.621581 0.582655 0.648936 0.581593 0.682371 0.586549 0.762918 0.591504 0.790274 0.598584 0.806991 0.605310 0.790274 0.610265 0.756839 0.602478 0.714286 0.605310 0.682371 0.610265 0.636018
0 0.642832 0.646657 0.630796 0.661854 0.629735 0.684650 0.640708 0.701368 0.658407 0.737842 0.673274 0.758359 0.692743 0.792553 0.701593 0.794833 0.704779 0.758359 0.692743 0.703647 0.673982 0.667933 0.668319 0.651216 0.664425 0.625380 0.648496 0.629939
0 0.670088 0.621581 0.678938 0.610942 0.688850 0.604863 0.696637 0.602584 0.710442 0.615502 0.730265 0.657295 0.735929 0.676292 0.731327 0.697568 0.714336 0.724924 0.687080 0.678571 0.673982 0.657295
0 0.475398 0.606383 0.470442 0.642857 0.471504 0.661854 0.467611 0.686930 0.469735 0.729483 0.474690 0.750000 0.479292 0.735562 0.483540 0.699848 0.487434 0.667933 0.493097 0.608663
0 0.452035 0.615502 0.452035 0.629939 0.449912 0.691489 0.448850 0.733283 0.453805 0.786474 0.460885 0.790274 0.462655 0.746201 0.466549 0.703647 0.472566 0.667933 0.475398 0.638298 0.475398 0.617021 0.463717 0.608663
0 0.442124 0.604863 0.430442 0.615502 0.428319 0.638298 0.423363 0.659574 0.422301 0.686930 0.422301 0.708207 0.422301 0.735562 0.427257 0.768997 0.433274 0.775836 0.439292 0.735562 0.442124 0.684650
0 0.416637 0.615502 0.406726 0.634498 0.404602 0.663374 0.399646 0.718845 0.398938 0.765198 0.399646 0.792553 0.419469 0.792553 0.421593 0.739362 0.425487 0.682371 0.431150 0.640578 0.429381 0.619301
0 0.379115 0.621581 0.377345 0.665653 0.383009 0.716565 0.383009 0.754559 0.384071 0.787994 0.392920 0.787994 0.395044 0.758359 0.402832 0.661854 0.408496 0.621581 0.406726 0.600304
0 0.354690 0.613222 0.345841 0.651216 0.345841 0.665653 0.344779 0.714286 0.335929 0.750000 0.336991 0.767477 0.359646 0.781915 0.371327 0.760638 0.375221 0.703647 0.389027 0.640578 0.393982 0.619301
0 0.323186 0.602584 0.307257 0.619301 0.307257 0.657295 0.307257 0.693009 0.296637 0.739362 0.305487 0.771277 0.322124 0.752280 0.335929 0.705927 0.343717 0.665653 0.352566 0.625380 0.339823 0.606383
0 0.287788 0.585866 0.270088 0.587386 0.263009 0.619301 0.254159 0.684650 0.264071 0.716565 0.287788 0.682371 0.301593 0.659574 0.313274 0.619301 0.306549 0.598024
