0 0.462551 0.551230 0.488360 0.553279 0.487348 0.484631 0.480769 0.299180 0.463057 0.302254 0.462045 0.479508
0 0.432186 0.530738 0.442308 0.548156 0.456478 0.546107 0.464069 0.532787 0.466599 0.502049 0.465081 0.422131 0.463057 0.304303 0.454453 0.310451 0.446862 0.348361 0.443826 0.429303 0.441296 0.455943 0.436235 0.493852
0 0.409919 0.526639 0.419028 0.550205 0.426619 0.558402 0.437753 0.512295 0.441296 0.500000 0.439271 0.443648 0.436741 0.296107 0.421053 0.304303 0.414980 0.435451 0.414980 0.461066 0.411943 0.494877
0 0.388158 0.519467 0.396255 0.534836 0.405870 0.535861 0.422571 0.525615 0.422065 0.500000 0.413968 0.397541 0.406377 0.281762 0.383603 0.295082 0.387146 0.417008 0.389676 0.447746 0.389676 0.490779
0 0.348684 0.519467 0.354251 0.545082 0.367915 0.542008 0.377024 0.537910 0.400810 0.529713 0.401822 0.501025 0.393219 0.449795 0.384615 0.402664 0.373482 0.264344 0.346660 0.270492 0.356781 0.397541 0.356781 0.422131 0.356275 0.461066 0.353745 0.485656 0.351215 0.505123
0 0.315283 0.526639 0.308198 0.505123 0.308198 0.494877 0.317814 0.449795 0.321356 0.427254 0.312753 0.315574 0.318826 0.301230 0.333502 0.322746 0.340587 0.377049 0.343623 0.407787 0.343623 0.427254 0.346660 0.449795 0.349190 0.478484 0.353239 0.514344 0.345142 0.526639 0.335020 0.539959 0.329960 0.530738
0 0.494939 0.553279 0.504555 0.558402 0.515688 0.537910 0.519737 0.524590 0.516194 0.471311 0.502024 0.309426 0.486842 0.319672 0.482794 0.399590 0.486842 0.459016 0.488360 0.486680 0.488360 0.526639
0 0.518725 0.531762 0.523785 0.539959 0.533907 0.545082 0.538968 0.532787 0.540486 0.517418 0.540486 0.485656 0.535931 0.444672 0.534919 0.365779 0.526316 0.306352 0.512146 0.319672 0.512146 0.409836 0.515182 0.480533 0.515688 0.501025
0 0.546559 0.535861 0.538968 0.505123 0.538462 0.475410 0.538462 0.425205 0.537449 0.363730 0.538462 0.314549 0.553644 0.341189 0.560729 0.435451 0.563259 0.480533 0.566802 0.510246 0.558198 0.546107
0 0.566802 0.512295 0.555668 0.517418 0.555162 0.489754 0.555668 0.460041 0.559211 0.430328 0.561741 0.368852 0.570850 0.304303 0.580972 0.301230 0.587045 0.324795 0.583502 0.356557 0.582996 0.389344 0.584514 0.437500 0.584514 0.468238 0.585526 0.500000 0.581984 0.520492 0.574393 0.521516
0 0.585526 0.511270 0.579453 0.498975 0.578947 0.461066 0.579453 0.434426 0.584008 0.413934 0.586032 0.341189 0.585526 0.300205 0.585526 0.270492 0.606781 0.281762 0.610830 0.336066 0.612348 0.371926 0.618927 0.432377 0.621457 0.460041 0.623988 0.489754 0.617409 0.516393 0.613866 0.520492 0.608300 0.511270 0.601215 0.512295 0.592105 0.514344
0 0.626518 0.509221 0.619433 0.486680 0.620951 0.440574 0.621964 0.417008 0.621964 0.381148 0.632591 0.266393 0.647267 0.274590 0.649798 0.348361 0.649291 0.391393 0.651316 0.411885 0.652328 0.434426 0.658907 0.457992 0.659919 0.481557 0.658907 0.490779 0.652328 0.496926 0.646761 0.496926 0.637146 0.505123
0 0.657895 0.496926 0.656883 0.471311 0.654858 0.432377 0.654858 0.409836 0.651316 0.382172 0.643725 0.297131 0.655364 0.264344 0.665486 0.281762 0.669028 0.331967 0.674089 0.362705 0.679656 0.399590 0.682186 0.419057 0.687753 0.437500 0.692308 0.455943 0.689777 0.473361 0.682692 0.479508 0.679150 0.479508 0.666498 0.488730
0 0.494433 0.578893 0.501012 0.578893 0.507085 0.582992 0.512146 0.592213 0.517206 0.762295 0.508603 0.761270 0.500506 0.683402 0.500506 0.650615 0.499494 0.607582
0 0.509615 0.587090 0.513158 0.566598 0.525810 0.568648 0.528846 0.581967 0.533907 0.693648 0.538462 0.778689 0.524798 0.772541 0.514676 0.685451 0.513664 0.662910 0.512146 0.604508
0 0.526316 0.611680 0.526316 0.571721 0.530870 0.558402 0.536437 0.555328 0.548077 0.580943 0.553138 0.596311 0.555162 0.622951 0.555162 0.652664 0.556174 0.680328 0.558704 0.709016 0.563259 0.752049 0.563259 0.788934 0.555162 0.799180 0.546053 0.790984 0.542510 0.756148 0.539980 0.722336 0.536437 0.680328 0.532895 0.643443
0 0.556174 0.635246 0.548583 0.617828 0.539980 0.602459 0.540486 0.576844 0.543522 0.561475 0.559211 0.552254 0.567814 0.550205 0.572874 0.565574 0.574393 0.586066 0.578947 0.608607 0.581478 0.634221 0.583502 0.660861 0.588057 0.690574 0.608300 0.773566 0.593623 0.780738 0.584514 0.761270 0.578947 0.725410 0.561235 0.663934
0 0.576417 0.634221 0.566296 0.617828 0.560729 0.592213 0.555668 0.568648 0.554150 0.552254 0.562753 0.537910 0.577935 0.534836 0.588057 0.534836 0.600709 0.543033 0.607287 0.553279 0.613360 0.566598 0.613866 0.596311 0.615891 0.617828 0.628543 0.665984 0.641194 0.714139 0.645243 0.726434 0.638664 0.750000 0.615891 0.762295 0.611336 0.747951 0.599190 0.730533 0.590587 0.706967 0.579453 0.660861
0 0.658907 0.725410 0.651316 0.714139 0.639676 0.698770 0.631579 0.684426 0.618927 0.601434 0.610830 0.589139 0.603239 0.573770 0.602227 0.561475 0.604251 0.548156 0.609312 0.542008 0.619433 0.537910 0.635121 0.530738 0.640182 0.524590 0.647773 0.521516 0.656377 0.537910 0.656377 0.568648 0.657389 0.593238 0.662955 0.629098 0.672065 0.645492 0.687247 0.688525 0.693320 0.715164 0.660425 0.751025
0 0.677126 0.619877 0.669028 0.601434 0.663968 0.594262 0.658907 0.578893 0.652328 0.556352 0.651316 0.529713 0.653846 0.519467 0.666498 0.509221 0.681680 0.501025 0.691802 0.502049 0.694332 0.520492 0.695344 0.542008 0.704453 0.563525 0.744939 0.660861 0.718117 0.690574 0.696862 0.665984 0.686741 0.652664 0.679656 0.640369
0 0.480263 0.577869 0.489372 0.577869 0.496964 0.587090 0.499494 0.603484 0.495951 0.645492 0.499494 0.760246 0.485324 0.761270 0.487854 0.689549 0.480769 0.645492 0.478239 0.622951 0.477733 0.607582
0 0.452429 0.581967 0.463057 0.573770 0.470142 0.572746 0.477733 0.581967 0.482287 0.599385 0.490385 0.741803 0.480769 0.783811 0.471660 0.731557 0.470142 0.694672 0.469130 0.665984 0.465587 0.635246
0 0.439271 0.616803 0.437753 0.604508 0.439777 0.581967 0.442308 0.570697 0.448887 0.560451 0.452429 0.558402 0.459514 0.586066 0.466599 0.606557 0.467611 0.818648 0.449393 0.811475 0.444332 0.734631 0.442814 0.700820 0.440283 0.674180 0.436235 0.630123
0 0.410931 0.642418 0.410931 0.608607 0.414474 0.587090 0.416498 0.572746 0.425101 0.565574 0.433704 0.565574 0.439777 0.563525 0.445344 0.567623 0.447368 0.588115 0.441296 0.628074 0.424595 0.809426 0.406377 0.806352 0.403846 0.762295 0.402328 0.735656 0.404858 0.717213 0.407389 0.696721 0.410931 0.660861
0 0.372976 0.606557 0.371964 0.596311 0.370445 0.577869 0.370445 0.565574 0.373482 0.555328 0.383603 0.555328 0.398785 0.545082 0.404352 0.543033 0.424595 0.556352 0.436235 0.571721 0.417510 0.627049 0.411943 0.693648 0.400810 0.747951 0.379049 0.803279 0.353745 0.787910 0.350202 0.770492 0.353239 0.746926 0.355263 0.727459 0.357794 0.701844 0.361842 0.674180 0.367915 0.644467 0.371964 0.621926
0 0.320344 0.623975 0.320850 0.609631 0.320850 0.584016 0.322874 0.565574 0.328441 0.550205 0.339069 0.545082 0.344130 0.546107 0.349190 0.556352 0.362854 0.552254 0.369433 0.551230 0.378543 0.555328 0.379049 0.576844 0.378036 0.596311 0.370951 0.619877 0.364372 0.629098 0.358806 0.655738 0.352733 0.701844 0.346154 0.721311 0.338057 0.741803 0.312753 0.788934 0.290486 0.761270 0.290992 0.735656 0.300101 0.706967 0.307692 0.681352 0.315789 0.650615
0 0.255061 0.703893 0.257591 0.662910 0.263158 0.628074 0.269231 0.604508 0.272773 0.580943 0.274291 0.553279 0.274291 0.526639 0.277328 0.505123 0.283401 0.501025 0.301113 0.505123 0.316296 0.514344 0.330466 0.524590 0.332996 0.546107 0.327935 0.566598 0.315789 0.599385 0.309717 0.622951 0.303644 0.650615 0.300101 0.668033 0.293016 0.689549 0.274798 0.726434
