0 0.497326 0.658055 0.494474 0.401976 0.465954 0.403495 0.463458 0.652736
0 0.463458 0.654255 0.466667 0.399696 0.449198 0.399696 0.434581 0.633739
0 0.434581 0.633739 0.441355 0.389058 0.416399 0.389058 0.411765 0.487082 0.412121 0.559271 0.404278 0.605623 0.419964 0.637538
0 0.403922 0.618541 0.413904 0.594985 0.416043 0.373860 0.394652 0.381459 0.387522 0.535714 0.379679 0.606383
0 0.380392 0.604103 0.386809 0.561550 0.393583 0.373860 0.370410 0.376140 0.361497 0.517477 0.357219 0.601824
0 0.356150 0.598784 0.362210 0.533435 0.362210 0.373860 0.320856 0.378419 0.321569 0.500760 0.310160 0.569149 0.331194 0.604103
0 0.309091 0.566869 0.322995 0.505319 0.326560 0.373860 0.299109 0.355623 0.289127 0.416413 0.287701 0.458967 0.269162 0.493161 0.267736 0.539514
0 0.299109 0.357143 0.289127 0.414894 0.288414 0.458967 0.269519 0.496201 0.239929 0.437690 0.281283 0.301672 0.301248 0.324468
0 0.496970 0.655775 0.495187 0.399696 0.518717 0.395137 0.531907 0.639818
0 0.532620 0.641337 0.519786 0.394377 0.545811 0.389058 0.557219 0.637538
0 0.563280 0.627660 0.552585 0.609422 0.551159 0.370821 0.568627 0.379939 0.583957 0.617021
0 0.586453 0.603343 0.574332 0.603343 0.570053 0.556991 0.568627 0.373100 0.585027 0.371581 0.592870 0.493161 0.609982 0.577508 0.601426 0.610942
0 0.611052 0.591185 0.632799 0.592705 0.628520 0.360942 0.593583 0.370061 0.592157 0.610942
0 0.636007 0.605623 0.624955 0.556231 0.629234 0.353343 0.653832 0.359422 0.667380 0.517477 0.679857 0.585866
0 0.679857 0.572948 0.667736 0.517477 0.667380 0.341185 0.692692 0.348784 0.713012 0.483283 0.722282 0.546353
0 0.724064 0.546353 0.711943 0.487842 0.691979 0.348784 0.721569 0.329787 0.763280 0.498480
0 0.502317 0.663374 0.505882 0.872340 0.524777 0.869301 0.525847 0.658055
0 0.526560 0.655775 0.525134 0.873100 0.545098 0.865502 0.547594 0.704407 0.546524 0.652736
0 0.546881 0.651976 0.548307 0.711246 0.554367 0.882219 0.579679 0.870821 0.568627 0.646657
0 0.572906 0.641337 0.565062 0.663374 0.568271 0.693009 0.583244 0.861702 0.611052 0.848784 0.597861 0.715046 0.597861 0.626140
0 0.599643 0.624620 0.587522 0.658055 0.592157 0.681611 0.622103 0.834347 0.647415 0.826748 0.629947 0.691489 0.622460 0.613222
0 0.660606 0.611702 0.677005 0.689210 0.731194 0.770517 0.761497 0.665653 0.705169 0.572948
0 0.502317 0.661854 0.505169 0.878419 0.479857 0.874620 0.482353 0.661854
0 0.481283 0.661854 0.480570 0.880699 0.458111 0.879939 0.458824 0.655775
0 0.458111 0.657295 0.458111 0.885258 0.426738 0.872340 0.428520 0.713526 0.434581 0.648936
0 0.431729 0.652736 0.429947 0.721125 0.424955 0.873100 0.399643 0.863222 0.400713 0.717325 0.407487 0.635258
0 0.407487 0.642857 0.408556 0.682371 0.377897 0.841185 0.357219 0.817629 0.382175 0.626140
0 0.345098 0.622340 0.282353 0.771277 0.245989 0.702128 0.295187 0.566869
