0 0.476224 0.547112 0.508504 0.529635 0.491496 0.237842 0.478653 0.246960 0.472753 0.515957
0 0.447761 0.505319 0.457480 0.531915 0.474488 0.524316 0.475182 0.478723 0.476224 0.262918 0.459216 0.264438
0 0.422770 0.487082 0.433183 0.526596 0.451926 0.522796 0.458174 0.485562 0.443943 0.257599 0.422076 0.257599
0 0.397084 0.473404 0.410621 0.501520 0.424505 0.492401 0.427629 0.476444 0.440472 0.476444 0.442208 0.429331 0.418605 0.248480 0.403332 0.252280
0 0.370358 0.465805 0.375217 0.489362 0.392919 0.489362 0.406803 0.465805 0.413051 0.430851 0.399514 0.248480 0.388754 0.245441
0 0.330788 0.450608 0.339813 0.471125 0.363068 0.478723 0.374523 0.464286 0.381812 0.450608 0.389795 0.408055 0.373481 0.236322 0.363763 0.234802 0.342242 0.372340 0.332523 0.421733
0 0.293648 0.384498 0.296772 0.434650 0.330094 0.441489 0.340507 0.408055 0.343631 0.324468 0.340507 0.225684 0.315515 0.167173 0.288789 0.172492 0.300937 0.324468
0 0.507463 0.534954 0.531066 0.534954 0.540784 0.524316 0.540784 0.494681 0.516487 0.231003 0.502603 0.234802 0.507463 0.457447 0.504339 0.521277
0 0.543908 0.513678 0.567164 0.492401 0.538355 0.227964 0.526900 0.231003 0.531066 0.376140 0.538355 0.441489 0.537313 0.492401
0 0.565776 0.497720 0.583478 0.508359 0.594585 0.469605 0.572024 0.199088 0.560916 0.202888 0.554321 0.312310 0.561611 0.455927
0 0.578619 0.430851 0.585213 0.471125 0.593197 0.471125 0.606040 0.481763 0.615064 0.460486 0.602916 0.269757 0.587643 0.208207 0.576189 0.218845 0.579313 0.398936
0 0.606734 0.446809 0.615758 0.465805 0.630337 0.468085 0.640056 0.448328 0.640056 0.420213 0.630337 0.374620 0.606734 0.196049 0.596321 0.199088
0 0.625477 0.395137 0.631725 0.446809 0.648733 0.446809 0.671295 0.418693 0.666435 0.363982 0.633461 0.170973 0.623048 0.172492 0.623048 0.321429 0.626171 0.369301
0 0.674766 0.420213 0.710170 0.397416 0.709476 0.338906 0.698022 0.285714 0.702881 0.220365 0.694203 0.149696 0.675460 0.165653 0.657064 0.225684 0.660882 0.301672 0.668171 0.404255
0 0.494620 0.572948 0.516834 0.567629 0.523429 0.797112 0.506074 0.799392 0.492537 0.587386
0 0.513711 0.577508 0.524818 0.567629 0.544603 0.579787 0.538008 0.822188 0.526553 0.825228
0 0.536966 0.572948 0.548421 0.554711 0.559528 0.553191 0.571677 0.581307 0.586949 0.843465 0.564040 0.847264
0 0.562652 0.574468 0.568900 0.551672 0.586949 0.553191 0.593544 0.559271 0.620965 0.823708 0.601180 0.833587
0 0.587643 0.558511 0.593197 0.535714 0.623395 0.537994 0.636932 0.677052 0.660187 0.750760 0.645609 0.775076 0.614717 0.707447 0.600139 0.616261 0.589032 0.581307
0 0.612287 0.547872 0.615411 0.528875 0.628254 0.516717 0.633114 0.522036 0.638667 0.499240 0.643527 0.493921 0.661576 0.504559 0.669559 0.582827 0.716765 0.694529 0.665047 0.749240 0.644221 0.694529 0.632072 0.609422
0 0.651510 0.500760 0.664006 0.472644 0.671989 0.480243 0.684137 0.450608 0.693509 0.450608 0.705658 0.476444 0.715030 0.544833 0.750434 0.661854 0.717459 0.694529 0.689691 0.639058 0.668865 0.562310 0.652898 0.518237
0 0.707046 0.457447 0.744533 0.436170 0.755988 0.477964 0.757376 0.530395 0.779938 0.621581 0.745574 0.656535 0.726484 0.604103 0.711906 0.527356 0.700798 0.500760 0.703228 0.465805
0 0.471017 0.579027 0.496703 0.579027 0.499826 0.800912 0.479000 0.803951
0 0.451926 0.571429 0.472753 0.575228 0.480736 0.818389 0.463034 0.819909 0.450191 0.666413
0 0.421381 0.582067 0.432836 0.561550 0.443943 0.564590 0.455050 0.598024 0.452621 0.842705 0.431795 0.840426 0.419299 0.696049 0.421381 0.620821
0 0.393613 0.594225 0.401597 0.569909 0.414439 0.573708 0.431100 0.603343 0.419993 0.716565 0.396043 0.837386 0.378341 0.816109 0.395349 0.715046
0 0.370358 0.553951 0.401597 0.556231 0.408886 0.587386 0.363415 0.814590 0.342589 0.790274 0.361680 0.692249 0.365845 0.587386
0 0.317945 0.487842 0.340854 0.510638 0.353697 0.548632 0.343284 0.606383 0.276987 0.731003 0.262756 0.711246 0.246789 0.658815 0.246789 0.645137 0.273863 0.601064 0.291565 0.561550 0.302673 0.517477
0 0.281847 0.442249 0.319334 0.486322 0.313086 0.512158 0.294689 0.566109 0.261020 0.636018 0.241236 0.646657 0.219715 0.585866 0.235682 0.541793 0.253037 0.500000 0.262756 0.463526
