0 0.475702 0.544833 0.473990 0.584347 0.477755 0.620821 0.501711 0.616261 0.507187 0.583587 0.505476 0.520517 0.503422 0.411854 0.500684 0.331307 0.494182 0.309271 0.483231 0.322948 0.481520 0.357903
0 0.457906 0.544833 0.457906 0.592705 0.464408 0.613222 0.481177 0.600304 0.482888 0.554711 0.488022 0.440729 0.485626 0.396657 0.483915 0.323708 0.478439 0.306231 0.465435 0.320669 0.464750 0.361702 0.467146 0.446049
0 0.437029 0.537234 0.440452 0.588146 0.445927 0.602584 0.462012 0.559271 0.465777 0.499240 0.467488 0.395137 0.469884 0.353343 0.470910 0.326748 0.462012 0.304711 0.453799 0.335106 0.446270 0.390578 0.439767 0.474924
0 0.424025 0.569909 0.423682 0.596505 0.433265 0.620821 0.444901 0.612462 0.452430 0.612462 0.460986 0.582067 0.454483 0.444529 0.450034 0.370061 0.449008 0.322948 0.434976 0.318389 0.428816 0.348024
0 0.406229 0.546353 0.405202 0.577508 0.410678 0.610182 0.420260 0.607903 0.436003 0.613222 0.441478 0.571429 0.438056 0.479483 0.436687 0.394377 0.431554 0.357903 0.420260 0.300912 0.411704 0.315350 0.407255 0.347264 0.415469 0.424012
0 0.380561 0.514438 0.377823 0.546353 0.381588 0.584347 0.390486 0.591945 0.405544 0.591945 0.422313 0.582067 0.426762 0.531915 0.419576 0.467325 0.412731 0.353343 0.403833 0.335106 0.389459 0.332827 0.378850 0.359422 0.374059 0.401216 0.375770 0.452888
0 0.345311 0.481763 0.340862 0.501520 0.335387 0.515957 0.342231 0.546353 0.350103 0.555471 0.367214 0.569909 0.381588 0.556991 0.390828 0.531915 0.393566 0.493921 0.395962 0.449848 0.385352 0.364742 0.381588 0.341945 0.369610 0.343465 0.362765 0.356383 0.360370 0.382219 0.358316 0.420213 0.353525 0.464286
0 0.325120 0.391337 0.318617 0.415653 0.331622 0.474924 0.348049 0.481003 0.363792 0.452128 0.380219 0.427812 0.381246 0.396657 0.380561 0.361702 0.373717 0.314590 0.362081 0.296353 0.346338 0.290274 0.334360 0.300152 0.324093 0.323708 0.321355 0.361702
0 0.505133 0.549392 0.505133 0.600304 0.511978 0.623100 0.530459 0.618541 0.540383 0.598024 0.536619 0.560790 0.532170 0.473404 0.538330 0.409574 0.532854 0.359422 0.520876 0.372340 0.513347 0.424012 0.504449 0.513678
0 0.533196 0.534954 0.534908 0.585866 0.539357 0.613222 0.559206 0.610942 0.561944 0.573708 0.556468 0.520517 0.556126 0.484802 0.552704 0.443769 0.558179 0.414894 0.559890 0.397416 0.559890 0.368541 0.551677 0.356383 0.538672 0.367781 0.534223 0.408815 0.532854 0.458967 0.532854 0.477204
0 0.558179 0.538754 0.558179 0.565350 0.559206 0.594225 0.567420 0.614742 0.576318 0.626900 0.585558 0.604863 0.588296 0.579787 0.589322 0.541033 0.581793 0.499240 0.576318 0.448328 0.574949 0.417173 0.578371 0.389058 0.580424 0.357903 0.581793 0.319149 0.570842 0.308511 0.560917 0.325228 0.556468 0.402736 0.554073 0.458967
0 0.573580 0.551672 0.581793 0.612462 0.592060 0.612462 0.603354 0.612462 0.613621 0.595745 0.607118 0.534954 0.598905 0.432371 0.603354 0.389058 0.604381 0.337386 0.594114 0.320669 0.581793 0.349544 0.578371 0.417173 0.570157 0.507599
0 0.596167 0.544833 0.604381 0.598024 0.615332 0.608663 0.631075 0.601824 0.638261 0.575228 0.631759 0.538754 0.626626 0.444529 0.620123 0.366261 0.616016 0.343465 0.607803 0.339666 0.600616 0.376140 0.595140 0.424012
0 0.621150 0.531915 0.623888 0.582067 0.635866 0.588146 0.650582 0.573708 0.666324 0.569149 0.668036 0.543313 0.659822 0.490881 0.648871 0.417173 0.648528 0.353343 0.642026 0.327508 0.631075 0.320669 0.621150 0.343465 0.619097 0.384498
0 0.656057 0.505319 0.660849 0.542553 0.675222 0.557751 0.685832 0.536474 0.695756 0.530395 0.700548 0.513678 0.698836 0.481003 0.687543 0.439970 0.684805 0.376900 0.681040 0.339666 0.669062 0.306231 0.658111 0.302432 0.650240 0.335106 0.645791 0.408815
0 0.675222 0.435410 0.693018 0.460486 0.706708 0.449848 0.716975 0.414894 0.720055 0.380699 0.707050 0.341945 0.696099 0.318389 0.685489 0.281915 0.673511 0.267477 0.663244 0.287994 0.657084 0.323708 0.661533 0.372340
0 0.518823 0.637538 0.521218 0.688450 0.523614 0.775836 0.534223 0.842705 0.540726 0.851064 0.551677 0.835866 0.548255 0.785714 0.540726 0.743161 0.541410 0.675532 0.540041 0.632219 0.531485 0.628419
0 0.542094 0.632219 0.538330 0.635258 0.540041 0.682371 0.545175 0.752280 0.551677 0.832067 0.557153 0.855623 0.567420 0.848024 0.567077 0.797112 0.560917 0.709726 0.562286 0.648176 0.559206 0.626140
0 0.568446 0.614742 0.564682 0.631459 0.561602 0.654255 0.567077 0.702128 0.571184 0.771277 0.571184 0.860182 0.582136 0.870061 0.590691 0.835866 0.591034 0.765957 0.585900 0.662614 0.579740 0.627660
0 0.590691 0.608663 0.584873 0.623860 0.582136 0.650456 0.587611 0.702128 0.594114 0.803191 0.601300 0.850304 0.611567 0.843465 0.616701 0.816869 0.611225 0.744681 0.612252 0.654255 0.604038 0.611702
0 0.617728 0.610942 0.614305 0.623100 0.624914 0.661854 0.648186 0.761398 0.659480 0.784195 0.676249 0.781155 0.687201 0.743161 0.685147 0.693009 0.667009 0.617781 0.666324 0.578267 0.659480 0.563070 0.654689 0.572948 0.649213 0.572948 0.641684 0.580547 0.637919 0.595745 0.629021 0.609422
0 0.679671 0.556231 0.668378 0.556231 0.665640 0.559271 0.662218 0.569909 0.658453 0.572188 0.659480 0.595745 0.674880 0.628419 0.686174 0.687690 0.709446 0.727204 0.726557 0.743921 0.740246 0.732523 0.740589 0.698328 0.731691 0.662614 0.716290 0.608663 0.709103 0.581307 0.708077 0.537994 0.699863 0.531915 0.691307 0.535714 0.684805 0.541793
0 0.709446 0.547872 0.707392 0.575228 0.719028 0.613982 0.734086 0.633739 0.758727 0.655775 0.773785 0.647416 0.781314 0.623100 0.780972 0.602584 0.772758 0.584347 0.760780 0.569149 0.749829 0.538754 0.744695 0.510638 0.732717 0.505319 0.726557 0.512918 0.720397 0.529635 0.719028 0.536474
0 0.504791 0.634498 0.498973 0.645137 0.504791 0.716565 0.507187 0.759878 0.510267 0.822188 0.516769 0.867021 0.522587 0.870061 0.529090 0.855623 0.522587 0.743921 0.519165 0.643617 0.512320 0.633739
0 0.481177 0.642857 0.476044 0.651216 0.479808 0.701368 0.488022 0.799392 0.496920 0.870061 0.513347 0.870821 0.516085 0.851824 0.513347 0.808511 0.504791 0.710486 0.498631 0.648176 0.490075 0.635258
0 0.468515 0.628419 0.460643 0.637538 0.457906 0.656535 0.456537 0.680091 0.458932 0.756079 0.462012 0.843465 0.468515 0.884498 0.478439 0.896657 0.486311 0.891337 0.488706 0.860182 0.484942 0.744681 0.483231 0.681611 0.478097 0.651216
0 0.447639 0.611702 0.440110 0.620061 0.435318 0.640578 0.432923 0.693769 0.440110 0.812310 0.450719 0.876140 0.457906 0.876140 0.465435 0.833587 0.465777 0.705167 0.466461 0.642857 0.459617 0.625380
0 0.424025 0.603343 0.415127 0.619301 0.415127 0.683891 0.410678 0.794833 0.411362 0.828267 0.422998 0.848024 0.433607 0.831307 0.442505 0.698328 0.446270 0.661854 0.452772 0.625380 0.447981 0.614742 0.440110 0.612462 0.429843 0.614742
0 0.359001 0.554711 0.353867 0.559271 0.349418 0.609422 0.347707 0.636778 0.337440 0.655775 0.317591 0.696809 0.310062 0.744681 0.327515 0.778116 0.373374 0.724924 0.390828 0.663374 0.406913 0.622340 0.412731 0.610942 0.408966 0.586626 0.393224 0.577508 0.375428 0.563070 0.365503 0.561550
0 0.328542 0.524316 0.313484 0.530395 0.300821 0.547872 0.280287 0.556231 0.259411 0.567629 0.250171 0.589666 0.252909 0.645897 0.272758 0.664894 0.296030 0.658815 0.318960 0.647416 0.342574 0.645137 0.348734 0.627660 0.351814 0.592705 0.349418 0.572188 0.342574 0.559271 0.340520 0.537994
