0 0.483461 0.329787 0.485278 0.561550 0.443475 0.556991 0.443475 0.509119 0.447474 0.335106
0 0.448201 0.332827 0.444566 0.564590 0.412941 0.556991 0.413668 0.518997 0.419847 0.326748
0 0.488186 0.325228 0.488186 0.546353 0.522719 0.545593 0.520901 0.452128 0.520901 0.318389
0 0.532897 0.308511 0.520901 0.455927 0.520901 0.544073 0.545983 0.548632 0.549618 0.512158 0.557252 0.325988
0 0.560887 0.311550 0.545256 0.549392 0.569248 0.561550 0.577245 0.542553 0.577245 0.518997 0.578699 0.474924 0.582697 0.325988
0 0.582697 0.321429 0.574337 0.487082 0.569611 0.528875 0.572156 0.554711 0.575791 0.562310 0.593239 0.572188 0.603780 0.567629 0.608870 0.542553 0.606688 0.477964 0.604507 0.323708
0 0.636132 0.339666 0.623046 0.508359 0.617594 0.575988 0.639404 0.588146 0.659033 0.582067 0.666303 0.561550 0.665213 0.546353 0.664486 0.519757 0.668121 0.461246 0.679026 0.358663
0 0.691385 0.352584 0.672483 0.427052 0.667757 0.498480 0.665213 0.522036 0.664849 0.536474 0.669575 0.567629 0.684842 0.575228 0.702654 0.576748 0.712832 0.576748 0.720102 0.558511 0.731007 0.374620
0 0.445293 0.570669 0.445293 0.594225 0.448564 0.648176 0.448928 0.847264 0.474736 0.840426 0.473646 0.605623 0.475827 0.573708 0.474736 0.567629
0 0.474009 0.566109 0.471465 0.586626 0.474009 0.623860 0.476554 0.795593 0.495456 0.793313 0.493275 0.620821 0.495093 0.575228
0 0.425300 0.569149 0.413304 0.579787 0.416576 0.604863 0.415122 0.628419 0.414395 0.696809 0.418030 0.762158 0.426754 0.834347 0.444929 0.828267 0.450018 0.636778 0.447474 0.612462 0.444566 0.573708
0 0.394402 0.575228 0.386041 0.602584 0.383133 0.628419 0.384951 0.667933 0.389676 0.820669 0.411123 0.821429 0.415122 0.636018 0.416939 0.602584 0.407125 0.571429
0 0.377317 0.572948 0.360233 0.593465 0.357325 0.628419 0.355871 0.683891 0.354053 0.724924 0.340603 0.793313 0.358052 0.819149 0.383497 0.700608 0.388222 0.655015 0.393675 0.628419 0.395129 0.613222 0.392221 0.589666 0.386768 0.575228
0 0.337332 0.572188 0.322065 0.560790 0.315158 0.569149 0.305707 0.575988 0.308252 0.588906 0.306434 0.605623 0.309342 0.623100 0.304253 0.675532 0.290803 0.791033 0.329698 0.798632 0.339149 0.791033 0.354053 0.724924 0.357688 0.626140 0.360960 0.591945 0.364958 0.572188 0.354417 0.563070
0 0.289349 0.581307 0.271901 0.572948 0.251181 0.583587 0.231189 0.787234 0.280625 0.803951 0.306798 0.650456 0.314068 0.614742 0.312977 0.597264 0.300254 0.579027
0 0.495093 0.570669 0.496910 0.838146 0.512541 0.838906 0.513631 0.641337 0.516176 0.570669
0 0.515449 0.568389 0.513631 0.725684 0.513631 0.832067 0.535078 0.829027 0.538350 0.634498 0.541258 0.579787
0 0.544893 0.576748 0.539440 0.590426 0.538713 0.639058 0.539804 0.841185 0.570338 0.840426 0.569611 0.641337 0.568884 0.583587
0 0.607779 0.575988 0.590694 0.595745 0.597601 0.659574 0.611414 0.845745 0.639767 0.832067 0.636132 0.640578 0.637223 0.588906 0.617594 0.579027
0 0.687386 0.572948 0.668484 0.580547 0.660124 0.598024 0.664486 0.641337 0.680480 0.762158 0.690658 0.815350 0.735369 0.790274 0.718648 0.678571 0.714286 0.667173 0.711741 0.653495 0.711741 0.638298 0.715013 0.626900 0.717557 0.619301 0.717921 0.606383 0.717557 0.588906 0.715013 0.575988 0.707016 0.572948 0.700473 0.572948
0 0.739368 0.568389 0.728099 0.563830 0.720465 0.568389 0.719375 0.577508 0.718284 0.591185 0.718648 0.604863 0.718284 0.617021 0.716103 0.624620 0.714649 0.629179 0.711741 0.639058 0.711014 0.646657 0.711741 0.658815 0.714286 0.667933 0.717557 0.673252 0.725554 0.680851 0.736459 0.686170 0.757906 0.694529 0.778262 0.699088 0.790258 0.642857 0.785533 0.593465 0.754635 0.575228
0 0.358415 0.305471 0.367866 0.550152 0.380589 0.568389 0.400218 0.569909 0.414395 0.559271 0.415485 0.518997 0.412941 0.379179 0.401672 0.284954 0.356961 0.298632
0 0.283170 0.329787 0.307888 0.491641 0.310796 0.553951 0.302072 0.574468 0.284260 0.574468 0.256270 0.560790 0.256270 0.489362 0.245365 0.357143
