0 0.466594 0.506839 0.495486 0.490881 0.490430 0.396657 0.482846 0.222644 0.463344 0.222644 0.462622 0.417933 0.460816 0.494681
0 0.439870 0.488602 0.457566 0.489362 0.464066 0.473404 0.463344 0.396657 0.455038 0.215046 0.434814 0.227204 0.440592 0.411094 0.438787 0.446809
0 0.410256 0.468085 0.416396 0.490881 0.436620 0.483283 0.441315 0.437690 0.437342 0.386778 0.417118 0.181611 0.397978 0.195289 0.409534 0.398936
0 0.380282 0.461246 0.391116 0.483283 0.408090 0.478723 0.420730 0.446809 0.415312 0.390578 0.408090 0.326748 0.395450 0.180091 0.365836 0.211246 0.382810 0.404255
0 0.360780 0.430851 0.360780 0.461246 0.369447 0.478723 0.379559 0.474924 0.386782 0.445289 0.381726 0.413374 0.370170 0.209726 0.355002 0.222644 0.360058 0.416413
0 0.276995 0.436170 0.288552 0.446809 0.297941 0.453647 0.317082 0.455927 0.320693 0.416413 0.315637 0.368541 0.308053 0.190729 0.276995 0.197568 0.273384 0.329787 0.273384 0.372340
0 0.230047 0.411094 0.235103 0.424012 0.249187 0.433891 0.265800 0.434650 0.274467 0.363222 0.273384 0.303191 0.261827 0.206687 0.234742 0.218845 0.242687 0.353343
0 0.491874 0.488602 0.524016 0.497720 0.524016 0.177812 0.503431 0.179331 0.496930 0.363222
0 0.520404 0.483283 0.526183 0.414894 0.527988 0.379179 0.543156 0.190729 0.559769 0.192249 0.548212 0.413374 0.553991 0.483283 0.526183 0.489362
0 0.547129 0.465805 0.568436 0.487082 0.582521 0.471125 0.579270 0.428571 0.581798 0.363222 0.589382 0.167173 0.569159 0.170973 0.550740 0.386778 0.547129 0.430851
0 0.573492 0.420213 0.573492 0.443009 0.586132 0.462766 0.594438 0.474924 0.604550 0.474924 0.605995 0.414894 0.622246 0.176292 0.600217 0.180091 0.575659 0.381459
0 0.598411 0.408055 0.595161 0.450608 0.605273 0.468085 0.620441 0.472644 0.632358 0.468085 0.634886 0.427052 0.632358 0.390578 0.633803 0.326748 0.639581 0.185410 0.614301 0.217325
0 0.678584 0.443009 0.673528 0.413374 0.678584 0.363222 0.680029 0.321429 0.678223 0.200608 0.726977 0.217325 0.713615 0.341945 0.714337 0.382979 0.716143 0.418693 0.716143 0.434650 0.697725 0.443009 0.691585 0.445289
0 0.717949 0.411094 0.722644 0.414894 0.740701 0.417933 0.753341 0.411094 0.759841 0.404255 0.756591 0.363982 0.752257 0.316109 0.740701 0.190729 0.717226 0.211246 0.712170 0.329787 0.714337 0.357903 0.713615 0.395137
0 0.484290 0.531915 0.500542 0.526596 0.505237 0.565350 0.505237 0.775076 0.479234 0.778875
0 0.503431 0.518997 0.522210 0.520517 0.522210 0.598784 0.523655 0.768237 0.503431 0.756079
0 0.525460 0.594985 0.520404 0.521277 0.548935 0.534954 0.552546 0.544073 0.548935 0.610942 0.555796 0.793313 0.538100 0.805471
0 0.550018 0.601824 0.541351 0.538754 0.547490 0.526596 0.559769 0.520517 0.571687 0.531155 0.579270 0.575228 0.578187 0.658815 0.580715 0.787994 0.560130 0.785714
0 0.576743 0.591185 0.567353 0.561550 0.562658 0.536474 0.575659 0.520517 0.588660 0.528116 0.595883 0.536474 0.600939 0.569909 0.621885 0.750760 0.600217 0.757599
0 0.601300 0.572188 0.592633 0.518997 0.590105 0.501520 0.592633 0.487082 0.621885 0.485562 0.638859 0.487082 0.646443 0.515198 0.648971 0.573708 0.681835 0.709726 0.646443 0.741641 0.611773 0.639058
0 0.655832 0.575228 0.641387 0.531155 0.637053 0.501520 0.638859 0.489362 0.668472 0.483283 0.687613 0.478723 0.699169 0.480243 0.703503 0.520517 0.710365 0.569909 0.746479 0.736322 0.700975 0.738602
0 0.709281 0.537234 0.697003 0.503040 0.691585 0.487082 0.694475 0.466565 0.717949 0.450608 0.744673 0.446809 0.754063 0.466565 0.754063 0.528116 0.776454 0.649696 0.746479 0.667173
0 0.460816 0.522796 0.487902 0.531155 0.474901 0.770517 0.459372 0.769757
0 0.446371 0.521277 0.469122 0.524316 0.467678 0.618541 0.461538 0.780395 0.446371 0.778875
0 0.418202 0.624620 0.420368 0.531155 0.443843 0.517477 0.451788 0.610942 0.433731 0.825228 0.413868 0.809271
0 0.392922 0.639058 0.398700 0.575988 0.399422 0.542553 0.406284 0.528116 0.415674 0.522796 0.425424 0.542553 0.431203 0.559271 0.427230 0.601824 0.405200 0.784195 0.387866 0.768237
0 0.357530 0.748480 0.365836 0.648176 0.372698 0.561550 0.377031 0.528116 0.387143 0.520517 0.406284 0.526596 0.413868 0.538754 0.406284 0.577508 0.395088 0.635258 0.377031 0.768237 0.363308 0.756079
0 0.299747 0.720365 0.312387 0.648176 0.322860 0.597264 0.323221 0.568389 0.326472 0.490881 0.355002 0.499240 0.382087 0.499240 0.392922 0.515198 0.374142 0.559271 0.368364 0.612462 0.361863 0.678571 0.335500 0.769757
0 0.254243 0.681611 0.260022 0.629939 0.263633 0.602584 0.273745 0.536474 0.273384 0.505319 0.281329 0.481763 0.318888 0.490881 0.332972 0.503040 0.339112 0.506839 0.325749 0.553951 0.269411 0.716565
0 0.202961 0.623100 0.211268 0.579027 0.222463 0.537234 0.225713 0.503040 0.227519 0.480243 0.228964 0.471125 0.233297 0.457447 0.256771 0.457447 0.270134 0.457447 0.281329 0.466565 0.285302 0.478723 0.277718 0.505319 0.266883 0.542553 0.250632 0.610942 0.217407 0.655015
