0 0.462045 0.351434 0.461032 0.420082 0.457996 0.483607 0.455972 0.522541 0.463057 0.556352 0.483300 0.538934 0.486336 0.466189 0.482287 0.389344 0.480263 0.345287
0 0.441296 0.341189 0.441296 0.414959 0.438765 0.487705 0.437753 0.534836 0.444332 0.538934 0.452429 0.515369 0.456984 0.469262 0.459008 0.385246 0.459008 0.343238 0.451417 0.329918
0 0.419028 0.336066 0.420040 0.375000 0.419028 0.422131 0.419028 0.455943 0.417004 0.481557 0.422065 0.526639 0.429656 0.526639 0.440283 0.505123 0.438765 0.462090 0.434717 0.417008 0.437753 0.353484 0.441296 0.323770
0 0.401822 0.323770 0.401822 0.351434 0.400810 0.381148 0.397773 0.466189 0.395749 0.477459 0.399798 0.498975 0.410425 0.509221 0.415992 0.493852 0.417004 0.457992 0.417004 0.404713 0.422065 0.340164 0.423077 0.325820
0 0.379049 0.319672 0.379049 0.351434 0.377024 0.392418 0.376518 0.417008 0.373482 0.451844 0.376518 0.493852 0.386134 0.505123 0.399798 0.494877 0.398785 0.447746 0.394737 0.402664 0.398785 0.349385 0.400810 0.319672
0 0.350202 0.319672 0.349190 0.345287 0.346154 0.402664 0.341093 0.436475 0.338563 0.469262 0.348178 0.509221 0.360830 0.511270 0.375506 0.489754 0.376518 0.466189 0.375506 0.428279 0.374494 0.383197 0.381073 0.331967 0.376518 0.317623
0 0.339069 0.321721 0.341093 0.385246 0.340081 0.422131 0.337551 0.460041 0.323887 0.481557 0.312247 0.468238 0.306174 0.447746 0.304150 0.417008 0.308198 0.377049 0.312247 0.341189 0.313765 0.312500 0.327429 0.292008
0 0.311235 0.294057 0.308198 0.323770 0.306174 0.349385 0.305162 0.396516 0.300607 0.430328 0.292510 0.453893 0.274291 0.426230 0.269231 0.414959 0.270243 0.368852 0.275304 0.341189 0.278846 0.314549 0.282895 0.289959 0.291498 0.274590
0 0.486336 0.338115 0.485324 0.392418 0.485324 0.445697 0.485324 0.491803 0.487348 0.526639 0.495951 0.546107 0.509615 0.546107 0.511640 0.530738 0.509615 0.477459 0.507591 0.432377 0.506579 0.361680 0.508603 0.331967
0 0.509615 0.336066 0.506579 0.375000 0.502024 0.443648 0.502024 0.483607 0.512652 0.534836 0.520243 0.536885 0.526316 0.522541 0.528340 0.491803 0.528340 0.460041 0.526316 0.406762 0.526316 0.361680 0.528340 0.323770
0 0.526316 0.315574 0.521255 0.392418 0.519231 0.442623 0.523279 0.469262 0.532895 0.515369 0.543522 0.534836 0.550607 0.513320 0.552632 0.469262 0.548583 0.422131 0.548583 0.349385 0.549595 0.312500
0 0.548583 0.315574 0.548583 0.365779 0.548583 0.410861 0.549595 0.460041 0.554150 0.493852 0.565283 0.507172 0.570850 0.483607 0.569838 0.432377 0.569838 0.385246 0.571862 0.329918 0.572874 0.289959
0 0.573887 0.306352 0.577935 0.343238 0.579453 0.396516 0.580466 0.428279 0.582490 0.468238 0.591599 0.496926 0.603239 0.498975 0.614879 0.479508 0.615891 0.457992 0.615891 0.426230 0.615891 0.392418 0.608806 0.351434 0.604757 0.298156 0.601215 0.272541 0.581478 0.280738
0 0.612854 0.270492 0.611842 0.310451 0.608806 0.355533 0.617409 0.408811 0.624494 0.443648 0.635121 0.457992 0.653846 0.440574 0.655364 0.412910 0.649798 0.361680 0.642713 0.298156 0.642713 0.266393
0 0.656377 0.257172 0.646761 0.278689 0.643725 0.314549 0.653846 0.347336 0.658401 0.410861 0.668016 0.422131 0.679150 0.406762 0.684717 0.387295 0.686741 0.365779 0.677126 0.323770 0.664474 0.282787
0 0.480263 0.701844 0.480263 0.660861 0.475709 0.615779 0.472672 0.577869 0.489372 0.571721 0.496964 0.592213 0.493927 0.629098 0.493927 0.658811 0.493927 0.699795 0.493927 0.720287 0.488360 0.745902 0.481275 0.735656
0 0.514676 0.718238 0.510628 0.667008 0.511640 0.619877 0.515688 0.586066 0.505567 0.575820 0.497976 0.592213 0.496964 0.625000 0.501012 0.674180 0.501012 0.705943 0.501012 0.729508 0.502024 0.750000
0 0.547571 0.725410 0.544534 0.690574 0.543522 0.645492 0.543522 0.601434 0.543522 0.579918 0.528846 0.570697 0.520243 0.573770 0.519231 0.607582 0.521255 0.643443 0.523279 0.690574 0.526316 0.722336 0.528846 0.733607 0.540992 0.743852
0 0.573887 0.684426 0.573887 0.658811 0.573887 0.622951 0.569838 0.584016 0.562247 0.560451 0.553644 0.562500 0.548583 0.590164 0.548583 0.625000 0.552632 0.662910 0.557186 0.714139 0.560223 0.727459 0.571862 0.714139
0 0.598178 0.688525 0.598178 0.664959 0.594130 0.617828 0.591599 0.592213 0.590587 0.560451 0.575911 0.550205 0.565283 0.552254 0.565283 0.594262 0.575911 0.639344 0.582490 0.673156
0 0.693320 0.633197 0.686741 0.615779 0.672065 0.579918 0.661437 0.543033 0.656377 0.520492 0.644737 0.494877 0.626518 0.489754 0.614879 0.511270 0.613866 0.526639 0.628543 0.579918 0.642713 0.619877 0.661437 0.658811 0.677126 0.664959
0 0.719636 0.554303 0.715081 0.528689 0.704453 0.501025 0.691802 0.473361 0.688765 0.460041 0.678138 0.449795 0.666498 0.455943 0.656377 0.475410 0.654858 0.489754 0.656377 0.522541 0.675101 0.558402 0.692814 0.577869 0.705466 0.590164
0 0.466599 0.722336 0.469636 0.678279 0.473684 0.631148 0.479251 0.601434 0.465587 0.584016 0.454960 0.601434 0.454960 0.631148 0.455972 0.662910 0.452429 0.696721 0.448381 0.733607
0 0.440283 0.739754 0.444332 0.725410 0.447368 0.698770 0.449393 0.671107 0.452429 0.643443 0.453947 0.617828 0.453947 0.596311 0.453947 0.584016 0.442308 0.581967 0.435729 0.594262 0.435729 0.621926 0.435729 0.650615 0.432692 0.701844
0 0.419028 0.737705 0.425101 0.705943 0.430668 0.645492 0.431680 0.621926 0.433704 0.596311 0.433704 0.573770 0.419028 0.562500 0.414474 0.594262 0.414474 0.629098 0.414474 0.676230 0.408401 0.718238 0.405364 0.755123 0.414474 0.755123
0 0.391700 0.747951 0.412449 0.590164 0.412449 0.570697 0.405364 0.556352 0.392713 0.579918 0.389170 0.607582 0.389170 0.645492 0.379049 0.692623 0.376518 0.714139 0.378036 0.750000
0 0.369433 0.716189 0.372470 0.688525 0.379049 0.645492 0.386134 0.590164 0.389676 0.543033 0.372470 0.540984 0.363866 0.570697 0.363866 0.613730 0.357794 0.673156 0.349190 0.714139
0 0.282895 0.678279 0.294534 0.658811 0.308198 0.627049 0.328441 0.586066 0.342105 0.554303 0.336538 0.526639 0.323887 0.520492 0.307186 0.505123 0.294534 0.534836 0.280870 0.575820 0.263158 0.607582 0.257591 0.645492
0 0.239879 0.603484 0.256579 0.596311 0.275810 0.584016 0.292510 0.554303 0.298583 0.528689 0.301113 0.505123 0.289474 0.487705 0.272267 0.471311 0.265182 0.468238 0.248988 0.507172 0.234312 0.538934 0.224696 0.564549
