0 0.466312 0.253799 0.466312 0.277356 0.462411 0.321429 0.458511 0.357903 0.457447 0.412614 0.455674 0.461246 0.474113 0.461246 0.485106 0.448328 0.487943 0.418693 0.487943 0.363982 0.487943 0.296353 0.490071 0.253799 0.490071 0.220365 0.476241 0.212006 0.469504 0.220365
0 0.429787 0.220365 0.430851 0.245441 0.430851 0.294073 0.428014 0.357903 0.425887 0.412614 0.426950 0.458967 0.441844 0.477964 0.455674 0.454407 0.458511 0.416413 0.458511 0.340426 0.458511 0.283435 0.458511 0.233283 0.444681 0.209726
0 0.392553 0.279635 0.390426 0.300912 0.390426 0.329787 0.388652 0.374620 0.386525 0.418693 0.393617 0.488602 0.410284 0.503040 0.420213 0.469605 0.421986 0.429331 0.418085 0.386778 0.411348 0.328267 0.410284 0.283435 0.402482 0.250000
0 0.345390 0.300912 0.345390 0.355623 0.345390 0.399696 0.347163 0.462766 0.351064 0.515957 0.371986 0.526596 0.386525 0.505319 0.382624 0.456687 0.376596 0.376900 0.374823 0.321429 0.364894 0.287994
0 0.293972 0.329787 0.291135 0.370061 0.292908 0.414894 0.295035 0.454407 0.297872 0.505319 0.306738 0.530395 0.325532 0.537234 0.341135 0.532675 0.348227 0.494681 0.345390 0.450608 0.343262 0.382979 0.342199 0.329787 0.341135 0.300912 0.331560 0.277356 0.315603 0.285714 0.308865 0.291793
0 0.491844 0.258359 0.490071 0.309271 0.487234 0.359422 0.484043 0.418693 0.490071 0.450608 0.502837 0.450608 0.511702 0.442249 0.511702 0.386778 0.506738 0.329787 0.505674 0.298632 0.511702 0.245441
0 0.529433 0.266717 0.529433 0.294073 0.528369 0.347264 0.524468 0.374620 0.521631 0.405775 0.519504 0.448328 0.527305 0.458967 0.544326 0.458967 0.548227 0.446049 0.547163 0.389058 0.546099 0.325988 0.550000 0.268997
0 0.562766 0.239362 0.554965 0.290274 0.554965 0.319909 0.552128 0.378419 0.552128 0.448328 0.563830 0.475684 0.567730 0.454407 0.567730 0.412614 0.571631 0.359422 0.577660 0.287994 0.577660 0.243921 0.578723 0.209726
0 0.585461 0.226444 0.577660 0.264438 0.575887 0.321429 0.572695 0.378419 0.570922 0.418693 0.577660 0.452888 0.593617 0.465046 0.595390 0.443769 0.596454 0.382979 0.596454 0.338906 0.599291 0.271277 0.600355 0.234802
0 0.626950 0.260638 0.625887 0.294073 0.621986 0.353343 0.620922 0.412614 0.630851 0.454407 0.646809 0.442249 0.648582 0.380699 0.644681 0.290274 0.639716 0.220365
0 0.522695 0.665653 0.522695 0.636018 0.517730 0.581307 0.514539 0.541033 0.514539 0.524316 0.516667 0.499240 0.532270 0.499240 0.536170 0.532675 0.536170 0.566869 0.537234 0.621581 0.540426 0.674012 0.534397 0.697568 0.523404 0.689210
0 0.567021 0.686930 0.562057 0.610942 0.553901 0.549392 0.552128 0.499240 0.546099 0.477964 0.536170 0.492401 0.535461 0.537234 0.546099 0.594225 0.550000 0.633739 0.550000 0.667933 0.557092 0.695289
0 0.578723 0.488602 0.563830 0.494681 0.558156 0.511398 0.562057 0.538754 0.571631 0.576748 0.576596 0.614742 0.581560 0.657295 0.584752 0.699848 0.599291 0.670213 0.590426 0.606383 0.582624 0.566869 0.579787 0.526596
0 0.585461 0.484043 0.581560 0.503040 0.588652 0.547872 0.597518 0.581307 0.605319 0.621581 0.615248 0.693009 0.620922 0.659574 0.620213 0.602584 0.615248 0.553951 0.610284 0.500760 0.604255 0.477964 0.595390 0.471884
0 0.623050 0.481763 0.617021 0.494681 0.620213 0.551672 0.629078 0.613222 0.636879 0.671733 0.641844 0.686930 0.646809 0.610942 0.642553 0.541033 0.638652 0.492401
0 0.509574 0.684650 0.509574 0.600304 0.509574 0.538754 0.506738 0.480243 0.498936 0.477964 0.495035 0.500760 0.495035 0.524316 0.496809 0.572948 0.498936 0.619301 0.498936 0.663374
0 0.491844 0.689210 0.492908 0.651216 0.495035 0.602584 0.497872 0.537234 0.493972 0.492401 0.481206 0.490881 0.473404 0.500760 0.477305 0.530395 0.479078 0.570669 0.482270 0.600304 0.480142 0.646657 0.478369 0.690729
0 0.456383 0.705927 0.465248 0.661854 0.469504 0.606383 0.473404 0.568389 0.476241 0.526596 0.476241 0.481763 0.468440 0.481763 0.453546 0.500760 0.447518 0.509878 0.447518 0.557751 0.446809 0.604863 0.439716 0.651216 0.436879 0.701368 0.440780 0.765198 0.447518 0.733283
0 0.426950 0.766717 0.429787 0.722644 0.430851 0.690729 0.434752 0.646657 0.439716 0.608663 0.443617 0.575228 0.447518 0.519757 0.447518 0.496960 0.437943 0.492401 0.425177 0.505319 0.424113 0.547872 0.424113 0.572948 0.424113 0.594225 0.420922 0.636018 0.417021 0.678571 0.415248 0.722644
0 0.410284 0.727204 0.414184 0.678571 0.416312 0.638298 0.419149 0.591945 0.421986 0.530395 0.419149 0.494681 0.399291 0.513678 0.394326 0.538754 0.394326 0.568389 0.394326 0.604863 0.394326 0.644377 0.394326 0.676292 0.387589 0.718845 0.386525 0.760638 0.397518 0.747720
