0 0.493585 0.424012 0.495723 0.487082 0.479686 0.500000 0.466500 0.484043 0.466500 0.400456 0.465431 0.306231 0.462580 0.243161 0.462580 0.202888 0.475053 0.192249 0.494298 0.302432
0 0.448681 0.426292 0.446543 0.458967 0.448681 0.480243 0.466500 0.484043 0.470421 0.454407 0.466144 0.354103 0.464362 0.292553 0.464362 0.234802 0.461511 0.202888 0.451176 0.190729 0.442267 0.243161
0 0.421240 0.411094 0.422309 0.452888 0.425160 0.476444 0.428011 0.487082 0.436208 0.488602 0.447612 0.471125 0.449751 0.433131 0.444761 0.362462 0.439416 0.292553 0.439059 0.215046 0.437277 0.204407 0.436208 0.177052 0.431932 0.140578 0.425160 0.130699 0.415538 0.129179 0.410192 0.139058 0.411262 0.202888 0.414825 0.334347
0 0.391304 0.432371 0.392373 0.468085 0.408054 0.492401 0.421240 0.474924 0.432644 0.448328 0.421597 0.362462 0.414825 0.296353 0.413043 0.268997 0.410905 0.246201 0.407341 0.227964 0.388453 0.227964 0.385602 0.248480 0.382751 0.318389
0 0.326800 0.424772 0.325731 0.462006 0.337135 0.468845 0.349252 0.466565 0.361368 0.462006 0.370634 0.424772 0.374198 0.408055 0.364932 0.363982 0.362438 0.310030 0.362438 0.272796 0.362438 0.243161 0.360656 0.222644 0.349252 0.214286 0.341768 0.216565 0.336066 0.232523 0.320029 0.244681 0.315396 0.272796 0.327512 0.370821
0 0.280470 0.402736 0.283321 0.426292 0.287954 0.439970 0.302922 0.444529 0.310763 0.460486 0.325018 0.446049 0.329294 0.394377 0.319316 0.360182 0.316108 0.292553 0.316465 0.258359 0.313614 0.238602 0.300428 0.228723 0.288311 0.224164 0.277619 0.231003 0.270492 0.258359 0.268710 0.291033 0.279045 0.351064 0.282609 0.374620
0 0.495367 0.436930 0.495367 0.450608 0.496436 0.494681 0.509266 0.500760 0.524590 0.490881 0.526372 0.456687 0.521026 0.412614 0.521026 0.340426 0.521026 0.290274 0.521739 0.256079 0.525659 0.210486 0.524590 0.188450 0.513186 0.170973 0.500000 0.174772 0.497149 0.256839 0.495367 0.366261
0 0.523521 0.444529 0.525303 0.474164 0.531005 0.484802 0.545973 0.466565 0.545973 0.420973 0.545973 0.336626 0.544191 0.281155 0.538845 0.216565 0.535638 0.177052 0.525659 0.178571 0.519601 0.221125 0.521739 0.302432
0 0.544191 0.382979 0.544904 0.414134 0.546329 0.460486 0.554526 0.478723 0.573058 0.481003 0.578047 0.439970 0.576265 0.352584 0.580542 0.272036 0.579829 0.198328 0.580542 0.145137 0.578760 0.092705 0.569494 0.088906 0.555239 0.120061 0.552744 0.174012 0.549893 0.268997
0 0.563079 0.392857 0.562010 0.436930 0.571276 0.474924 0.583393 0.460486 0.588382 0.474164 0.605132 0.460486 0.609765 0.420973 0.610834 0.357143 0.620100 0.268997 0.617249 0.214286 0.609765 0.189970 0.596935 0.186930 0.579829 0.227964 0.578047 0.272036 0.571632 0.360182
0 0.599786 0.360182 0.596935 0.398176 0.594084 0.442249 0.612616 0.466565 0.617249 0.458967 0.630435 0.468085 0.640770 0.454407 0.642908 0.420973 0.638988 0.372340 0.642552 0.310790 0.648254 0.222644 0.638988 0.186170 0.619031 0.190729 0.612972 0.218085 0.604063 0.274316
0 0.633286 0.382219 0.629722 0.404255 0.630435 0.428571 0.638988 0.455927 0.663578 0.443009 0.678190 0.452888 0.683892 0.436170 0.687812 0.411094 0.681397 0.370061 0.684248 0.332827 0.691376 0.294073 0.691732 0.246960 0.690663 0.210486 0.682823 0.190729 0.663222 0.189970 0.647541 0.212006 0.644334 0.243161 0.644334 0.286474
0 0.680328 0.367021 0.681397 0.398936 0.690306 0.424772 0.705274 0.424012 0.719530 0.411094 0.732003 0.390578 0.729865 0.340426 0.731646 0.296353 0.742338 0.250760 0.743763 0.221125 0.743763 0.196049 0.741269 0.168693 0.736279 0.155015 0.719886 0.148936 0.698860 0.180091 0.692445 0.218845 0.694939 0.272796 0.691732 0.322188
0 0.496080 0.514438 0.498218 0.632219 0.498218 0.664894 0.499644 0.713526 0.502138 0.742401 0.513899 0.759119 0.521026 0.730243 0.514968 0.639058 0.514612 0.631459 0.512830 0.568389 0.511404 0.527356 0.508909 0.517477
0 0.515681 0.580547 0.516037 0.655015 0.518532 0.705167 0.519957 0.740881 0.529936 0.758359 0.534925 0.742401 0.535282 0.658815 0.531361 0.567629 0.530649 0.531155 0.531718 0.505319 0.523521 0.500000 0.512830 0.506839 0.507484 0.514438 0.513899 0.569149
0 0.532431 0.497720 0.529223 0.525076 0.532431 0.563830 0.534925 0.639818 0.540984 0.745441 0.543478 0.768237 0.552031 0.790274 0.562366 0.783435 0.568425 0.746201 0.561297 0.664894 0.553813 0.561550 0.555239 0.517477 0.549180 0.499240
0 0.555239 0.487842 0.548468 0.517477 0.547755 0.543313 0.557733 0.586626 0.564861 0.652736 0.571989 0.717325 0.578047 0.747720 0.588738 0.768237 0.599073 0.757599 0.599430 0.700608 0.589808 0.637538 0.584105 0.580547 0.582324 0.529635 0.578047 0.495441 0.569138 0.487082 0.562010 0.484043
0 0.574127 0.477964 0.571989 0.497720 0.575196 0.528116 0.582680 0.544833 0.590520 0.616261 0.598004 0.682371 0.604063 0.725684 0.613329 0.751520 0.625445 0.756079 0.630435 0.717325 0.615467 0.593465 0.614754 0.544833 0.612259 0.519757 0.604063 0.480243 0.594440 0.474924
0 0.655025 0.484802 0.660727 0.537994 0.671418 0.578267 0.677477 0.624620 0.701354 0.677812 0.713471 0.696809 0.728795 0.699848 0.745545 0.683131 0.751960 0.654255 0.749109 0.621581 0.736992 0.593465 0.716679 0.543313 0.710620 0.510638 0.705987 0.468845 0.698860 0.449848 0.687099 0.444529 0.677833 0.449088 0.664291 0.464286
0 0.697790 0.428571 0.695296 0.456687 0.714540 0.504559 0.731290 0.545593 0.775125 0.626140 0.798289 0.604103 0.804704 0.563070 0.791518 0.515957 0.765502 0.472644 0.754811 0.444529 0.743051 0.388298 0.723093 0.396657 0.713115 0.417933
0 0.488596 0.514438 0.481825 0.532675 0.481825 0.647416 0.479330 0.690729 0.482894 0.734802 0.490021 0.750760 0.500356 0.737842 0.496080 0.567629 0.498574 0.533435 0.495723 0.512918
0 0.466144 0.505319 0.465788 0.541033 0.465788 0.616261 0.462580 0.658815 0.465075 0.702888 0.465075 0.740881 0.472202 0.765198 0.481468 0.753040 0.482894 0.708207 0.481825 0.578267 0.484319 0.525836 0.484319 0.510638 0.478261 0.504559
0 0.441197 0.528116 0.437277 0.598024 0.437277 0.670213 0.431932 0.710486 0.430506 0.766717 0.444761 0.785714 0.457591 0.759119 0.462580 0.645137 0.466500 0.517477 0.460442 0.484802 0.452245 0.487082 0.446187 0.505319
0 0.433713 0.491641 0.426942 0.500000 0.420884 0.515198 0.417320 0.550152 0.416251 0.619301 0.411618 0.674012 0.403065 0.730243 0.401639 0.758359 0.406985 0.786474 0.424448 0.787994 0.431932 0.736322 0.437990 0.656535 0.446900 0.556231 0.451532 0.527356 0.448681 0.512158
0 0.402708 0.490122 0.397363 0.489362 0.393799 0.509878 0.392373 0.588146 0.386671 0.658815 0.380257 0.713526 0.382038 0.742401 0.390948 0.750000 0.409123 0.712006 0.421240 0.576748 0.426942 0.531155 0.431932 0.497720 0.427299 0.484043 0.418746 0.479483 0.411618 0.485562
0 0.368852 0.474164 0.366001 0.477204 0.360656 0.493921 0.356379 0.538754 0.343193 0.597264 0.329651 0.667933 0.329651 0.728723 0.350677 0.762158 0.372060 0.710486 0.384533 0.657295 0.395937 0.593465 0.403065 0.515957 0.406629 0.483283 0.400570 0.477964 0.389522 0.472644
0 0.309694 0.477964 0.306486 0.518997 0.302566 0.573708 0.280827 0.637538 0.275125 0.666413 0.282252 0.713526 0.303991 0.721884 0.326800 0.689970 0.341411 0.623860 0.355666 0.551672 0.361725 0.490881 0.360299 0.465046 0.343193 0.464286 0.326443 0.471125
0 0.278689 0.420973 0.267641 0.433131 0.258375 0.472644 0.250178 0.503040 0.228439 0.528875 0.211333 0.555471 0.207769 0.610182 0.220242 0.644377 0.250535 0.641337 0.291162 0.558511 0.296507 0.533435 0.317890 0.498480 0.325018 0.462006 0.306130 0.450608 0.298646 0.436930 0.289736 0.426292
