0 0.461844 0.308511 0.456058 0.344985 0.445208 0.429331 0.447378 0.501520 0.450271 0.522036 0.474864 0.525836 0.482459 0.515957 0.482459 0.476444 0.482459 0.423252 0.487523 0.344985 0.489331 0.303951 0.478481 0.283435
0 0.412297 0.285714 0.418083 0.336626 0.420976 0.435410 0.420976 0.509878 0.445208 0.531915 0.450271 0.487082 0.442315 0.435410 0.442315 0.370061 0.441591 0.318389 0.425678 0.281915
0 0.390597 0.285714 0.388788 0.310030 0.384810 0.349544 0.381917 0.429331 0.383725 0.496960 0.394575 0.531915 0.405425 0.530395 0.413020 0.501520 0.415190 0.446049 0.415913 0.363982 0.415913 0.308511 0.400362 0.253040
0 0.364195 0.289514 0.350452 0.312310 0.353345 0.388298 0.354430 0.458207 0.362387 0.519757 0.380832 0.525836 0.380832 0.455927 0.375045 0.365502 0.376130 0.302432 0.372152 0.277356
0 0.341772 0.283435 0.334901 0.300152 0.329114 0.326748 0.326944 0.370061 0.326944 0.439970 0.326944 0.490881 0.339964 0.537994 0.354430 0.531915 0.349729 0.447568 0.349729 0.379939 0.353345 0.303951
0 0.320434 0.281915 0.308499 0.281915 0.301627 0.281915 0.290778 0.283435 0.287161 0.306231 0.283183 0.332827 0.283183 0.361702 0.283183 0.390578 0.286076 0.433891 0.287161 0.528116 0.296926 0.546353 0.317179 0.548632 0.332007 0.534195 0.333816 0.495441 0.328029 0.441489 0.326944 0.388298 0.317179 0.338906 0.314286 0.303951
0 0.277396 0.262918 0.268354 0.277356 0.260759 0.285714 0.255696 0.310030 0.251718 0.344985 0.250995 0.386018 0.245931 0.441489 0.245931 0.482523 0.237975 0.522036 0.259675 0.546353 0.274141 0.546353 0.284268 0.534195 0.284268 0.487082 0.284268 0.394377 0.281013 0.332827
0 0.229295 0.287994 0.218445 0.300152 0.214828 0.329027 0.214828 0.355623 0.209765 0.417173 0.201085 0.468085 0.193128 0.496960 0.198192 0.523556 0.226401 0.534195 0.237251 0.525836 0.240145 0.478723 0.245931 0.435410 0.251718 0.382219 0.251718 0.336626 0.241953 0.302432
0 0.501989 0.279635 0.497288 0.308511 0.487523 0.370061 0.483544 0.423252 0.481374 0.478723 0.482459 0.523556 0.516817 0.544073 0.518626 0.523556 0.521519 0.493161 0.523689 0.447568 0.522604 0.412614 0.528391 0.349544 0.525497 0.312310 0.522604 0.279635 0.519711 0.259119
0 0.543942 0.289514 0.535262 0.295593 0.529476 0.344985 0.527306 0.411094 0.524412 0.496960 0.528391 0.534195 0.543942 0.531915 0.547197 0.499240 0.547920 0.454407 0.555877 0.405015 0.557685 0.361702 0.556962 0.326748
0 0.572514 0.285714 0.566727 0.302432 0.562749 0.324468 0.551899 0.402736 0.552984 0.462006 0.555877 0.501520 0.564557 0.525836 0.580108 0.511398 0.585172 0.484802 0.585172 0.414894 0.586980 0.370061 0.593852 0.316109 0.593128 0.291793
0 0.610488 0.279635 0.604702 0.306231 0.598915 0.347264 0.586980 0.419453 0.583363 0.482523 0.598915 0.525836 0.609765 0.513678 0.613382 0.470365 0.614467 0.412614 0.625316 0.338906 0.635081 0.275076
0 0.643761 0.287994 0.632911 0.332827 0.628210 0.396657 0.623146 0.464286 0.620253 0.495441 0.624231 0.528116 0.635805 0.534195 0.639060 0.482523 0.649548 0.412614 0.659313 0.341185 0.655696 0.308511 0.654611 0.279635
0 0.677034 0.295593 0.663291 0.347264 0.657505 0.373860 0.650633 0.423252 0.642676 0.476444 0.640868 0.525836 0.652441 0.550912 0.689693 0.550912 0.692586 0.530395 0.689693 0.490881 0.684991 0.420973 0.691863 0.330547 0.691863 0.297872 0.687884 0.283435
0 0.717179 0.322948 0.709222 0.326748 0.703436 0.349544 0.699458 0.388298 0.693671 0.455927 0.691863 0.523556 0.717179 0.554711 0.725859 0.534195 0.733816 0.515957 0.740687 0.493161 0.735624 0.443769 0.732731 0.392097 0.732731 0.353343 0.731646 0.324468
0 0.733816 0.291793 0.733816 0.329027 0.733816 0.396657 0.732731 0.443769 0.742495 0.523556 0.759132 0.528116 0.772875 0.503040 0.780470 0.455927 0.769982 0.394377 0.766004 0.324468 0.756239 0.285714
0 0.507052 0.765957 0.501989 0.688450 0.494394 0.601824 0.496203 0.556991 0.513924 0.548632 0.522604 0.560790 0.524412 0.628419 0.524412 0.686170 0.529476 0.770517 0.517541 0.788754
0 0.535262 0.780395 0.529476 0.751520 0.522604 0.671733 0.516817 0.606383 0.519711 0.560790 0.529476 0.537994 0.543942 0.558511 0.546112 0.616261 0.549005 0.682371 0.553707 0.758359 0.552984 0.784954
0 0.568535 0.794833 0.568535 0.792553 0.558770 0.729483 0.557685 0.688450 0.554792 0.610182 0.550814 0.560790 0.558770 0.542553 0.572514 0.560790 0.579385 0.612462 0.578300 0.689970 0.579385 0.759878 0.582278 0.799392
0 0.594937 0.809271 0.589873 0.791033 0.582278 0.727204 0.580108 0.651216 0.578300 0.581307 0.582278 0.550912 0.596022 0.544073 0.607595 0.571429 0.603617 0.620061 0.602893 0.680091 0.605787 0.737842 0.616275 0.811550 0.606510 0.838146
0 0.635805 0.832067 0.608680 0.743921 0.603617 0.683891 0.601808 0.626900 0.600723 0.560790 0.609765 0.536474 0.628210 0.550912 0.641953 0.585866 0.637975 0.639058 0.640868 0.698328 0.640868 0.756079 0.643761 0.799392
0 0.721881 0.791033 0.716094 0.780395 0.703436 0.745441 0.686799 0.683891 0.674141 0.639058 0.662206 0.601824 0.660398 0.571429 0.673056 0.548632 0.689693 0.544073 0.710307 0.558511 0.721881 0.595745 0.728752 0.634498 0.736709 0.688450 0.743580 0.731003 0.741410 0.774316
0 0.764195 0.747720 0.759132 0.733283 0.749367 0.704407 0.732731 0.653495 0.716094 0.606383 0.716094 0.583587 0.725859 0.548632 0.740687 0.537994 0.756239 0.566869 0.767812 0.626900 0.788427 0.674012 0.794213 0.702888 0.775769 0.751520
0 0.487523 0.778875 0.483544 0.735562 0.474864 0.683891 0.472694 0.647416 0.472694 0.564590 0.493309 0.554711 0.496203 0.607903 0.501266 0.745441 0.504882 0.803191
0 0.468716 0.803191 0.469801 0.784954 0.469801 0.737842 0.469801 0.663374 0.469801 0.607903 0.469801 0.558511 0.457143 0.544073 0.454250 0.569149 0.452080 0.599544 0.451356 0.653495 0.456058 0.741641 0.462929 0.786474
0 0.439421 0.823708 0.442315 0.797112 0.446293 0.716565 0.448463 0.648936 0.450271 0.585866 0.444485 0.544073 0.432550 0.544073 0.426763 0.575228 0.418807 0.616261 0.418083 0.686170 0.422061 0.753799 0.427848 0.805471 0.432550 0.840426
0 0.406148 0.819909 0.403255 0.805471 0.409042 0.768237 0.415913 0.731003 0.423870 0.651216 0.423870 0.585866 0.416998 0.548632 0.404340 0.548632 0.398553 0.569149 0.393490 0.591945 0.391682 0.647416 0.393490 0.694529 0.394575 0.741641 0.397468 0.794833
0 0.385895 0.827508 0.382640 0.799392 0.387703 0.764438 0.392767 0.700608 0.394575 0.616261 0.388788 0.563070 0.369982 0.560790 0.362387 0.581307 0.362387 0.642857 0.367089 0.700608 0.369259 0.743921 0.369259 0.780395 0.376130 0.821429
0 0.334901 0.829787 0.341772 0.806991 0.351537 0.733283 0.360217 0.651216 0.365280 0.593465 0.352622 0.564590 0.332007 0.564590 0.326221 0.569149 0.319349 0.583587 0.314286 0.618541 0.314286 0.663374 0.311392 0.716565 0.309584 0.770517 0.307414 0.800912 0.319349 0.832067
0 0.272333 0.799392 0.280289 0.774316 0.296926 0.723404 0.312477 0.669453 0.316456 0.622340 0.316456 0.572948 0.297649 0.554711 0.277396 0.556991 0.260759 0.577508 0.257866 0.620061 0.257866 0.665653 0.253888 0.715046 0.251718 0.747720 0.254611 0.794833
0 0.225316 0.741641 0.236166 0.735562 0.244123 0.706687 0.249910 0.648936 0.260759 0.591945 0.260759 0.550912 0.237975 0.542553 0.220615 0.537994 0.201808 0.550912 0.201085 0.604103 0.205063 0.667933 0.205787 0.731003
