0 0.479931 0.249240 0.479239 0.292553 0.476125 0.335866 0.473010 0.379179 0.470242 0.424772 0.470242 0.453647 0.476125 0.477204 0.487889 0.474924 0.493080 0.449088 0.493080 0.418693 0.493080 0.381459 0.493080 0.314590 0.493080 0.264438
0 0.473702 0.286474 0.463668 0.285714 0.459862 0.302432 0.459516 0.317629 0.459516 0.343465 0.458478 0.365502 0.457093 0.392857 0.455709 0.413374 0.455363 0.428571 0.454671 0.447568 0.455363 0.465046 0.459862 0.468845 0.462630 0.462766 0.464360 0.449848 0.466436 0.428571 0.468512 0.410334 0.469896 0.389058 0.471280 0.370821 0.474048 0.347264 0.474740 0.328267 0.474740 0.310030
0 0.442215 0.268237 0.440138 0.280395 0.437716 0.304711 0.435294 0.322188 0.431834 0.350304 0.430796 0.370821 0.429758 0.395897 0.429758 0.419453 0.429758 0.442249 0.430796 0.465046 0.433218 0.475684 0.438062 0.481763 0.444983 0.477964 0.447059 0.465805 0.447751 0.456687 0.448789 0.445289 0.449135 0.432371 0.450173 0.417173 0.451557 0.401216 0.453287 0.378419 0.454671 0.353343 0.455363 0.334347 0.455363 0.311550 0.454671 0.300912 0.452595 0.289514 0.450173 0.276596 0.448789 0.267477
0 0.415225 0.274316 0.414533 0.289514 0.412457 0.316109 0.410381 0.340426 0.410381 0.355623 0.410381 0.378419 0.408997 0.405015 0.408304 0.432371 0.410035 0.455927 0.413841 0.474924 0.422491 0.471125 0.429066 0.453647 0.430796 0.426292 0.430796 0.396657 0.432180 0.273556
0 0.368512 0.268997 0.370934 0.285714 0.371626 0.307751 0.370934 0.334347 0.368858 0.352584 0.365398 0.375380 0.364360 0.405015 0.364014 0.434650 0.368512 0.450608 0.378547 0.455927 0.385121 0.455927 0.391696 0.455927 0.396194 0.444529 0.397924 0.432371 0.399308 0.414134 0.400346 0.395897 0.401384 0.375380 0.403114 0.348024 0.403460 0.325988 0.404498 0.303951 0.405882 0.273556 0.404152 0.261398 0.379931 0.256839
0 0.316263 0.211246 0.316263 0.234802 0.314879 0.250000 0.312803 0.280395 0.310035 0.300912 0.307612 0.316109 0.304498 0.344225 0.303806 0.361702 0.304844 0.378419 0.310727 0.392857 0.317647 0.399696 0.325260 0.404255 0.335640 0.405015 0.345329 0.401216 0.344983 0.380699 0.343599 0.359422 0.342215 0.329027 0.340830 0.302432 0.339792 0.255319 0.339100 0.224924 0.338408 0.201368 0.322491 0.198328 0.318339 0.198328
0 0.499654 0.256079 0.504498 0.313070 0.505536 0.336626 0.500692 0.370061 0.499654 0.420973 0.497578 0.454407 0.499654 0.484043 0.512111 0.484043 0.520761 0.467325 0.520761 0.420973 0.519723 0.374620 0.519031 0.334347 0.519031 0.281155 0.514879 0.262158
0 0.522837 0.262158 0.523529 0.287994 0.523529 0.344985 0.523529 0.384498 0.523529 0.418693 0.523529 0.452128 0.531488 0.479483 0.540830 0.475684 0.544983 0.448328 0.545675 0.399696 0.540830 0.353343 0.540138 0.304711 0.540138 0.270517
0 0.554325 0.272796 0.548789 0.306991 0.544983 0.348784 0.544983 0.401976 0.544983 0.435410 0.546713 0.471125 0.555363 0.494681 0.566090 0.490122 0.566782 0.456687 0.567820 0.418693 0.569896 0.372340 0.570934 0.315350 0.570934 0.264438
0 0.574740 0.277356 0.571626 0.317629 0.568858 0.353343 0.566782 0.393617 0.566782 0.439970 0.566090 0.469605 0.571626 0.490122 0.582353 0.494681 0.589965 0.479483 0.589965 0.446049 0.588235 0.405775 0.588235 0.334347 0.588235 0.264438 0.579585 0.256079
0 0.591003 0.260638 0.591003 0.306991 0.591003 0.353343 0.591003 0.386778 0.591003 0.410334 0.589965 0.452128 0.592042 0.484043 0.614187 0.475684 0.619723 0.450608 0.615917 0.414134 0.610035 0.378419 0.607266 0.346505 0.606228 0.310790 0.606228 0.268997
0 0.617993 0.262158 0.617993 0.291793 0.615917 0.336626 0.614187 0.363982 0.613149 0.412614 0.612111 0.435410 0.615917 0.465046 0.627336 0.481763 0.640138 0.477964 0.649481 0.469605 0.655363 0.439970 0.650519 0.393617 0.647751 0.355623 0.644637 0.287994 0.642907 0.237082
0 0.666090 0.239362 0.657439 0.294073 0.655363 0.325988 0.653287 0.346505 0.652595 0.376140 0.649481 0.448328 0.670588 0.452128 0.683391 0.448328 0.687889 0.435410 0.692042 0.420973 0.688927 0.376140 0.687889 0.283435 0.692734 0.226444
0 0.507266 0.646657 0.504498 0.606383 0.501730 0.564590 0.500692 0.530395 0.500692 0.500760 0.514879 0.496960 0.514879 0.530395 0.517993 0.557751 0.517993 0.593465 0.517993 0.629939 0.517993 0.663374 0.514879 0.686930
0 0.538062 0.686930 0.538062 0.661094 0.537024 0.612462 0.535294 0.568389 0.535294 0.534954 0.536332 0.492401 0.527682 0.481763 0.517993 0.484043 0.514879 0.505319 0.516955 0.543313 0.519031 0.576748 0.519723 0.619301 0.519723 0.659574 0.520761 0.688450
0 0.561246 0.701368 0.560208 0.676292 0.560208 0.636018 0.562284 0.583587 0.562284 0.543313 0.562284 0.513678 0.557439 0.494681 0.546713 0.492401 0.540830 0.505319 0.539100 0.534954 0.539100 0.564590 0.540138 0.612462 0.540830 0.648936 0.541869 0.676292 0.542907 0.712006 0.555363 0.728723
0 0.592042 0.714286 0.589965 0.674012 0.589965 0.648936 0.593772 0.606383 0.594810 0.579027 0.589965 0.534954 0.582353 0.505319 0.570934 0.498480 0.561246 0.505319 0.562284 0.530395 0.571626 0.557751 0.576471 0.598024 0.576471 0.617021 0.579585 0.642097 0.581315 0.669453 0.581315 0.724924
0 0.623529 0.718085 0.621799 0.682371 0.615917 0.627660 0.614187 0.576748 0.614187 0.534954 0.609343 0.505319 0.597578 0.488602 0.580277 0.500760 0.588235 0.538754 0.593772 0.568389 0.595848 0.610942 0.599654 0.648936 0.604498 0.697568
0 0.676471 0.661094 0.670588 0.642097 0.664014 0.610942 0.661246 0.583587 0.655363 0.547112 0.651557 0.522036 0.648789 0.494681 0.633218 0.479483 0.616955 0.481763 0.609343 0.494681 0.607266 0.522036 0.614879 0.555471 0.625606 0.585106 0.628374 0.623100 0.632180 0.644377 0.640138 0.678571 0.647751 0.688450
0 0.726644 0.631459 0.721799 0.606383 0.709343 0.574468 0.703460 0.551672 0.698616 0.528116 0.687889 0.471125 0.676471 0.452128 0.667820 0.454407 0.655363 0.467325 0.649481 0.481763 0.658131 0.526596 0.665052 0.553951 0.669896 0.583587 0.678547 0.623100 0.693772 0.648936 0.707266 0.648936
0 0.494810 0.652736 0.493080 0.608663 0.493080 0.562310 0.493080 0.511398 0.478547 0.503040 0.476471 0.522036 0.476471 0.538754 0.476471 0.551672 0.476471 0.576748 0.477509 0.600304 0.477509 0.623100 0.480277 0.648936 0.480277 0.655015 0.483391 0.680091 0.492042 0.686930 0.498616 0.682371
0 0.465052 0.690729 0.470934 0.652736 0.470934 0.621581 0.470934 0.587386 0.472664 0.553951 0.473702 0.517477 0.473702 0.494681 0.459170 0.488602 0.451557 0.505319 0.453633 0.526596 0.454325 0.551672 0.456401 0.579027 0.458478 0.608663 0.458478 0.648936
0 0.446713 0.716565 0.450519 0.701368 0.456401 0.652736 0.456401 0.612462 0.456401 0.572948 0.455363 0.528116 0.448789 0.490122 0.438062 0.492401 0.433218 0.513678 0.437024 0.564590 0.437024 0.602584 0.437024 0.621581 0.437024 0.650456 0.437024 0.680091
0 0.425606 0.718085 0.434256 0.688450 0.437024 0.659574 0.440138 0.625380 0.440138 0.600304 0.440138 0.564590 0.438062 0.530395 0.438062 0.509119 0.436332 0.488602 0.426644 0.490122 0.419031 0.507599 0.417993 0.530395 0.417993 0.553951 0.417993 0.572948 0.417993 0.606383 0.419031 0.650456 0.419031 0.690729
0 0.412111 0.703647 0.416955 0.680091 0.419031 0.650456 0.419031 0.619301 0.420761 0.566109 0.423875 0.522036 0.422837 0.490122 0.411073 0.477964 0.395848 0.492401 0.393772 0.517477 0.396886 0.560030 0.397924 0.612462 0.397924 0.655015 0.397924 0.686930
0 0.348789 0.667933 0.354671 0.621581 0.357439 0.570669 0.358478 0.541033 0.361246 0.509119 0.364014 0.477964 0.370934 0.460486 0.396886 0.471125 0.403460 0.494681 0.399654 0.522036 0.393080 0.543313 0.387197 0.562310 0.382353 0.595745 0.379585 0.612462 0.373702 0.638298 0.370934 0.652736 0.366090 0.676292
0 0.331488 0.631459 0.338062 0.614742 0.342907 0.598024 0.352595 0.576748 0.358478 0.549392 0.365052 0.522036 0.370934 0.490122 0.374740 0.467325 0.368858 0.443769 0.356401 0.435410 0.347751 0.422492 0.339100 0.422492 0.330450 0.439970 0.324567 0.469605 0.319031 0.509119 0.309343 0.547112 0.299654 0.579027 0.298616 0.600304 0.312111 0.621581
0 0.271972 0.593465 0.284429 0.574468 0.302768 0.557751 0.313149 0.522036 0.323875 0.481763 0.330450 0.456687 0.339100 0.437690 0.333218 0.414134 0.321799 0.408055 0.311419 0.399696 0.302768 0.389058 0.289273 0.391337 0.281315 0.416413 0.274740 0.443769 0.263322 0.467325 0.253633 0.484043 0.241176 0.513678 0.240138 0.532675 0.246713 0.557751 0.253633 0.576748
