0 0.494547 0.513678 0.493524 0.243921 0.464554 0.256839 0.463531 0.417933 0.460464 0.506839
0 0.460464 0.502280 0.464554 0.413374 0.464554 0.248480 0.441036 0.263678 0.440014 0.498480
0 0.440014 0.500760 0.438991 0.213526 0.412747 0.215805 0.415815 0.298632 0.411725 0.487082
0 0.411725 0.484802 0.426380 0.424012 0.422631 0.215805 0.395365 0.218085 0.395365 0.344225 0.380709 0.465805
0 0.365031 0.287234 0.383776 0.437690 0.380709 0.469605 0.330948 0.456687 0.337764 0.248480 0.366053 0.246201
0 0.331970 0.240122 0.334015 0.454407 0.280504 0.441489 0.298909 0.228723
0 0.493524 0.240122 0.497614 0.513678 0.529652 0.506839 0.522836 0.235562
0 0.524881 0.237842 0.530675 0.506839 0.554192 0.489362 0.557941 0.207447
0 0.554874 0.491641 0.558964 0.202888 0.595774 0.211246 0.593047 0.332827 0.585208 0.468085
0 0.592025 0.483283 0.580436 0.452888 0.595774 0.202888 0.617246 0.218085 0.613497 0.463526
0 0.612474 0.461246 0.617246 0.220365 0.642808 0.233283 0.638718 0.454407
0 0.639741 0.454407 0.643490 0.215805 0.677573 0.240122 0.687457 0.448328
0 0.686435 0.443769 0.678596 0.374620 0.679618 0.241641 0.710975 0.240122 0.726312 0.420213
0 0.740968 0.435410 0.728357 0.420213 0.706885 0.240122 0.743013 0.215805 0.775051 0.385258
0 0.480913 0.517477 0.477164 0.769757 0.504431 0.769757 0.503408 0.517477
0 0.502386 0.515957 0.504431 0.762918 0.537491 0.760638 0.533742 0.607143 0.517042 0.513678
0 0.519087 0.517477 0.530675 0.620061 0.537491 0.762918 0.557941 0.758359 0.555896 0.621581 0.545331 0.502280
0 0.544308 0.500760 0.555896 0.630699 0.561009 0.756839 0.601909 0.747720 0.578391 0.559271 0.566803 0.484802
0 0.567825 0.498480 0.582140 0.589666 0.597819 0.715046 0.624063 0.704407 0.613497 0.567629 0.591002 0.474164
0 0.592025 0.476444 0.613497 0.569909 0.628153 0.715046 0.648603 0.689210 0.637696 0.537234 0.623040 0.465805
0 0.621336 0.463526 0.639741 0.541793 0.648603 0.697568 0.694274 0.639058 0.677573 0.504559 0.675869 0.450608
0 0.674847 0.450608 0.675869 0.509119 0.712679 0.648176 0.755624 0.593465 0.729380 0.422492
0 0.481936 0.509119 0.479209 0.762918 0.454669 0.754559 0.460464 0.504559
0 0.457737 0.511398 0.453647 0.756839 0.426380 0.745441 0.438309 0.500760
0 0.444104 0.539514 0.416837 0.727964 0.397410 0.711246 0.417860 0.496201 0.441036 0.509119
0 0.423654 0.524316 0.408998 0.574468 0.393320 0.721884 0.369121 0.696049 0.384799 0.541793 0.394342 0.476444 0.423654 0.491641
0 0.398432 0.500760 0.382754 0.546353 0.360259 0.686930 0.321404 0.663374 0.336060 0.534954 0.342877 0.465805 0.373892 0.469605
0 0.352420 0.484802 0.338787 0.524316 0.298909 0.684650 0.266871 0.645897 0.284254 0.498480 0.295160 0.443769 0.339809 0.458967
0 0.292093 0.441489 0.261759 0.635258 0.222904 0.593465 0.237560 0.407295
