0 0.265673 0.437690 0.256862 0.473404 0.262284 0.497720 0.276855 0.505319 0.291427 0.519757 0.300915 0.511398 0.308709 0.497720 0.312436 0.429331 0.312775 0.380699 0.311759 0.347264 0.310064 0.314590 0.307353 0.287994 0.298882 0.281915 0.289055 0.285714 0.283294 0.316869 0.273128 0.394377
0 0.296849 0.458967 0.293460 0.475684 0.294138 0.520517 0.302270 0.528116 0.318875 0.546353 0.335479 0.532675 0.340901 0.507599 0.341918 0.473404 0.341240 0.438450 0.336496 0.326748 0.331074 0.316869 0.316164 0.315350 0.299898 0.337386 0.298204 0.356383 0.297865 0.370821 0.300576 0.433891
0 0.332769 0.477204 0.329719 0.542553 0.342596 0.563830 0.356828 0.559271 0.376483 0.557751 0.384954 0.522796 0.385632 0.502280 0.379193 0.466565 0.376483 0.436170 0.373772 0.376140 0.369366 0.341185 0.362928 0.322948 0.350390 0.323708 0.344629 0.366261
0 0.368350 0.472644 0.364622 0.519757 0.371400 0.544833 0.384277 0.550912 0.406642 0.542553 0.406642 0.501520 0.399864 0.396657 0.395798 0.345745 0.391393 0.318389 0.388682 0.300912 0.374788 0.300912 0.371400 0.354103
0 0.389698 0.452128 0.390715 0.475684 0.401559 0.512158 0.409692 0.536474 0.424602 0.513678 0.426296 0.485562 0.422230 0.439970 0.424263 0.397416 0.424602 0.372340 0.420874 0.341945 0.415452 0.304711 0.410369 0.294833 0.401220 0.302432 0.397831 0.382979
0 0.408675 0.466565 0.408675 0.514438 0.417824 0.542553 0.430701 0.538754 0.437818 0.500000 0.436123 0.435410 0.439851 0.401216 0.441884 0.359422 0.440529 0.312310 0.438157 0.302432 0.430024 0.294833 0.423246 0.304711 0.420874 0.347264
0 0.433751 0.472644 0.430701 0.513678 0.438157 0.537234 0.449339 0.537234 0.456117 0.530395 0.457472 0.483283 0.459844 0.446049 0.462555 0.403495 0.462555 0.378419 0.459166 0.335866 0.457472 0.325228 0.448323 0.329027 0.440529 0.376900
0 0.456794 0.483283 0.456117 0.522796 0.457811 0.534954 0.465266 0.537994 0.476110 0.537994 0.480854 0.534195 0.485937 0.525836 0.485937 0.481763 0.483904 0.456687 0.481532 0.390578 0.480176 0.341945 0.477465 0.319149 0.470349 0.306991 0.462555 0.310030 0.459844 0.330547
0 0.485259 0.484802 0.484920 0.525836 0.485259 0.534954 0.497797 0.539514 0.506947 0.539514 0.514741 0.530395 0.516435 0.511398 0.515757 0.455167 0.514402 0.414894 0.512708 0.351824 0.512369 0.335106 0.508980 0.313070 0.501186 0.308511 0.495086 0.318389 0.492037 0.351064
0 0.669265 0.459726 0.670281 0.493921 0.680447 0.526596 0.687564 0.525836 0.703490 0.514438 0.711962 0.505319 0.710268 0.456687 0.704846 0.413374 0.699424 0.373860 0.692308 0.323708 0.685530 0.319909 0.675703 0.334347 0.672653 0.370061 0.672992 0.426292
0 0.645544 0.488602 0.645544 0.530395 0.651305 0.557751 0.659776 0.560030 0.669942 0.559271 0.683836 0.537234 0.683836 0.502280 0.678753 0.447568 0.680786 0.420973 0.680786 0.404255 0.675703 0.367781 0.661132 0.357143 0.650966 0.397416
0 0.605557 0.501520 0.599119 0.521277 0.599797 0.549392 0.611318 0.575228 0.625551 0.566109 0.633006 0.573708 0.641816 0.566109 0.646222 0.540274 0.644188 0.495441 0.648255 0.420213 0.648255 0.389058 0.645205 0.370821 0.640461 0.356383 0.631989 0.352584 0.619451 0.371581 0.613690 0.411854 0.610302 0.452128
0 0.608946 0.392857 0.605896 0.420213 0.606235 0.452128 0.607930 0.483283 0.609963 0.496960 0.610302 0.522036 0.607930 0.535714 0.595391 0.544833 0.581159 0.540274 0.574720 0.520517 0.575059 0.496201 0.579465 0.468845 0.584886 0.439970 0.586920 0.409574 0.595391 0.356383 0.598102 0.343465 0.607591 0.330547 0.616401 0.324468 0.620468 0.342705 0.617418 0.373860
0 0.518468 0.477204 0.519146 0.525836 0.524568 0.538754 0.538800 0.536474 0.539817 0.489362 0.537784 0.361702 0.537106 0.344225 0.535073 0.325988 0.532023 0.320669 0.526262 0.317629 0.519146 0.344225
0 0.553033 0.467325 0.549983 0.494681 0.551000 0.522796 0.558116 0.536474 0.569976 0.536474 0.580820 0.522036 0.586242 0.502280 0.586242 0.468085 0.583192 0.455927 0.580142 0.433891 0.575059 0.395897 0.574043 0.354863 0.573365 0.337386 0.568282 0.323708 0.560149 0.318389 0.554049 0.331307 0.551339 0.365502
0 0.667570 0.563070 0.668926 0.588146 0.675703 0.617021 0.683836 0.626140 0.697730 0.665653 0.706201 0.690729 0.724161 0.702888 0.735344 0.688450 0.735005 0.648176 0.730261 0.620821 0.725178 0.586626 0.724161 0.560790 0.721789 0.544833 0.714673 0.519757 0.705862 0.518997 0.700779 0.523556 0.690613 0.532675
0 0.644866 0.589666 0.630973 0.584347 0.622501 0.584347 0.620129 0.589666 0.619112 0.607903 0.622501 0.624620 0.633345 0.646657 0.638428 0.670213 0.644866 0.693009 0.654693 0.716565 0.666893 0.729483 0.681464 0.736322 0.696035 0.726444 0.697730 0.688450 0.691291 0.657295 0.679431 0.617021 0.676381 0.604103 0.675703 0.583587 0.670959 0.564590 0.661810 0.560030 0.648933 0.566109
0 0.576415 0.562310 0.571332 0.582067 0.574382 0.604863 0.579803 0.623100 0.582176 0.652736 0.586920 0.742401 0.590986 0.761398 0.594714 0.768997 0.602169 0.768997 0.606574 0.749240 0.606574 0.711246 0.606235 0.626900 0.609963 0.607903 0.611657 0.588906 0.609963 0.571429 0.604202 0.559271 0.593358 0.550912 0.585225 0.554711 0.581498 0.562310
0 0.557099 0.560790 0.548628 0.577508 0.549983 0.599544 0.553372 0.617021 0.555066 0.646657 0.558116 0.696809 0.562182 0.739362 0.564893 0.760638 0.574382 0.768237 0.581159 0.733283 0.581159 0.658815 0.581837 0.629939 0.584548 0.605623 0.585225 0.582827 0.584886 0.570669 0.579126 0.563070 0.572009 0.560790 0.564554 0.554711
0 0.532701 0.561550 0.528634 0.593465 0.528295 0.629939 0.528295 0.687690 0.530668 0.745441 0.533379 0.780395 0.543206 0.792553 0.550322 0.784954 0.552355 0.767477 0.552016 0.731003 0.555405 0.693009 0.556760 0.647416 0.557438 0.606383 0.557438 0.565350 0.547950 0.555471 0.540156 0.550912
0 0.507625 0.555471 0.506947 0.595745 0.507286 0.621581 0.508302 0.721884 0.513385 0.752280 0.523890 0.756839 0.528295 0.734043 0.526601 0.658055 0.529312 0.586626 0.531684 0.566109 0.530329 0.556991
0 0.487631 0.560030 0.484581 0.584347 0.487970 0.642857 0.490342 0.686170 0.490342 0.712766 0.494070 0.731003 0.501864 0.739362 0.504914 0.731003 0.507625 0.692249 0.507286 0.591945 0.506608 0.556991 0.497797 0.556991
0 0.464249 0.559271 0.464927 0.585106 0.464927 0.620061 0.467977 0.653495 0.469671 0.686170 0.471366 0.713526 0.475432 0.741641 0.484920 0.743921 0.490342 0.713526 0.486615 0.623100 0.485937 0.579787 0.486954 0.559271
0 0.442562 0.556991 0.441545 0.566869 0.441884 0.590426 0.443917 0.613982 0.448323 0.676292 0.453744 0.736322 0.460861 0.751520 0.467977 0.751520 0.469671 0.724164 0.469671 0.685410 0.466621 0.637538 0.465944 0.607903 0.465605 0.566109 0.464927 0.556991
0 0.420535 0.570669 0.416808 0.585106 0.415452 0.610942 0.417147 0.658055 0.421552 0.698328 0.425280 0.731763 0.434768 0.777356 0.447984 0.772036 0.452728 0.755319 0.451711 0.712006 0.447984 0.636018 0.443917 0.589666 0.438157 0.567629 0.424263 0.562310
0 0.403253 0.570669 0.398170 0.585106 0.394781 0.612462 0.394781 0.636018 0.400203 0.671733 0.400542 0.715046 0.398170 0.756079 0.398509 0.775076 0.407658 0.797872 0.417824 0.761398 0.424263 0.639058 0.427991 0.619301 0.427991 0.598024 0.425280 0.570669 0.418163 0.565350 0.411047 0.556991
0 0.380549 0.560790 0.371400 0.572948 0.369705 0.593465 0.369027 0.620061 0.369027 0.658815 0.369027 0.714286 0.368689 0.741641 0.372077 0.768237 0.384277 0.775076 0.393087 0.750760 0.399526 0.698328 0.403592 0.642857 0.413080 0.607903 0.415114 0.577508 0.409692 0.560030 0.402914 0.565350 0.393765 0.550152
0 0.303626 0.560790 0.298204 0.594225 0.298204 0.610182 0.290071 0.645897 0.279227 0.687690 0.273128 0.712766 0.269400 0.738602 0.268045 0.757599 0.288377 0.758359 0.303287 0.747720 0.319553 0.725684 0.336496 0.678571 0.344629 0.650456 0.357506 0.604863 0.357167 0.573708 0.349712 0.566109 0.340224 0.568389 0.333446 0.550152 0.323280 0.550912 0.318197 0.545593
0 0.262623 0.517477 0.254829 0.529635 0.250085 0.549392 0.250085 0.583587 0.245002 0.619301 0.238563 0.649696 0.230430 0.682371 0.233480 0.703647 0.246357 0.716565 0.259912 0.708207 0.270417 0.688450 0.294815 0.639058 0.299221 0.605623 0.311759 0.573708 0.312775 0.541033 0.305320 0.525076 0.296849 0.522036 0.293799 0.524316 0.289055 0.509119 0.281938 0.519757 0.269739 0.510638 0.265673 0.512158
