0 0.461882 0.468085 0.461882 0.496201 0.468407 0.506079 0.482830 0.503040 0.496223 0.501520 0.496223 0.415653 0.490728 0.202888 0.465659 0.212006 0.467033 0.402736
0 0.442995 0.466565 0.439217 0.504559 0.444712 0.524316 0.474245 0.512918 0.467033 0.415653 0.457074 0.217325 0.428915 0.240122
0 0.418269 0.452128 0.426854 0.504559 0.432692 0.516717 0.444025 0.488602 0.446772 0.465046 0.448146 0.428571 0.446772 0.367781 0.432005 0.224164 0.412431 0.243921
0 0.401442 0.450608 0.402816 0.494681 0.416209 0.512918 0.423764 0.506839 0.429602 0.493161 0.444712 0.491641 0.445398 0.439970 0.421360 0.224164 0.385646 0.243921
0 0.384959 0.407295 0.379808 0.450608 0.379808 0.497720 0.388736 0.506839 0.401442 0.511398 0.413118 0.491641 0.416209 0.478723 0.416209 0.425532 0.403503 0.245441 0.383242 0.248480
0 0.355769 0.512918 0.345467 0.503040 0.346154 0.463526 0.346841 0.424012 0.345467 0.300152 0.389423 0.296353 0.396635 0.397416 0.396978 0.449848 0.396978 0.468085 0.396635 0.488602 0.372940 0.498480
0 0.316277 0.488602 0.339973 0.481763 0.348214 0.452128 0.351992 0.417173 0.351305 0.384498 0.345124 0.334347 0.328297 0.311550 0.304258 0.325988 0.297390 0.364742 0.303571 0.432371 0.306319 0.471884
0 0.500000 0.503040 0.506525 0.506839 0.530563 0.504559 0.536401 0.494681 0.534341 0.445289 0.533997 0.386018 0.525755 0.212006 0.498970 0.232523 0.494505 0.389058
0 0.531937 0.490122 0.536401 0.498480 0.552198 0.496201 0.566964 0.490122 0.566964 0.462006 0.551511 0.218845 0.535027 0.231763 0.533310 0.415653
0 0.555975 0.465046 0.565591 0.504559 0.578984 0.522796 0.589286 0.488602 0.589973 0.387538 0.583448 0.208967 0.556662 0.220365 0.555975 0.424012
0 0.575893 0.458207 0.584135 0.496201 0.592376 0.498480 0.599931 0.491641 0.603022 0.508359 0.614011 0.497720 0.616415 0.469605 0.608860 0.377660 0.596154 0.208967 0.570742 0.221884 0.573832 0.364742
0 0.603022 0.438450 0.608173 0.473404 0.621566 0.481763 0.629808 0.484802 0.639423 0.459726 0.634272 0.420213 0.615728 0.222644 0.593750 0.227204 0.598214 0.370821
0 0.681319 0.453647 0.673077 0.432371 0.672390 0.382219 0.675824 0.354103 0.679602 0.258359 0.740041 0.268237 0.717720 0.376140 0.717033 0.424012 0.711882 0.445289 0.702266 0.453647 0.688874 0.453647
0 0.490728 0.542553 0.507898 0.526596 0.515453 0.572188 0.528159 0.749240 0.515453 0.753799
0 0.512363 0.569149 0.510302 0.537994 0.537775 0.532675 0.540179 0.605623 0.546703 0.754559 0.528846 0.756079
0 0.540179 0.611702 0.536401 0.554711 0.540179 0.532675 0.546703 0.521277 0.564904 0.537994 0.568681 0.572188 0.586538 0.803951 0.572802 0.812310
0 0.574519 0.630699 0.564904 0.579027 0.560096 0.554711 0.568681 0.534195 0.578297 0.529635 0.590316 0.539514 0.594780 0.584347 0.610234 0.806991 0.584821 0.812310
0 0.601305 0.638298 0.594093 0.588906 0.588599 0.563830 0.595467 0.535714 0.609547 0.529635 0.621566 0.554711 0.626717 0.604103 0.638049 0.800152 0.622253 0.797112
0 0.628091 0.601824 0.621566 0.572188 0.613324 0.554711 0.611264 0.528116 0.613324 0.515957 0.631181 0.512918 0.641484 0.515957 0.656593 0.506079 0.671703 0.522796 0.675824 0.577508 0.679945 0.620061 0.705701 0.712766 0.675824 0.740881 0.642514 0.719605
0 0.673077 0.580547 0.667926 0.537994 0.660371 0.525836 0.657280 0.506079 0.657280 0.487842 0.662431 0.473404 0.678228 0.463526 0.692995 0.463526 0.708104 0.468085 0.715659 0.500000 0.717720 0.537994 0.741071 0.677812 0.727335 0.704407 0.697802 0.668693
0 0.721497 0.564590 0.718407 0.531155 0.711882 0.496201 0.710165 0.483283 0.713942 0.466565 0.722184 0.449848 0.737294 0.450608 0.750000 0.450608 0.760302 0.477964 0.761676 0.508359 0.778846 0.625380 0.752747 0.645137
0 0.470124 0.531155 0.494505 0.525836 0.498283 0.611702 0.504121 0.759119 0.493132 0.764438
0 0.452610 0.519757 0.476648 0.525836 0.487294 0.770517 0.468407 0.778875
0 0.432005 0.584347 0.431319 0.547872 0.448146 0.529635 0.451923 0.532675 0.461195 0.592705 0.463942 0.808511 0.439217 0.812310
0 0.415522 0.753799 0.407280 0.630699 0.405563 0.591945 0.401099 0.574468 0.405907 0.537994 0.414148 0.528116 0.433379 0.556231 0.434753 0.592705 0.435440 0.823708 0.418613 0.812310
0 0.376030 0.808511 0.376030 0.702888 0.378777 0.639818 0.372253 0.608663 0.374313 0.559271 0.381868 0.542553 0.395948 0.537994 0.404190 0.550912 0.407967 0.584347 0.405563 0.651976 0.402816 0.833587
0 0.313187 0.744681 0.336195 0.676292 0.346154 0.630699 0.357143 0.604103 0.364698 0.569149 0.364698 0.544833 0.360234 0.531155 0.350618 0.529635 0.339286 0.521277 0.332761 0.512918 0.320055 0.525836 0.315591 0.567629 0.273695 0.749240 0.301854 0.773556
