0 0.488145 0.397606 0.475593 0.517952 0.475593 0.582447 0.475593 0.604388 0.502789 0.602394 0.511506 0.599069 0.509763 0.543218 0.507671 0.493351 0.507671 0.452793 0.513598 0.397606
0 0.460251 0.404920 0.450488 0.486037 0.449442 0.547207 0.451534 0.608378 0.467922 0.604388 0.474895 0.552527 0.470711 0.497340 0.476639 0.399601
0 0.424338 0.404920 0.423291 0.488032 0.423291 0.551197 0.422594 0.585771 0.440725 0.599069 0.450488 0.567819 0.442817 0.508644 0.440028 0.445479 0.441771 0.395612
0 0.404114 0.406915 0.397141 0.493351 0.385635 0.556516 0.390516 0.573138 0.409693 0.597074 0.427127 0.554521 0.418410 0.493351 0.416667 0.426862 0.416667 0.393617
0 0.370990 0.412234 0.361576 0.490027 0.360530 0.541888 0.360530 0.571144 0.381799 0.571144 0.386681 0.537899 0.386681 0.497340 0.386681 0.436170 0.387727 0.397606
0 0.324616 0.418218 0.315900 0.466090 0.315900 0.523271 0.316946 0.567819 0.351813 0.569149 0.360530 0.534574 0.355649 0.484707 0.351813 0.421543 0.351813 0.406915
0 0.287657 0.412234 0.276151 0.509973 0.272315 0.545213 0.285914 0.559840 0.302301 0.559840 0.309275 0.561835 0.311018 0.517952 0.311018 0.451463 0.313110 0.421543 0.313110 0.406915
0 0.258717 0.406915 0.240237 0.484707 0.228731 0.523271 0.233612 0.541888 0.245119 0.549202 0.261506 0.558511 0.271269 0.537899 0.271269 0.482713 0.278940 0.426862 0.285914 0.402926
0 0.519177 0.401596 0.512552 0.495346 0.512552 0.567819 0.516388 0.599069 0.533821 0.599069 0.547420 0.593085 0.547420 0.530585 0.543584 0.480718 0.536611 0.418218 0.535914 0.392287
0 0.545328 0.414229 0.546374 0.511968 0.548466 0.585771 0.553347 0.602394 0.569735 0.597074 0.576360 0.578457 0.571478 0.534574 0.564854 0.478723 0.563808 0.423537 0.562762 0.402926
0 0.579498 0.418218 0.573570 0.502660 0.573570 0.545213 0.579498 0.591755 0.596932 0.591755 0.606346 0.558511 0.602510 0.523271 0.600767 0.449468 0.604603 0.412234
0 0.609484 0.416223 0.598675 0.468085 0.598675 0.511968 0.602510 0.571144 0.610181 0.584441 0.622036 0.584441 0.635635 0.575133 0.636332 0.525266 0.632497 0.501330 0.631799 0.430851 0.630753 0.410239
0 0.640516 0.425532 0.632497 0.488032 0.635635 0.537899 0.637378 0.563830 0.649930 0.580452 0.656904 0.580452 0.667364 0.552527 0.661785 0.515957 0.655858 0.468085 0.660739 0.410239 0.660739 0.386303 0.639470 0.388298
0 0.679219 0.402926 0.668410 0.484707 0.667364 0.573138 0.689679 0.576463 0.701534 0.571144 0.714086 0.558511 0.708159 0.506649 0.702232 0.486037 0.698396 0.428856 0.702232 0.390293
0 0.717922 0.410239 0.708159 0.509973 0.711994 0.565824 0.746862 0.552527 0.753835 0.515957 0.747908 0.480718 0.745119 0.418218 0.744073 0.392287 0.739191 0.364362 0.715830 0.373670
0 0.752789 0.362367 0.745119 0.430851 0.745816 0.499335 0.757671 0.519282 0.774059 0.526596 0.801953 0.502660 0.788703 0.469415 0.775105 0.416223 0.773013 0.355053
0 0.538703 0.794548 0.536611 0.746676 0.528940 0.678191 0.527894 0.641622 0.549163 0.642952 0.548466 0.676197 0.546374 0.730053 0.551255 0.775931 0.551255 0.813165
0 0.551255 0.646941 0.552301 0.720745 0.552301 0.755984 0.559972 0.817154 0.570781 0.809176 0.578452 0.753989 0.568689 0.684176 0.567643 0.637633
0 0.566597 0.684176 0.579498 0.757979 0.587169 0.809176 0.593794 0.857713 0.609484 0.827793 0.609484 0.779920 0.602510 0.708112 0.602510 0.682181 0.600767 0.668883 0.592050 0.630319 0.579498 0.621011 0.567643 0.658245
0 0.602510 0.637633 0.605649 0.711436 0.610181 0.753989 0.623780 0.794548 0.632497 0.796543 0.638424 0.785239 0.631799 0.739362 0.626918 0.698803 0.627615 0.656250 0.624826 0.626330
0 0.629707 0.626330 0.632497 0.685505 0.645049 0.700798 0.652022 0.748670 0.663529 0.768617 0.673291 0.785239 0.679916 0.785239 0.682008 0.739362 0.668410 0.704122 0.662483 0.672872 0.660739 0.642952 0.662483 0.615691 0.644351 0.617686
0 0.685844 0.630319 0.702232 0.685505 0.727685 0.720745 0.751743 0.737367 0.770223 0.734043 0.768131 0.704122 0.752789 0.665559 0.737099 0.639628 0.730474 0.591755 0.707113 0.602394
0 0.730474 0.587766 0.746862 0.639628 0.771967 0.661569 0.792538 0.684176 0.802999 0.685505 0.811715 0.682181 0.808926 0.652261 0.789400 0.634309 0.786611 0.597074 0.771967 0.561835 0.751743 0.569149
0 0.505579 0.658245 0.505579 0.694814 0.508717 0.728059 0.511506 0.792553 0.517434 0.817154 0.531032 0.811170 0.527894 0.759309 0.527894 0.706117 0.526151 0.648936
0 0.482566 0.646941 0.477685 0.685505 0.480474 0.711436 0.485356 0.746676 0.485356 0.781915 0.491283 0.817154 0.503835 0.809176 0.502789 0.755984 0.500000 0.717420 0.501743 0.691489 0.501743 0.646941
0 0.454324 0.646941 0.452580 0.696809 0.451534 0.759309 0.450488 0.817154 0.466179 0.813165 0.467922 0.779920 0.475593 0.698803 0.479428 0.635638 0.464086 0.635638
0 0.427127 0.639628 0.421548 0.682181 0.417713 0.732048 0.411785 0.800532 0.426430 0.792553 0.437936 0.767287 0.449442 0.698803 0.453278 0.630319
0 0.395397 0.615691 0.382845 0.722739 0.374128 0.801862 0.384589 0.805851 0.393305 0.779920 0.405160 0.711436 0.426430 0.626330
0 0.341004 0.606383 0.339261 0.665559 0.326709 0.730053 0.320781 0.777926 0.341004 0.775931 0.355649 0.775931 0.368201 0.748670 0.375872 0.692819 0.382845 0.658245 0.393305 0.621011 0.393305 0.599069 0.360530 0.611702
0 0.300558 0.584441 0.290795 0.621011 0.286960 0.656250 0.274407 0.691489 0.270223 0.722739 0.288703 0.750665 0.308229 0.711436 0.321827 0.685505 0.333333 0.641622 0.339958 0.628324 0.343096 0.591755
