0 0.466262 0.329027 0.463225 0.341945 0.455466 0.393617 0.454453 0.465046 0.459514 0.521277 0.479082 0.518997 0.497976 0.500760 0.485155 0.438450 0.480094 0.386778 0.483131 0.337386 0.481107 0.308511
0 0.438596 0.319909 0.435560 0.355623 0.432524 0.436170 0.432524 0.487082 0.443320 0.509878 0.455466 0.489362 0.452429 0.409574 0.460189 0.303951 0.452429 0.303951 0.440621 0.288754
0 0.411606 0.319909 0.408907 0.344225 0.402834 0.429331 0.398785 0.489362 0.417679 0.529635 0.431511 0.498480 0.428475 0.424772 0.426451 0.362462 0.425776 0.324468 0.419703 0.301672
0 0.380904 0.319909 0.381916 0.335866 0.377868 0.386778 0.375843 0.521277 0.400810 0.521277 0.412618 0.478723 0.415655 0.420213 0.410594 0.353343 0.404858 0.306231 0.393725 0.313070
0 0.367072 0.339666 0.364035 0.364742 0.364035 0.420213 0.362011 0.491641 0.372132 0.516717 0.382928 0.493921 0.387989 0.436170 0.383941 0.360182 0.380904 0.326748
0 0.344130 0.341945 0.335358 0.348784 0.329285 0.371581 0.330297 0.462766 0.331309 0.498480 0.350202 0.514438 0.360999 0.514438 0.366059 0.496201 0.363023 0.431611 0.359987 0.379939
0 0.306680 0.337386 0.292510 0.357903 0.286775 0.369301 0.292510 0.409574 0.286775 0.433891 0.285762 0.487082 0.292510 0.523556 0.301619 0.531915 0.316464 0.527356 0.325236 0.505319 0.325236 0.443009 0.329285 0.367021 0.328273 0.326748
0 0.270918 0.322188 0.267881 0.346505 0.267881 0.384498 0.267881 0.407295 0.266869 0.433891 0.262821 0.471884 0.262821 0.498480 0.280702 0.518997 0.288799 0.516717 0.294534 0.496201 0.294534 0.449088 0.290486 0.382219 0.290486 0.341945 0.287787 0.313070
0 0.509109 0.301672 0.498988 0.331307 0.493927 0.386778 0.495951 0.440729 0.495951 0.478723 0.516869 0.512158 0.523954 0.489362 0.523954 0.431611 0.523954 0.367021 0.528677 0.322188 0.521930 0.288754
0 0.534750 0.286474 0.523954 0.337386 0.522942 0.422492 0.529690 0.474164 0.533738 0.493921 0.541835 0.503040 0.544534 0.483283 0.543522 0.413374 0.546559 0.353343 0.545547 0.319909
0 0.552632 0.308511 0.551619 0.367021 0.548583 0.420213 0.560391 0.498480 0.573549 0.518997 0.578273 0.493921 0.580297 0.402736 0.580297 0.319909 0.576586 0.286474 0.566464 0.279635
0 0.581309 0.313070 0.577260 0.367021 0.574561 0.422492 0.577260 0.478723 0.581309 0.491641 0.588394 0.498480 0.594130 0.471884 0.600202 0.398176 0.603239 0.333587 0.604251 0.301672 0.600202 0.268237 0.594130 0.257599 0.583333 0.270517
0 0.606275 0.277356 0.599190 0.306231 0.594130 0.367021 0.594130 0.424772 0.596154 0.460486 0.598178 0.478723 0.608300 0.493921 0.615047 0.493921 0.621120 0.481003 0.622132 0.440729 0.622132 0.393617 0.622132 0.335866 0.624157 0.291033 0.622132 0.259878 0.615047 0.255319
0 0.674764 0.313070 0.670715 0.333587 0.664642 0.402736 0.660931 0.451368 0.656883 0.491641 0.656883 0.516717 0.673752 0.523556 0.689609 0.521277 0.692645 0.485562 0.694669 0.422492 0.696356 0.369301 0.702429 0.299392 0.701417 0.281915 0.685560 0.277356 0.676788 0.277356
0 0.710526 0.310790 0.705466 0.335866 0.698381 0.379939 0.695682 0.440729 0.695682 0.481003 0.700405 0.505319 0.716262 0.509878 0.722335 0.498480 0.725371 0.474164 0.726383 0.431611 0.726383 0.379939 0.726383 0.335866 0.728408 0.288754 0.725371 0.268237 0.712551 0.270517 0.710526 0.288754
0 0.510796 0.695289 0.509109 0.681611 0.508097 0.650456 0.504049 0.603343 0.496964 0.545593 0.500000 0.525076 0.513833 0.521277 0.516869 0.538754 0.515857 0.561550 0.515857 0.601824 0.516869 0.641337
0 0.536775 0.529635 0.525978 0.545593 0.519906 0.590426 0.518893 0.655015 0.514845 0.717325 0.521930 0.746960 0.529690 0.728723 0.536775 0.673252 0.538799 0.610182 0.538799 0.554711 0.538799 0.507599
0 0.571525 0.543313 0.558704 0.529635 0.551619 0.525076 0.542848 0.527356 0.535762 0.559271 0.534750 0.605623 0.540823 0.661854 0.541835 0.711246 0.553644 0.766717 0.560391 0.746960 0.570513 0.686170 0.562416 0.572188
0 0.587382 0.536474 0.581309 0.527356 0.569501 0.525076 0.565452 0.545593 0.565452 0.583587 0.565452 0.652736 0.568489 0.699848 0.577260 0.744681 0.584345 0.749240 0.591430 0.713526 0.590418 0.637538 0.589406 0.588146
0 0.603239 0.529635 0.614035 0.541033 0.616059 0.576748 0.615047 0.594985 0.612011 0.617021 0.612011 0.661854 0.613023 0.711246 0.610324 0.740122 0.597166 0.693009 0.585358 0.645897 0.585358 0.585866
0 0.613023 0.543313 0.621120 0.538754 0.633941 0.538754 0.651822 0.550152 0.665655 0.552432 0.668691 0.581307 0.659919 0.621581 0.656883 0.679331 0.660931 0.717325 0.655870 0.737842 0.637989 0.711246 0.628880 0.659574 0.617072 0.594985
0 0.681511 0.541033 0.674764 0.538754 0.665655 0.556991 0.662618 0.614742 0.674764 0.688450 0.683536 0.724164 0.693657 0.755319 0.699393 0.775836 0.705466 0.762158 0.714238 0.726444 0.717274 0.681611 0.713225 0.612462 0.707490 0.563830 0.692645 0.529635
0 0.741228 0.534195 0.722335 0.529635 0.713225 0.541033 0.711538 0.563830 0.714238 0.607903 0.723347 0.645897 0.734143 0.681611 0.744265 0.726444 0.752024 0.715805 0.757085 0.677812 0.757085 0.628419 0.750000 0.572188
0 0.496964 0.706687 0.493927 0.538754 0.492240 0.521277 0.482119 0.516717 0.481107 0.561550 0.479082 0.610182 0.478070 0.670973 0.481107 0.702128 0.490216 0.751520 0.495951 0.735562
0 0.461201 0.735562 0.460189 0.645897 0.459514 0.612462 0.459514 0.527356 0.476383 0.509878 0.479082 0.538754 0.477058 0.617021 0.478070 0.668693 0.481107 0.726444 0.483131 0.744681 0.480094 0.746960 0.473347 0.731003
0 0.463225 0.713526 0.459514 0.632979 0.453441 0.550152 0.449393 0.529635 0.437584 0.531915 0.429487 0.590426 0.436572 0.670973 0.441633 0.740122 0.450405 0.768997 0.459514 0.753799
0 0.423752 0.751520 0.424764 0.666413 0.425776 0.592705 0.426451 0.559271 0.418691 0.552432 0.405870 0.565350 0.404858 0.630699 0.410594 0.728723 0.412618 0.778116
0 0.393725 0.759878 0.396761 0.733283 0.406883 0.648176 0.404858 0.579027 0.404858 0.556991 0.387989 0.554711 0.377868 0.565350 0.379892 0.614742 0.379892 0.690729 0.379892 0.759878 0.382928 0.784954
0 0.358974 0.751520 0.365047 0.740122 0.375843 0.650456 0.379892 0.572188 0.375843 0.556991 0.355263 0.547872 0.340418 0.572188 0.338394 0.632979 0.332321 0.702128 0.332321 0.753799 0.345142 0.764438
0 0.288799 0.740122 0.285762 0.661854 0.295547 0.574468 0.306680 0.550152 0.327260 0.554711 0.332321 0.632979 0.326248 0.764438 0.313428 0.778116
0 0.280702 0.693009 0.284750 0.639818 0.293522 0.559271 0.289811 0.534195 0.272942 0.525076 0.257760 0.545593 0.252024 0.639818 0.242915 0.737842 0.254049 0.757599 0.271930 0.724164
