0 0.504881 0.579122 0.514993 0.592420 0.527894 0.595745 0.532078 0.595745 0.533473 0.565824 0.533473 0.533245 0.533473 0.513963 0.527197 0.319149 0.511855 0.323138 0.510460 0.447473 0.510112 0.481383 0.504881 0.513963 0.502441 0.536569
0 0.487796 0.567154 0.494770 0.576463 0.503487 0.574468 0.510112 0.567154 0.510460 0.537899 0.504881 0.323803 0.490934 0.326463 0.493375 0.437500 0.490934 0.470080 0.485356 0.542553
0 0.461994 0.535904 0.466876 0.553856 0.472455 0.568484 0.482915 0.558511 0.486402 0.547872 0.489191 0.524601 0.489191 0.475399 0.483961 0.297207 0.466876 0.307181 0.468968 0.412234 0.465132 0.454787 0.460600 0.500665
0 0.440377 0.527261 0.442817 0.543883 0.450488 0.549867 0.457462 0.545213 0.468271 0.549202 0.475244 0.519947 0.476987 0.490691 0.475941 0.447473 0.472106 0.295213 0.451185 0.298537 0.448396 0.350399 0.449791 0.418218 0.447350 0.458112 0.444212 0.489362 0.441074 0.515293
0 0.416667 0.533245 0.426430 0.558511 0.437587 0.549202 0.451185 0.540559 0.449093 0.502660 0.449093 0.471410 0.443515 0.329122 0.436541 0.307181 0.419456 0.333777 0.419456 0.391622 0.420153 0.438830 0.420153 0.472739 0.417364 0.507979
0 0.372385 0.519947 0.374826 0.541888 0.380056 0.555186 0.393305 0.552527 0.402720 0.562500 0.416318 0.553856 0.420502 0.535904 0.425035 0.513963 0.428870 0.498005 0.425732 0.475399 0.420153 0.437500 0.411785 0.301197 0.380753 0.320479 0.373780 0.344415 0.380056 0.398936 0.380753 0.442819 0.374477 0.482713 0.370642 0.507979
0 0.332636 0.527261 0.331939 0.515293 0.330544 0.489362 0.336123 0.462766 0.343794 0.447473 0.348326 0.416888 0.353556 0.367686 0.354603 0.333777 0.375523 0.355718 0.375523 0.416888 0.375523 0.450798 0.376220 0.476064 0.376220 0.515293 0.368550 0.546543 0.357392 0.542553 0.347629 0.536569
0 0.312064 0.425532 0.305788 0.407580 0.308926 0.376330 0.320432 0.354388 0.326709 0.347074 0.339958 0.353059 0.347629 0.361702 0.349024 0.412234 0.342748 0.432846 0.336820 0.435505
0 0.534170 0.595080 0.558229 0.591090 0.562762 0.573138 0.562064 0.553856 0.559972 0.518617 0.545328 0.310505 0.528940 0.313165 0.530335 0.453457 0.530335 0.486037 0.530335 0.540559 0.532078 0.571809
0 0.556834 0.562500 0.569038 0.577793 0.577057 0.568484 0.579847 0.551197 0.576709 0.496676 0.572176 0.291223 0.552301 0.303856 0.552999 0.344415 0.552999 0.449468 0.555091 0.494681 0.556834 0.530585
0 0.586123 0.589096 0.574616 0.569149 0.573222 0.557181 0.573919 0.529255 0.578452 0.477394 0.579847 0.289229 0.597978 0.304521 0.597978 0.413564 0.597978 0.448803 0.600767 0.499335 0.601813 0.536569 0.600767 0.574468
0 0.605649 0.575798 0.594142 0.555186 0.592399 0.533245 0.594142 0.518617 0.601813 0.493351 0.602510 0.471410 0.598675 0.435505 0.597629 0.367686 0.614714 0.380984 0.618898 0.460771 0.624128 0.494681 0.625523 0.518617 0.628661 0.546543 0.628661 0.565824 0.612622 0.569149 0.602510 0.559840
0 0.604951 0.468085 0.596234 0.453457 0.593794 0.435505 0.595537 0.407580 0.597978 0.394282 0.606346 0.379654 0.623431 0.314495 0.652022 0.323138 0.630404 0.392952 0.629010 0.418218 0.625872 0.449468 0.617852 0.469415
0 0.650628 0.564495 0.641911 0.565824 0.634240 0.557181 0.626569 0.546543 0.626569 0.524601 0.627964 0.452128 0.632497 0.344415 0.649582 0.337101 0.663529 0.349734 0.664575 0.394282 0.663877 0.434176 0.664575 0.464096 0.667364 0.488697 0.671548 0.557181 0.667713 0.565824 0.657601 0.565824
0 0.685495 0.553856 0.679219 0.551197 0.675384 0.536569 0.672245 0.524601 0.667713 0.499335 0.666667 0.474069 0.666667 0.435505 0.666667 0.401596 0.667364 0.357713 0.677476 0.337101 0.690028 0.337101 0.696304 0.376995 0.696304 0.419548 0.699442 0.458112 0.708508 0.466755 0.716527 0.482713 0.716527 0.502660 0.711646 0.531915 0.703975 0.543883 0.695607 0.547872
0 0.697001 0.431516 0.690725 0.414894 0.688285 0.396277 0.686890 0.372340 0.682357 0.349734 0.682357 0.342420 0.701534 0.339761 0.731869 0.369016 0.738145 0.390293 0.737448 0.414894 0.725593 0.431516 0.716527 0.432846
0 0.500349 0.623670 0.517434 0.630984 0.516388 0.680851 0.512552 0.713431 0.506974 0.769947 0.487796 0.865691 0.476987 0.853723 0.487796 0.803856 0.490237 0.763963 0.494073 0.722739 0.495467 0.689495 0.496165 0.645612
0 0.513947 0.655585 0.513947 0.633644 0.517434 0.620346 0.529637 0.617686 0.536611 0.619016 0.543584 0.633644 0.543584 0.655585 0.539749 0.688165 0.535216 0.732713 0.527197 0.784574 0.511158 0.869016 0.496165 0.861037 0.503487 0.813830 0.505579 0.775931 0.508020 0.743351
0 0.531032 0.735372 0.530335 0.696144 0.534170 0.652926 0.537308 0.642952 0.549861 0.639628 0.558926 0.660239 0.559972 0.692819 0.557531 0.728059 0.551953 0.757979 0.551953 0.788564 0.548815 0.887633 0.531381 0.882314 0.528243 0.849734 0.528940 0.803856 0.528940 0.763963 0.528940 0.722739
0 0.556137 0.769282 0.556137 0.748670 0.549861 0.722074 0.544979 0.697473 0.543584 0.682846 0.544282 0.664894 0.548815 0.652926 0.557531 0.636303 0.560669 0.628989 0.576709 0.642952 0.579149 0.672207 0.580893 0.691489 0.581590 0.731383 0.582985 0.771277 0.588563 0.869016 0.574616 0.875000 0.564505 0.849734 0.561367 0.815160
0 0.574616 0.731383 0.569038 0.704787 0.560669 0.682846 0.558229 0.656250 0.559972 0.645612 0.570781 0.636968 0.583682 0.633644 0.596234 0.632314 0.602510 0.649601 0.604951 0.678191 0.606346 0.707447 0.613319 0.778590 0.610181 0.837766 0.602510 0.867021 0.586820 0.849069 0.582985 0.807846 0.582287 0.787234 0.579149 0.761968
0 0.610181 0.719415 0.603905 0.694149 0.595537 0.660239 0.592399 0.640957 0.594142 0.626330 0.612622 0.623005 0.619596 0.621676 0.629010 0.616356 0.642957 0.619016 0.652022 0.628989 0.655858 0.672207 0.658996 0.688165 0.669805 0.718085 0.694561 0.784574 0.656555 0.834441 0.641911 0.813830 0.630404 0.782580 0.622036 0.754654 0.615063 0.738697
0 0.676081 0.706117 0.662831 0.680851 0.653766 0.661569 0.642608 0.625000 0.647490 0.602394 0.665969 0.589761 0.677824 0.589761 0.684798 0.580452 0.697001 0.585106 0.705718 0.608378 0.709205 0.625000 0.712343 0.651596 0.716527 0.672207 0.731869 0.706117 0.753487 0.781250 0.728731 0.795878 0.713389 0.794548 0.702580 0.783245 0.697699 0.769947 0.687587 0.740027 0.679219 0.716755
0 0.731172 0.689495 0.721060 0.674867 0.715481 0.655585 0.716179 0.636968 0.720014 0.623670 0.730474 0.616356 0.755230 0.615691 0.768828 0.630984 0.766039 0.666223 0.754881 0.697473 0.741283 0.697473
0 0.482218 0.615691 0.486053 0.613032 0.499303 0.615691 0.504881 0.623005 0.504184 0.663564 0.496513 0.713431 0.476290 0.868351 0.463738 0.871676 0.469317 0.806516 0.473849 0.778590 0.474547 0.750665 0.475244 0.712101 0.476987 0.670878 0.476987 0.625000
0 0.455021 0.660239 0.456067 0.638298 0.462343 0.617686 0.475941 0.616356 0.480126 0.686835 0.475244 0.729388 0.467573 0.790559 0.460600 0.852394 0.450488 0.864362 0.448047 0.825798 0.450488 0.789229 0.452232 0.747340 0.455021 0.679521
0 0.433403 0.706117 0.432008 0.692819 0.430265 0.652926 0.432008 0.627660 0.434100 0.620346 0.445258 0.621676 0.455021 0.639628 0.458508 0.655585 0.459902 0.680851 0.455370 0.722074 0.453626 0.784574 0.446653 0.824468 0.432008 0.863032 0.424338 0.824468 0.428870 0.790559 0.430614 0.760638 0.432706 0.728059
0 0.397141 0.765293 0.401674 0.728059 0.404114 0.689495 0.407950 0.660239 0.407252 0.633644 0.414923 0.609707 0.425035 0.607048 0.442817 0.613032 0.450488 0.636303 0.448047 0.663564 0.439679 0.697473 0.433403 0.714761 0.423640 0.750665 0.408647 0.822473 0.390865 0.840426 0.387727 0.809840
0 0.357741 0.807846 0.375523 0.784574 0.392608 0.720745 0.400976 0.690160 0.411785 0.667553 0.419456 0.644282 0.416667 0.615691 0.406555 0.611702 0.389470 0.609707 0.378312 0.599734 0.367503 0.611702 0.360530 0.639628 0.359833 0.680851 0.346932 0.712101 0.327406 0.769947 0.344491 0.817154
0 0.314156 0.775931 0.326011 0.735372 0.342050 0.695479 0.348326 0.672207 0.357741 0.657580 0.366109 0.636968 0.367503 0.605718 0.365411 0.591090 0.353556 0.583777 0.329847 0.567154 0.321827 0.582447 0.311715 0.604388 0.310321 0.630984 0.305788 0.652926 0.275453 0.756649 0.294282 0.789229
0 0.263250 0.651596 0.261506 0.628989 0.265342 0.608378 0.278591 0.603059 0.285565 0.599734 0.294282 0.595080 0.305091 0.603059 0.309623 0.625000 0.306485 0.649601 0.301953 0.664894 0.293933 0.668883 0.273361 0.672207 0.269874 0.668883
