0 0.498954 0.521277 0.525453 0.519282 0.521967 0.458112 0.521967 0.319814 0.491632 0.319814 0.490586 0.421543 0.494421 0.456117
0 0.526499 0.524601 0.552301 0.513963 0.550558 0.477394 0.547768 0.428191 0.545676 0.288564 0.523013 0.291888 0.523013 0.323138 0.523013 0.459441
0 0.552999 0.492686 0.571478 0.505319 0.581590 0.480718 0.583333 0.416223 0.584379 0.314495 0.578801 0.259973 0.557880 0.259973 0.545676 0.291888 0.546722 0.428191
0 0.605300 0.482713 0.625523 0.496676 0.635635 0.468750 0.634937 0.414229 0.641213 0.270612 0.613668 0.272606 0.608089 0.355053 0.607392 0.412234
0 0.636681 0.470080 0.645049 0.503324 0.669805 0.501995 0.687936 0.494681 0.688982 0.468750 0.686192 0.433511 0.683403 0.402261 0.688982 0.321809 0.676081 0.302527 0.651325 0.305851 0.638424 0.345745 0.634937 0.421543
0 0.730126 0.454787 0.756974 0.449468 0.773361 0.464761 0.772315 0.405585 0.769526 0.293218 0.730126 0.291888 0.729428 0.351064
0 0.501743 0.519282 0.486053 0.531250 0.479777 0.522606 0.465132 0.515957 0.468619 0.470080 0.463389 0.392952 0.463389 0.312500 0.490586 0.309176 0.492678 0.426197 0.492678 0.463431
0 0.463389 0.517287 0.441074 0.505319 0.445955 0.452793 0.445955 0.377660 0.452232 0.305851 0.463389 0.316489 0.462343 0.391622 0.465830 0.480718
0 0.441074 0.503324 0.420851 0.515957 0.414575 0.498005 0.415621 0.445479 0.411785 0.289894 0.427476 0.283245 0.436541 0.367021 0.446653 0.454787
0 0.413529 0.500000 0.396095 0.510638 0.387029 0.488032 0.390865 0.436835 0.394351 0.375665 0.388075 0.288564 0.413529 0.289894 0.416318 0.444149
0 0.385286 0.489362 0.363319 0.492686 0.360530 0.456117 0.365063 0.377660 0.367852 0.311170 0.367852 0.275931 0.382497 0.275931 0.385983 0.353059 0.390865 0.442154
0 0.363319 0.488032 0.360530 0.510638 0.338563 0.517287 0.319038 0.517287 0.313808 0.492686 0.315551 0.408910 0.318340 0.335771 0.332985 0.305851 0.349372 0.326463 0.357741 0.375665 0.359484 0.454787
0 0.498257 0.547207 0.518131 0.541888 0.516388 0.605053 0.512901 0.704787 0.506276 0.732713 0.492678 0.697473 0.494421 0.608378
0 0.519177 0.541888 0.529289 0.535239 0.541144 0.536569 0.544979 0.571809 0.540446 0.611702 0.537657 0.688830 0.529289 0.757314 0.516388 0.718750 0.514644 0.702793 0.514644 0.601729
0 0.542190 0.538564 0.552999 0.524601 0.561367 0.536569 0.577057 0.540559 0.576011 0.583777 0.577755 0.680186 0.576011 0.755319 0.562413 0.753989 0.547768 0.655585 0.540446 0.607048
0 0.576011 0.535239 0.586123 0.515957 0.604603 0.538564 0.606346 0.591090 0.608089 0.650266 0.610181 0.729388 0.591702 0.696144 0.577755 0.594415
0 0.603556 0.538564 0.618201 0.511968 0.637727 0.540559 0.646792 0.597739 0.642259 0.654255 0.637727 0.746676 0.611925 0.715426 0.607392 0.644947 0.606346 0.589096
0 0.678870 0.543883 0.685146 0.524601 0.705370 0.515957 0.711994 0.508644 0.741283 0.573803 0.778940 0.654255 0.751395 0.694149 0.725593 0.702793 0.699791 0.641622 0.681660 0.577128
0 0.710948 0.505319 0.732915 0.478723 0.748605 0.478723 0.772315 0.466755 0.794630 0.554521 0.811018 0.599734 0.788006 0.638298 0.753138 0.599734 0.741283 0.573803
0 0.497211 0.547207 0.478033 0.545213 0.476987 0.605053 0.475941 0.696144 0.480823 0.708112 0.490586 0.666223 0.496165 0.599734
0 0.476987 0.545213 0.451185 0.538564 0.450488 0.583777 0.453278 0.630984 0.449442 0.715426 0.451185 0.743351 0.463389 0.694149 0.469665 0.624335 0.474198 0.582447
0 0.453278 0.535239 0.425732 0.533245 0.420851 0.580452 0.420851 0.644947 0.419107 0.725399 0.418410 0.763963 0.433054 0.713431 0.444909 0.636303 0.451185 0.582447
0 0.420153 0.552527 0.411785 0.531250 0.393654 0.533245 0.391562 0.569814 0.396095 0.613697 0.396095 0.688830 0.397141 0.750000 0.408298 0.702793 0.420851 0.638298 0.420851 0.580452
0 0.395397 0.533245 0.379707 0.529920 0.363319 0.531250 0.360530 0.592420 0.366109 0.629654 0.365063 0.704787 0.366109 0.741356 0.379707 0.702793 0.387029 0.646941 0.391562 0.571809
0 0.325662 0.543883 0.325662 0.580452 0.309972 0.611702 0.286262 0.697473 0.266039 0.701463 0.250349 0.680186 0.244770 0.660904 0.258717 0.603059 0.271618 0.550532 0.283473 0.507314
0 0.282427 0.503324 0.241980 0.463431 0.229079 0.478723 0.222803 0.525931 0.211646 0.585771 0.200837 0.625665 0.232915 0.654255 0.255927 0.603059 0.267782 0.550532
