0 0.476897 0.452888 0.476897 0.518997 0.470690 0.533435 0.452069 0.528875 0.443793 0.519757 0.444138 0.474924 0.445172 0.395137 0.445862 0.333587 0.437586 0.246960 0.438966 0.194529 0.456897 0.192249 0.464828 0.262158 0.468621 0.352584
0 0.418966 0.452888 0.417241 0.477964 0.422759 0.509119 0.432414 0.515957 0.445172 0.515198 0.446897 0.489362 0.446207 0.439210 0.442759 0.396657 0.441724 0.354863 0.440690 0.305471 0.439310 0.276596 0.439310 0.250000 0.439310 0.225684 0.436897 0.193769 0.430690 0.188450 0.421379 0.213526 0.421379 0.302432 0.418966 0.410334
0 0.393448 0.405775 0.393448 0.479483 0.397931 0.500760 0.404483 0.515957 0.413793 0.519757 0.424138 0.504559 0.425862 0.476444 0.418966 0.389818 0.418276 0.335106 0.415862 0.294833 0.415517 0.253799 0.413793 0.227964 0.410000 0.208207 0.400690 0.203647 0.399310 0.234043 0.398621 0.301672
0 0.372069 0.436170 0.371724 0.449088 0.370345 0.480243 0.374828 0.497720 0.383793 0.503040 0.398621 0.503040 0.406552 0.498480 0.409655 0.446809 0.405862 0.365502 0.404483 0.338146 0.402759 0.309271 0.400000 0.284195 0.394828 0.253799 0.387931 0.244681 0.376207 0.247720 0.370690 0.266717 0.367931 0.284954 0.366897 0.310030 0.365517 0.342705 0.369655 0.401976
0 0.346552 0.472644 0.346552 0.489362 0.350000 0.523556 0.360000 0.522796 0.364828 0.512158 0.374828 0.518237 0.385172 0.512158 0.384483 0.479483 0.379655 0.417173 0.377931 0.351824 0.376207 0.308511 0.374483 0.284195 0.369655 0.262918 0.364828 0.240122 0.359655 0.255319 0.354828 0.287994 0.353448 0.320669 0.353448 0.349544
0 0.319655 0.458207 0.319655 0.488602 0.320345 0.521277 0.324483 0.534195 0.335517 0.527356 0.344828 0.532675 0.355517 0.517477 0.360000 0.494681 0.360345 0.450608 0.351724 0.399696 0.353448 0.357143 0.357241 0.329787 0.356552 0.310030 0.354828 0.289514 0.351034 0.262158 0.339310 0.265198 0.330345 0.289514 0.322414 0.334347
0 0.283448 0.449088 0.278276 0.476444 0.283448 0.505319 0.300690 0.521277 0.312759 0.522036 0.318966 0.500000 0.320690 0.462006 0.316552 0.401976 0.313793 0.337386 0.310690 0.306231 0.307241 0.287994 0.295172 0.281155 0.290000 0.299392 0.285172 0.332067 0.279655 0.366261 0.279655 0.392857 0.285862 0.427812
0 0.238276 0.348784 0.238966 0.384498 0.255517 0.418693 0.264828 0.421733 0.276207 0.417173 0.283103 0.395897 0.284828 0.370061 0.283103 0.326748 0.277586 0.295593 0.271724 0.275836 0.265172 0.269757 0.243448 0.291793 0.239310 0.305471
0 0.476207 0.451368 0.477241 0.493161 0.477931 0.512158 0.481379 0.525076 0.488966 0.528875 0.499310 0.536474 0.506897 0.530395 0.509655 0.512158 0.507586 0.449848 0.506552 0.367781 0.505172 0.301672 0.503103 0.247720 0.504483 0.222644 0.505862 0.210486 0.502069 0.180091 0.493448 0.182371 0.489655 0.203647 0.485517 0.240122 0.483103 0.291033 0.476552 0.355623 0.477241 0.406535
0 0.507586 0.439210 0.507931 0.465805 0.508276 0.490881 0.510000 0.507599 0.509310 0.518237 0.514483 0.525836 0.527241 0.528875 0.532759 0.511398 0.536552 0.474164 0.532759 0.399696 0.527931 0.317629 0.525517 0.254559 0.525517 0.239362 0.522759 0.210486 0.512759 0.206687 0.507586 0.222644 0.504483 0.255319
0 0.527586 0.457447 0.527586 0.492401 0.529655 0.514438 0.536207 0.533435 0.546897 0.539514 0.555517 0.528875 0.564483 0.501520 0.565862 0.447568 0.565517 0.353343 0.564138 0.299392 0.560345 0.234043 0.557586 0.205167 0.547931 0.186930 0.537586 0.193769 0.535517 0.266717
0 0.588621 0.432371 0.589655 0.474164 0.584138 0.512918 0.578276 0.525836 0.561034 0.507599 0.560690 0.436930 0.565862 0.380699 0.566897 0.315350 0.566897 0.262158 0.565517 0.240122 0.564483 0.208207 0.576897 0.196809 0.585172 0.244681 0.586552 0.309271
0 0.593103 0.424772 0.590345 0.436170 0.591379 0.480243 0.595517 0.503040 0.608276 0.509119 0.626897 0.509119 0.639310 0.500000 0.643103 0.456687 0.639655 0.385258 0.637931 0.319909 0.636552 0.272796 0.634828 0.246201 0.633448 0.219605 0.625172 0.206687 0.619655 0.203647 0.611379 0.215046 0.604828 0.234043 0.603103 0.275836
0 0.638966 0.441489 0.642414 0.485562 0.651379 0.494681 0.662414 0.484043 0.678966 0.490881 0.689655 0.475684 0.694138 0.435410 0.688966 0.375380 0.695172 0.334347 0.695172 0.294833 0.689655 0.260638 0.683103 0.251520 0.671724 0.258359 0.665517 0.268997 0.657931 0.315350
0 0.684828 0.389058 0.685862 0.439970 0.688966 0.476444 0.699655 0.478723 0.715172 0.459726 0.731379 0.461246 0.738276 0.443009 0.725862 0.354863 0.721034 0.287994 0.716207 0.235562 0.708276 0.217325 0.692414 0.221884 0.688621 0.273556
0 0.478621 0.507599 0.479655 0.561550 0.478966 0.593465 0.479655 0.677812 0.480000 0.710486 0.485517 0.736322 0.497586 0.733283 0.497586 0.652736 0.498621 0.568389 0.498621 0.532675 0.494828 0.500760 0.485517 0.504559
0 0.496897 0.523556 0.496552 0.560030 0.496552 0.604863 0.496207 0.667933 0.501034 0.743161 0.504828 0.768237 0.510690 0.764438 0.517586 0.724924 0.519655 0.588906 0.522414 0.535714 0.522759 0.519757 0.513448 0.503040 0.500345 0.503799
0 0.515172 0.525836 0.517241 0.569909 0.522759 0.679331 0.521379 0.760638 0.532414 0.787234 0.541034 0.778116 0.547586 0.660334 0.548621 0.559271 0.544138 0.518237 0.542759 0.500000 0.529655 0.492401 0.520000 0.498480
0 0.539655 0.528875 0.538621 0.568389 0.544483 0.674772 0.546897 0.709726 0.552414 0.740122 0.561034 0.758359 0.569310 0.750000 0.574828 0.673252 0.575862 0.572948 0.578966 0.535714 0.574828 0.506839 0.565862 0.497720 0.557931 0.493161 0.552759 0.498480
0 0.568966 0.501520 0.566552 0.512918 0.566552 0.552432 0.573448 0.679331 0.575517 0.700608 0.579655 0.726444 0.584138 0.746201 0.595517 0.750760 0.601034 0.738602 0.603448 0.683891 0.600345 0.602584 0.604483 0.537234 0.605172 0.515198 0.599655 0.497720 0.591724 0.490122 0.578966 0.493161
0 0.638276 0.493161 0.626207 0.511398 0.626207 0.554711 0.642414 0.605623 0.657586 0.674012 0.673793 0.716565 0.687586 0.731003 0.710000 0.724924 0.718276 0.699088 0.720345 0.662614 0.710000 0.604863 0.694138 0.556231 0.688621 0.525836 0.684828 0.498480 0.675517 0.488602 0.665172 0.484043 0.650345 0.493161
0 0.686897 0.475684 0.680690 0.492401 0.681034 0.517477 0.690690 0.541033 0.713448 0.607903 0.733448 0.660334 0.750000 0.663374 0.763103 0.645897 0.770345 0.598024 0.764828 0.563070 0.744828 0.530395 0.734828 0.475684 0.729310 0.465805 0.720345 0.454407 0.705172 0.461246
0 0.463793 0.506839 0.458621 0.506839 0.455517 0.535714 0.455517 0.590426 0.457586 0.685410 0.455862 0.724924 0.465517 0.755319 0.477241 0.754559 0.482759 0.724164 0.478276 0.591945 0.479655 0.534195 0.479655 0.515198 0.471724 0.507599
0 0.432759 0.519757 0.432414 0.554711 0.435862 0.626140 0.434483 0.708207 0.434483 0.740122 0.448621 0.747720 0.454483 0.699848 0.456897 0.601824 0.458966 0.536474 0.458966 0.511398 0.447586 0.500000 0.436207 0.498480
0 0.411034 0.509119 0.411034 0.550912 0.408276 0.628419 0.408276 0.666413 0.409310 0.710486 0.409310 0.750000 0.413103 0.772796 0.424483 0.775836 0.432414 0.750760 0.435517 0.630699 0.435862 0.562310 0.439655 0.529635 0.438621 0.503799 0.431034 0.493161 0.421034 0.490122
0 0.383793 0.508359 0.380345 0.533435 0.381034 0.584347 0.381379 0.667173 0.381034 0.709726 0.381379 0.731763 0.387586 0.757599 0.397931 0.759878 0.405862 0.728723 0.406207 0.610182 0.413103 0.550152 0.411034 0.510638 0.404483 0.500760 0.397586 0.498480
0 0.354828 0.517477 0.351724 0.566109 0.354138 0.677812 0.355172 0.743921 0.358276 0.761398 0.371379 0.753799 0.381034 0.711246 0.387586 0.595745 0.389655 0.547872 0.394483 0.515957 0.391724 0.507599 0.387586 0.502280 0.382759 0.499240 0.376897 0.504559 0.369655 0.495441 0.362069 0.498480
0 0.278276 0.492401 0.264138 0.503040 0.240690 0.534195 0.221724 0.572948 0.224138 0.641337 0.240000 0.664134 0.285517 0.620061 0.311724 0.560790 0.296207 0.515957 0.285172 0.509878 0.281379 0.486322
