0 0.473559 0.332067 0.473559 0.363982 0.470829 0.396657 0.469806 0.423252 0.468782 0.451368 0.465029 0.484043 0.466053 0.507599 0.471853 0.529635 0.483453 0.537994 0.493347 0.522796 0.497100 0.474924 0.495053 0.423252 0.495053 0.360182 0.496076 0.320669
0 0.459229 0.327508 0.454111 0.342705 0.452405 0.429331 0.451382 0.472644 0.448311 0.499240 0.457182 0.522796 0.470829 0.505319 0.470829 0.449088 0.470829 0.388298 0.474582 0.340426
0 0.427840 0.329787 0.428523 0.335866 0.427840 0.352584 0.426134 0.371581 0.426476 0.392097 0.426476 0.407295 0.426134 0.430851 0.424429 0.450608 0.423064 0.483283 0.424429 0.501520 0.429546 0.510638 0.437393 0.512918 0.442170 0.503799 0.444899 0.493921 0.446605 0.472644 0.445923 0.443769 0.445582 0.413374 0.447970 0.374620 0.450017 0.324468 0.436370 0.322188 0.430911 0.319909
0 0.404981 0.325988 0.404981 0.344225 0.403617 0.370821 0.400887 0.410334 0.400887 0.433891 0.400205 0.460486 0.402252 0.492401 0.411464 0.502280 0.418970 0.487082 0.421017 0.466565 0.422040 0.441489 0.423064 0.414894 0.424087 0.392857 0.425452 0.360942 0.427499 0.326748 0.425793 0.312310 0.415899 0.313070 0.410781 0.313830 0.404981 0.313830
0 0.385875 0.314590 0.384852 0.333587 0.382122 0.354863 0.378028 0.375380 0.374616 0.389058 0.371546 0.408815 0.369498 0.430851 0.369498 0.457447 0.373934 0.477964 0.381099 0.483283 0.386216 0.480243 0.392016 0.481763 0.397816 0.480243 0.401569 0.472644 0.402593 0.454407 0.400887 0.435410 0.400546 0.417173 0.400546 0.392097 0.402252 0.364742 0.403275 0.336626 0.403617 0.311550 0.392699 0.305471 0.388946 0.304711
0 0.356534 0.289514 0.356192 0.300912 0.351757 0.331307 0.345616 0.353343 0.340498 0.373860 0.336063 0.396657 0.332651 0.417933 0.332651 0.443769 0.335380 0.456687 0.341863 0.461246 0.350051 0.468845 0.358240 0.469605 0.363357 0.465805 0.366087 0.455927 0.366428 0.427812 0.367793 0.404255 0.375640 0.354863 0.378028 0.337386 0.381440 0.322948 0.383487 0.310030 0.379734 0.299392 0.374275 0.294073 0.366087 0.288754
0 0.500512 0.323708 0.499147 0.366261 0.497782 0.413374 0.495053 0.458207 0.494029 0.493921 0.495053 0.519757 0.501194 0.528875 0.516206 0.530395 0.523371 0.524316 0.520300 0.484802 0.518253 0.462766 0.518253 0.433891 0.517571 0.397416 0.518936 0.372340 0.520300 0.331307 0.520300 0.313830
0 0.526100 0.329787 0.523371 0.340426 0.520641 0.383739 0.520641 0.435410 0.520641 0.464286 0.521324 0.492401 0.527465 0.503799 0.536677 0.512918 0.540430 0.499240 0.539748 0.458207 0.536677 0.432371 0.535995 0.395897 0.535995 0.347264 0.537700 0.321429
0 0.545889 0.326748 0.543842 0.363222 0.541112 0.397416 0.539065 0.427812 0.539065 0.454407 0.540430 0.474924 0.543159 0.494681 0.548277 0.503799 0.553054 0.499240 0.557489 0.467325 0.557489 0.436930 0.557489 0.410334 0.557489 0.367781 0.558171 0.313830
0 0.563971 0.315350 0.557489 0.347264 0.551006 0.392857 0.551006 0.418693 0.551006 0.454407 0.551689 0.483283 0.566018 0.499240 0.573866 0.496201 0.573183 0.458207 0.570113 0.429331 0.570113 0.392857 0.570795 0.344225 0.573183 0.313830
0 0.575230 0.312310 0.571477 0.338906 0.563289 0.385258 0.563289 0.404255 0.563971 0.426292 0.566018 0.462766 0.573866 0.477204 0.583760 0.480243 0.588536 0.480243 0.588878 0.449848 0.585807 0.418693 0.585807 0.388298 0.586489 0.323708 0.584442 0.299392 0.580007 0.299392
0 0.585807 0.296353 0.585125 0.312310 0.581713 0.389818 0.581713 0.420213 0.586489 0.449848 0.595019 0.465805 0.604913 0.468845 0.613443 0.468845 0.621972 0.465805 0.626407 0.455927 0.624360 0.416413 0.619243 0.383739 0.615831 0.351824 0.613443 0.288754 0.597066 0.285714
0 0.612078 0.281915 0.612078 0.315350 0.615148 0.354863 0.619243 0.398936 0.623678 0.427812 0.628454 0.442249 0.636984 0.452888 0.648243 0.452888 0.655408 0.446809 0.663937 0.442249 0.666325 0.429331 0.665302 0.405775 0.661890 0.376900 0.653361 0.347264 0.645513 0.329787 0.642102 0.303951 0.638349 0.283435 0.634255 0.266717 0.622996 0.261398
0 0.507677 0.771277 0.506994 0.696809 0.506312 0.682371 0.504947 0.661854 0.503241 0.632219 0.503241 0.597264 0.516888 0.589666 0.518936 0.608663 0.518936 0.632219 0.518936 0.651216 0.518936 0.671733 0.518936 0.703647 0.520300 0.740881 0.520641 0.779635
0 0.526100 0.782675 0.523371 0.762158 0.519618 0.728723 0.520300 0.698328 0.523371 0.645897 0.524053 0.627660 0.523371 0.601824 0.526100 0.592705 0.535312 0.592705 0.541112 0.601824 0.541795 0.633739 0.539748 0.652736 0.535312 0.677812 0.535312 0.708207 0.535312 0.762158 0.535312 0.778875
0 0.543842 0.766717 0.543159 0.733283 0.543842 0.701368 0.543842 0.661854 0.543842 0.632219 0.545206 0.591185 0.551689 0.588906 0.554759 0.622340 0.554418 0.655775 0.554418 0.695289 0.555442 0.722644 0.558171 0.755319 0.558171 0.777356 0.540430 0.784195
0 0.589560 0.779635 0.587854 0.747720 0.584442 0.720365 0.581713 0.695289 0.581030 0.660334 0.580007 0.633739 0.580007 0.611702 0.578642 0.591185 0.572501 0.578267 0.566018 0.576748 0.560218 0.584347 0.555442 0.598784 0.550324 0.613222 0.549642 0.633739 0.554759 0.661854 0.559536 0.692249 0.562265 0.720365 0.566701 0.740881 0.580348 0.777356
0 0.622996 0.727204 0.615148 0.687690 0.610031 0.667173 0.605937 0.648176 0.603548 0.622340 0.600136 0.600304 0.598089 0.584347 0.591607 0.568389 0.583760 0.565350 0.575230 0.570669 0.571477 0.585866 0.573183 0.610182 0.579324 0.629179 0.583077 0.652736 0.588536 0.679331 0.592972 0.705167 0.601501 0.725684 0.607301 0.727204
0 0.669055 0.696809 0.657796 0.654255 0.651314 0.629179 0.646196 0.611702 0.642102 0.591185 0.640737 0.568389 0.636984 0.547872 0.627090 0.535714 0.612760 0.538754 0.604231 0.549392 0.594336 0.562310 0.589560 0.575228 0.593654 0.603343 0.600136 0.626900 0.610031 0.651216 0.616513 0.679331 0.622654 0.711246 0.631525 0.728723 0.645513 0.737842 0.657796 0.733283
0 0.715114 0.651216 0.707950 0.636778 0.701126 0.611702 0.695326 0.579787 0.689526 0.551672 0.685432 0.534195 0.680996 0.509878 0.676220 0.496201 0.666325 0.492401 0.659161 0.490881 0.653361 0.490881 0.645513 0.505319 0.638349 0.511398 0.630502 0.513678 0.626407 0.530395 0.632890 0.557751 0.644149 0.575228 0.651314 0.588906 0.660525 0.610182 0.667690 0.629179 0.678267 0.645897 0.688161 0.661854 0.696008 0.670213 0.710338 0.674772
0 0.771409 0.569909 0.763562 0.549392 0.754350 0.532675 0.745138 0.525836 0.735926 0.509878 0.728762 0.499240 0.722279 0.497720 0.713750 0.503799 0.707267 0.516717 0.705220 0.532675 0.700444 0.554711 0.694643 0.569909 0.696691 0.598784 0.707950 0.603343 0.719550 0.608663 0.732173 0.611702 0.743773 0.622340 0.752303 0.623860 0.759468 0.617781 0.767656 0.601824
0 0.504265 0.778875 0.504947 0.727204 0.504947 0.696809 0.504265 0.661854 0.500512 0.622340 0.499147 0.600304 0.490618 0.595745 0.486523 0.595745 0.482088 0.608663 0.482770 0.627660 0.485500 0.648176 0.489253 0.671733 0.493347 0.690729 0.497100 0.715805 0.497782 0.743161
0 0.497782 0.771277 0.491300 0.709726 0.486523 0.674772 0.483453 0.633739 0.480723 0.604863 0.472876 0.591185 0.459911 0.589666 0.459911 0.613222 0.467076 0.654255 0.472876 0.682371 0.477994 0.717325 0.480723 0.741641 0.484135 0.775836
0 0.474241 0.782675 0.472876 0.749240 0.472194 0.690729 0.469464 0.646657 0.465711 0.622340 0.459229 0.587386 0.451382 0.594225 0.452064 0.638298 0.453088 0.664894 0.453088 0.698328 0.454452 0.737842 0.458547 0.766717 0.467076 0.790274
0 0.446605 0.787234 0.450699 0.746201 0.450699 0.701368 0.451382 0.661854 0.453088 0.619301 0.452405 0.604863 0.445241 0.582827 0.436711 0.569909 0.427499 0.601824 0.427499 0.636778 0.428182 0.667173 0.432958 0.695289 0.432958 0.731763 0.435005 0.769757 0.436029 0.793313
0 0.411805 0.771277 0.414534 0.746201 0.424429 0.695289 0.429546 0.655775 0.432276 0.627660 0.437393 0.606383 0.438076 0.587386 0.432958 0.570669 0.426476 0.562310 0.415899 0.568389 0.403275 0.589666 0.404640 0.610182 0.406005 0.636778 0.406687 0.664894 0.403275 0.699848 0.400887 0.728723 0.399522 0.746201 0.400887 0.765198
0 0.377687 0.768237 0.387581 0.749240 0.394063 0.718845 0.396793 0.690729 0.402593 0.648176 0.409758 0.603343 0.414534 0.579787 0.414534 0.553191 0.407369 0.546353 0.400887 0.537234 0.394063 0.528875 0.383828 0.535714 0.377004 0.540274 0.368475 0.546353 0.363357 0.566869 0.361992 0.601824 0.361992 0.636778 0.356192 0.668693 0.351416 0.696809 0.347663 0.731763 0.347663 0.744681 0.354145 0.760638 0.364722 0.768237
0 0.320027 0.727204 0.327874 0.711246 0.337086 0.695289 0.347663 0.671733 0.352781 0.652736 0.358240 0.636778 0.361992 0.613222 0.364722 0.594225 0.367793 0.573708 0.369840 0.553191 0.371204 0.527356 0.362675 0.512918 0.356192 0.512918 0.349028 0.509878 0.334357 0.506839 0.328557 0.512918 0.320027 0.532675 0.315933 0.549392 0.315592 0.568389 0.314227 0.587386 0.311498 0.616261 0.309451 0.644377 0.306380 0.671733 0.305698 0.698328 0.304333 0.718845
0 0.229614 0.620821 0.247356 0.623860 0.271580 0.641337 0.283180 0.651216 0.294439 0.651216 0.305698 0.644377 0.312180 0.629179 0.312863 0.607903 0.311498 0.584347 0.311498 0.562310 0.307404 0.541793 0.295121 0.537234 0.283862 0.537234 0.272944 0.547872 0.263733 0.557751 0.247356 0.563830 0.241897 0.570669 0.237462 0.585866 0.233367 0.600304
