0 0.512204 0.565824 0.547420 0.566489 0.543933 0.458777 0.547071 0.403590 0.511158 0.403590 0.510809 0.490691 0.509066 0.520612 0.506276 0.549867
0 0.547420 0.561170 0.573222 0.568484 0.576709 0.559176 0.576360 0.396941 0.546374 0.395612 0.550907 0.470745 0.549163 0.511968 0.543933 0.538564
0 0.578103 0.555186 0.593794 0.575133 0.608089 0.554521 0.607392 0.513963 0.608089 0.400266 0.581939 0.394947 0.579149 0.458777 0.573919 0.496676
0 0.604951 0.532580 0.610181 0.559176 0.621688 0.571144 0.637029 0.570479 0.641213 0.551197 0.637029 0.530585 0.639121 0.396277 0.612273 0.397606 0.609484 0.470745 0.604951 0.510638
0 0.640865 0.560505 0.647141 0.561170 0.653068 0.574468 0.667015 0.566489 0.672594 0.400931 0.641213 0.398936 0.642608 0.479388 0.641213 0.523936 0.638424 0.538564
0 0.668061 0.565824 0.682357 0.585106 0.693515 0.573803 0.704672 0.580452 0.713738 0.572473 0.720014 0.562500 0.715830 0.524601 0.709554 0.492686 0.714784 0.426197 0.678522 0.426197 0.676430 0.453457 0.672594 0.488032 0.676778 0.510638 0.668061 0.553191
0 0.719665 0.566489 0.737099 0.572473 0.747559 0.563165 0.762204 0.565824 0.770223 0.559176 0.765342 0.519947 0.749651 0.411569 0.725244 0.405585 0.721757 0.446144 0.721757 0.508644 0.717573 0.532580
0 0.755927 0.463431 0.763250 0.475399 0.775105 0.468085 0.797071 0.452128 0.804393 0.400931 0.790098 0.378324 0.776151 0.377660 0.766388 0.377660 0.761855 0.405585 0.756625 0.427527
0 0.469317 0.562500 0.494421 0.570479 0.505927 0.566489 0.502789 0.522606 0.506625 0.402261 0.479777 0.399601 0.473501 0.420213 0.473501 0.461436 0.473152 0.490691 0.469317 0.519282
0 0.442120 0.554521 0.452232 0.563830 0.465132 0.560505 0.467573 0.542553 0.471757 0.388963 0.445258 0.388298 0.443166 0.467420 0.442120 0.495346
0 0.412134 0.552527 0.426430 0.567154 0.443515 0.545878 0.443166 0.376995 0.418759 0.376995 0.414923 0.462766 0.414923 0.510638 0.408298 0.533245
0 0.381102 0.549202 0.390167 0.562500 0.404463 0.545213 0.416667 0.538564 0.412483 0.390957 0.391213 0.388298 0.381450 0.451463 0.382497 0.521941
0 0.353208 0.549202 0.368201 0.561170 0.376220 0.547207 0.382845 0.533245 0.385635 0.367686 0.359135 0.374335 0.356346 0.470745 0.354603 0.511303
0 0.305091 0.533245 0.315900 0.561170 0.329847 0.545213 0.343794 0.552527 0.355649 0.544548 0.359833 0.370346 0.317294 0.369681 0.312413 0.458112 0.312064 0.496676
0 0.257671 0.535239 0.297768 0.545878 0.307880 0.523936 0.311715 0.367686 0.275802 0.365691 0.268480 0.465426 0.256276 0.503989 0.256625 0.526596
0 0.497211 0.617686 0.516388 0.613032 0.518828 0.676197 0.514993 0.773936 0.497908 0.769947 0.502441 0.700798 0.498605 0.649601
0 0.472455 0.616356 0.482915 0.607713 0.498257 0.616356 0.497211 0.777926 0.474547 0.771941 0.476290 0.678856
0 0.447699 0.618351 0.465830 0.598404 0.475593 0.621676 0.468619 0.784574 0.434449 0.782580 0.442120 0.680186 0.444909 0.650266
0 0.419805 0.603059 0.413180 0.611702 0.419456 0.629654 0.407252 0.754654 0.423291 0.771941 0.442469 0.650931 0.449442 0.615027 0.437238 0.599069 0.424686 0.598404
0 0.392608 0.595745 0.406904 0.592420 0.416318 0.607048 0.420851 0.625665 0.412831 0.633644 0.399233 0.748670 0.372734 0.733378 0.382148 0.648271 0.383891 0.617686 0.382497 0.602394
0 0.364017 0.591090 0.376220 0.580452 0.386332 0.585106 0.389470 0.593085 0.379358 0.630319 0.369596 0.662234 0.360181 0.751330 0.309623 0.740027 0.331590 0.666223 0.332287 0.621011 0.329847 0.593085 0.342748 0.589096 0.351813 0.582447
0 0.292887 0.572473 0.311715 0.577793 0.336471 0.589096 0.330544 0.634973 0.288006 0.740691 0.253138 0.719415 0.263250 0.670213 0.277894 0.627660 0.284170 0.587101
0 0.519874 0.613032 0.517434 0.629654 0.524756 0.775931 0.545676 0.776596 0.541144 0.648271 0.538354 0.608378
0 0.539052 0.604388 0.563808 0.607048 0.564854 0.775931 0.546025 0.778590 0.541144 0.660904
0 0.565900 0.603059 0.577057 0.599734 0.590307 0.619016 0.593096 0.638963 0.599372 0.787234 0.568689 0.786569 0.567643 0.691489 0.561715 0.654920 0.562762 0.608378
0 0.603556 0.603723 0.593096 0.634973 0.604951 0.795878 0.630753 0.799867 0.623780 0.651596 0.623780 0.617686 0.615411 0.603723
0 0.633543 0.604388 0.621688 0.618351 0.639819 0.790559 0.673989 0.782580 0.658996 0.657580 0.658647 0.607713
