0 0.454164 0.496201 0.452764 0.559271 0.460462 0.571429 0.480406 0.572188 0.488803 0.557751 0.484955 0.449088 0.481106 0.340426 0.477957 0.283435 0.470259 0.275076 0.454864 0.381459
0 0.434220 0.506079 0.434920 0.560030 0.449965 0.572948 0.459412 0.554711 0.454864 0.433131 0.451015 0.302432 0.442617 0.269757 0.420924 0.256839 0.422673 0.326748 0.433170 0.399696
0 0.408677 0.501520 0.410777 0.564590 0.421274 0.584347 0.436319 0.564590 0.440868 0.510638 0.431770 0.382219 0.430371 0.327508 0.423723 0.284954 0.416725 0.267477 0.406928 0.301672 0.410077 0.382979 0.410077 0.490122
0 0.385584 0.510638 0.388733 0.552432 0.396781 0.579027 0.406578 0.572188 0.410427 0.561550 0.421274 0.562310 0.426872 0.541033 0.419874 0.458967 0.404479 0.334347 0.403079 0.300912 0.396081 0.275076 0.390483 0.278875 0.381386 0.324468 0.386284 0.426292
0 0.371938 0.536474 0.370539 0.573708 0.371239 0.588146 0.391183 0.588906 0.400280 0.585106 0.404129 0.559271 0.397831 0.508359 0.383485 0.398936 0.379286 0.356383 0.377887 0.313070 0.368789 0.296353 0.360392 0.326748 0.360042 0.389058
0 0.331700 0.529635 0.330301 0.557751 0.330301 0.588146 0.346746 0.589666 0.367740 0.585106 0.377887 0.574468 0.375437 0.537994 0.365640 0.488602 0.363191 0.415653 0.361442 0.360942 0.358992 0.337386 0.355493 0.316869 0.342897 0.311550 0.322603 0.360942 0.319104 0.411094 0.327852 0.480243 0.332400 0.512158
0 0.286214 0.519757 0.279916 0.535714 0.283415 0.563070 0.306858 0.593465 0.326102 0.585106 0.331001 0.546353 0.333100 0.465046 0.333800 0.404255 0.325052 0.339666 0.320154 0.315350 0.314206 0.306991 0.306508 0.329027 0.304059 0.399696 0.297761 0.481003
0 0.252974 0.465805 0.243177 0.484043 0.245626 0.525076 0.261022 0.561550 0.279916 0.551672 0.294262 0.497720 0.306508 0.446049 0.305108 0.367781 0.305108 0.332067 0.301610 0.315350 0.280266 0.310790 0.269419 0.324468 0.267670 0.379939 0.266620 0.424772 0.261721 0.452888 0.256473 0.462006
0 0.489153 0.486322 0.487754 0.525076 0.488803 0.561550 0.508048 0.569909 0.520994 0.562310 0.525192 0.553951 0.523443 0.484802 0.528691 0.384498 0.529391 0.313830 0.528691 0.278875 0.518894 0.272796 0.506298 0.302432 0.498251 0.388298
0 0.523793 0.483283 0.525542 0.547112 0.531491 0.566869 0.547936 0.565350 0.555283 0.548632 0.554234 0.490122 0.551435 0.364742 0.551435 0.300152 0.549335 0.269757 0.533590 0.268997 0.530091 0.351824
0 0.557383 0.500000 0.553534 0.518237 0.558782 0.555471 0.575927 0.574468 0.588523 0.554711 0.588873 0.483283 0.584325 0.400456 0.584325 0.316109 0.586774 0.264438 0.581875 0.226444 0.577327 0.223404 0.564031 0.268237
0 0.580476 0.481003 0.574178 0.524316 0.577327 0.560790 0.590273 0.566109 0.603569 0.574468 0.614416 0.566109 0.618265 0.515957 0.614416 0.462006 0.623163 0.402736 0.628761 0.357143 0.627712 0.303951 0.618265 0.268997 0.608467 0.267477 0.597971 0.312310
0 0.605318 0.503799 0.596221 0.528116 0.596221 0.554711 0.604969 0.579787 0.621064 0.591945 0.633660 0.588906 0.643457 0.554711 0.643807 0.496960 0.649055 0.429331 0.656053 0.389818 0.660252 0.354103 0.660252 0.306991 0.655003 0.283435 0.634360 0.290274 0.623863 0.391337
0 0.638908 0.498480 0.631561 0.550912 0.635409 0.579027 0.653254 0.588146 0.671798 0.597264 0.683345 0.590426 0.687894 0.561550 0.686844 0.513678 0.691742 0.448328 0.698041 0.414134 0.698041 0.386018 0.693142 0.331307 0.681596 0.310790 0.666900 0.327508 0.656053 0.371581 0.649055 0.442249
0 0.690693 0.510638 0.685444 0.537994 0.686494 0.574468 0.702589 0.594985 0.718334 0.588146 0.731631 0.586626 0.733380 0.556231 0.725332 0.494681 0.720434 0.398936 0.720434 0.363982 0.720434 0.332067 0.712736 0.310030 0.705738 0.306991 0.700140 0.342705
0 0.722533 0.395137 0.725682 0.465046 0.730581 0.532675 0.737929 0.582067 0.756823 0.583587 0.775017 0.556991 0.780266 0.508359 0.764171 0.452888 0.752974 0.410334 0.745976 0.358663 0.741078 0.310790 0.730931 0.302432 0.722883 0.319149
0 0.725682 0.594985 0.716235 0.619301 0.733730 0.768237 0.750175 0.822948 0.762421 0.822188 0.763821 0.773556 0.757873 0.709726 0.760672 0.651976 0.765220 0.626140 0.755773 0.601064 0.741777 0.593465
0 0.676347 0.598024 0.658502 0.619301 0.663051 0.655015 0.693842 0.756839 0.723583 0.832827 0.733030 0.841945 0.736179 0.804711 0.724283 0.685410 0.718334 0.637538 0.713436 0.598784 0.700840 0.588906
0 0.615815 0.614742 0.607768 0.621581 0.608118 0.649696 0.634360 0.762918 0.667950 0.844225 0.683345 0.857903 0.695241 0.837386 0.691742 0.768237 0.671099 0.695289 0.665850 0.633739 0.660602 0.607903 0.643107 0.604863
0 0.504899 0.576748 0.498950 0.593465 0.504199 0.697568 0.506298 0.793313 0.509447 0.838906 0.516795 0.854863 0.521344 0.778116 0.519244 0.633739 0.521344 0.582827
0 0.533590 0.578267 0.520994 0.582067 0.519244 0.598784 0.525892 0.718845 0.529391 0.801672 0.531141 0.844225 0.537439 0.854863 0.547586 0.845745 0.546536 0.744681 0.546186 0.650456 0.548635 0.585106
0 0.559832 0.577508 0.550735 0.578267 0.546186 0.615502 0.548985 0.657295 0.551435 0.774316 0.553534 0.863222 0.556333 0.879939 0.567530 0.873860 0.572428 0.762918 0.575927 0.640578 0.575577 0.595745
0 0.593772 0.587386 0.586074 0.585106 0.568929 0.600304 0.565430 0.636778 0.573828 0.715046 0.580126 0.849544 0.587474 0.874620 0.600420 0.848784 0.598321 0.717325 0.600420 0.645897 0.605668 0.617781
0 0.498600 0.579787 0.481805 0.578267 0.478307 0.578267 0.480406 0.642097 0.489153 0.762158 0.491253 0.807751 0.495451 0.822948 0.501050 0.822948 0.504899 0.779635 0.502799 0.675532 0.501050 0.603343
0 0.467810 0.575988 0.455213 0.581307 0.455563 0.608663 0.460112 0.677052 0.467460 0.771277 0.471659 0.827508 0.480756 0.857903 0.487404 0.854103 0.488803 0.803951 0.487404 0.720365 0.480406 0.664134 0.478656 0.611702 0.477607 0.584347
0 0.441218 0.581307 0.434220 0.604863 0.435969 0.688450 0.441917 0.788754 0.446116 0.843465 0.443317 0.865502 0.446466 0.881459 0.459062 0.877660 0.465010 0.830547 0.458013 0.678571 0.465360 0.621581 0.465360 0.607903 0.456963 0.582067
0 0.427572 0.585106 0.424073 0.585106 0.417425 0.592705 0.413226 0.617021 0.415325 0.669453 0.417775 0.766717 0.418125 0.839666 0.428272 0.878419 0.439118 0.890578 0.442967 0.869301 0.440868 0.769757 0.438418 0.655015 0.442967 0.626140 0.444367 0.610182 0.438418 0.597264 0.435619 0.594985
0 0.368789 0.604103 0.361442 0.604103 0.357593 0.616261 0.357943 0.644377 0.360042 0.667933 0.347796 0.724164 0.331351 0.784195 0.327502 0.815350 0.333100 0.845745 0.345696 0.857903 0.376837 0.821429 0.391183 0.750760 0.398880 0.685410 0.410777 0.642857 0.412526 0.624620 0.405878 0.604103 0.386284 0.598784
0 0.326802 0.590426 0.310707 0.591945 0.306858 0.620821 0.308258 0.655015 0.300210 0.734802 0.286214 0.787234 0.282715 0.833587 0.291812 0.856383 0.313856 0.836626 0.335549 0.771277 0.357943 0.677052 0.365640 0.636778 0.366340 0.615502
0 0.284465 0.609422 0.277817 0.604103 0.264521 0.610942 0.255773 0.638298 0.261022 0.674012 0.265220 0.709726 0.265220 0.753040 0.262421 0.789514 0.269069 0.809271 0.285164 0.796353 0.303359 0.741641 0.311057 0.671733 0.309307 0.622340 0.306158 0.598784
