0 0.497539 0.582827 0.493671 0.353343 0.465893 0.357903 0.464135 0.582827
0 0.464135 0.585866 0.466596 0.352584 0.434951 0.354863 0.438467 0.586626
0 0.397328 0.589666 0.405415 0.354863 0.369550 0.356383 0.357243 0.528116 0.355485 0.585866
0 0.355134 0.585866 0.358650 0.522796 0.359705 0.354863 0.330872 0.360182 0.313643 0.563070
0 0.497890 0.584347 0.494374 0.361702 0.525316 0.361702 0.524613 0.503040 0.528481 0.575228
0 0.528481 0.577508 0.525316 0.505319 0.531997 0.343465 0.561533 0.348024 0.554501 0.512158 0.554501 0.563070
0 0.553797 0.568389 0.552743 0.506839 0.562236 0.338906 0.589662 0.348024 0.584037 0.471884 0.582982 0.519757 0.578762 0.569909
0 0.581224 0.571429 0.578762 0.517477 0.592475 0.341945 0.622363 0.353343 0.610056 0.488602 0.601266 0.563070
0 0.601266 0.564590 0.608298 0.490122 0.623418 0.351064 0.653305 0.360182 0.649086 0.479483 0.645218 0.568389
0 0.645218 0.566869 0.645218 0.505319 0.655063 0.353343 0.681786 0.356383 0.678622 0.483283 0.684248 0.566869
0 0.685302 0.564590 0.678622 0.490881 0.682841 0.352584 0.707103 0.351064 0.731013 0.542553
0 0.503516 0.594985 0.515471 0.850304 0.534459 0.837386 0.519339 0.589666
0 0.520042 0.591945 0.535162 0.838146 0.554501 0.832827 0.539733 0.584347
0 0.543952 0.593465 0.555556 0.835866 0.579114 0.830547 0.566104 0.590426
0 0.566456 0.598784 0.568214 0.656535 0.581224 0.829027 0.602321 0.822948 0.592124 0.593465
0 0.594585 0.604863 0.603376 0.822948 0.633966 0.817629 0.623418 0.661854 0.624121 0.591945
0 0.626582 0.610182 0.620956 0.655015 0.639241 0.761398 0.671589 0.834347 0.709564 0.784954 0.682489 0.686170 0.671941 0.651976 0.665260 0.597264
0 0.665963 0.597264 0.671941 0.651976 0.712729 0.791033 0.752813 0.716565 0.706751 0.571429
0 0.502813 0.595745 0.514416 0.852584 0.490858 0.854103 0.485232 0.597264
0 0.485935 0.597264 0.493319 0.857903 0.474332 0.857903 0.462729 0.602584
0 0.465190 0.604863 0.469058 0.651976 0.469409 0.844985 0.443038 0.841945 0.442335 0.600304
0 0.433193 0.609422 0.444796 0.651216 0.441632 0.695289 0.435654 0.834347 0.412096 0.834347 0.415612 0.606383
0 0.414557 0.627660 0.420886 0.649696 0.416667 0.689210 0.407876 0.856383 0.385724 0.854103 0.388889 0.611702
0 0.388186 0.676292 0.334388 0.841185 0.288326 0.794833 0.298523 0.749240 0.329466 0.680091 0.339311 0.628419 0.355485 0.610182 0.376231 0.631459
0 0.341772 0.615502 0.342827 0.645897 0.333685 0.678571 0.309423 0.725684 0.271800 0.781915 0.234880 0.703647 0.307665 0.571429
