0 0.526499 0.550532 0.543933 0.552527 0.558577 0.566489 0.565900 0.529920 0.565202 0.477394 0.567992 0.407580 0.569735 0.358378 0.548466 0.353059 0.534868 0.384309 0.529289 0.447473 0.526499 0.496676
0 0.565900 0.531250 0.566946 0.554521 0.581590 0.557846 0.593445 0.538564 0.594491 0.470080 0.600767 0.377660 0.605300 0.330452 0.588912 0.316489 0.578801 0.367021 0.573222 0.421543 0.572524 0.474069
0 0.592748 0.538564 0.613668 0.569814 0.630056 0.541888 0.623780 0.472074 0.620990 0.374335 0.618201 0.335771 0.605300 0.333777 0.593445 0.477394
0 0.649582 0.535239 0.659693 0.557846 0.677127 0.552527 0.677127 0.510638 0.677127 0.442154 0.670502 0.375665 0.665969 0.367021 0.655160 0.372340 0.651325 0.438830 0.649582 0.500000
0 0.680614 0.547207 0.703626 0.555851 0.725593 0.552527 0.722106 0.501995 0.727336 0.442154 0.727336 0.375665 0.682357 0.375665 0.680614 0.438830 0.678870 0.508644
0 0.722803 0.554521 0.749651 0.550532 0.763250 0.515957 0.764296 0.464761 0.760460 0.363697 0.729428 0.377660 0.730126 0.450798 0.720014 0.508644
0 0.762204 0.513963 0.777894 0.547207 0.797071 0.527926 0.799163 0.491356 0.791841 0.450798 0.801953 0.386303 0.785216 0.365027 0.769526 0.347739 0.761506 0.365027 0.764296 0.459441
0 0.527545 0.552527 0.507322 0.555851 0.483264 0.561170 0.482566 0.482713 0.488145 0.389628 0.492678 0.353059 0.519177 0.355053 0.520223 0.428191 0.520223 0.474069
0 0.476987 0.543883 0.466876 0.554521 0.452232 0.541888 0.451185 0.492686 0.452232 0.416223 0.457810 0.353059 0.475244 0.351064 0.475244 0.422872 0.478731 0.489362
0 0.449442 0.538564 0.438285 0.564495 0.416318 0.541888 0.420153 0.464761 0.421897 0.369016 0.424686 0.311170 0.442120 0.309176 0.442120 0.372340 0.449442 0.477394 0.449442 0.489362
0 0.416318 0.545213 0.406206 0.561170 0.390865 0.541888 0.389819 0.513963 0.392608 0.464761 0.391562 0.398271 0.395397 0.358378 0.414575 0.361702 0.417364 0.419548 0.416318 0.472074 0.415621 0.527926
0 0.389819 0.545213 0.381450 0.559176 0.362273 0.549202 0.360530 0.517287 0.370642 0.442154 0.365063 0.378989 0.370642 0.359707 0.379707 0.363697 0.383543 0.405585 0.388075 0.459441 0.388075 0.496676 0.389819 0.511968
0 0.361227 0.545213 0.361227 0.566489 0.340307 0.564495 0.325662 0.569814 0.313808 0.554521 0.315551 0.521277 0.316248 0.482713 0.313808 0.402261 0.330195 0.367021 0.353208 0.372340 0.353905 0.412234 0.358787 0.470080 0.360530 0.517287
0 0.316248 0.555851 0.303696 0.571809 0.285216 0.555851 0.266736 0.531250 0.278940 0.482713 0.277894 0.407580 0.283473 0.375665 0.304393 0.380984 0.314505 0.403590 0.316248 0.496676
0 0.520921 0.578457 0.544979 0.573803 0.544979 0.640293 0.543933 0.729388 0.534868 0.729388 0.527545 0.671543 0.521967 0.622340
0 0.543933 0.571809 0.559623 0.575133 0.569735 0.575133 0.574268 0.625665 0.579847 0.692154 0.587169 0.760638 0.577057 0.785239 0.552999 0.713431 0.546722 0.638298
0 0.567992 0.571809 0.582636 0.563165 0.600070 0.578457 0.605300 0.617021 0.614714 0.676862 0.617503 0.738032 0.616457 0.790559 0.604603 0.771277 0.590656 0.710106 0.580544 0.658910 0.574268 0.622340
0 0.599024 0.580452 0.615411 0.571809 0.632148 0.591090 0.636681 0.636303 0.640167 0.694149 0.647490 0.740027 0.642957 0.777926 0.631102 0.727394 0.615411 0.676862 0.604603 0.619016
0 0.627615 0.592420 0.628312 0.583777 0.642259 0.563165 0.658647 0.575133 0.657601 0.619016 0.669805 0.687500 0.678870 0.744681 0.669805 0.767952 0.655858 0.727394 0.647490 0.666223 0.639470 0.622340
0 0.659693 0.573803 0.677824 0.571809 0.705370 0.568484 0.709902 0.607048 0.723849 0.678191 0.742329 0.727394 0.725593 0.755319 0.705370 0.748670 0.687238 0.740027 0.677824 0.696144 0.667713 0.646941 0.664226 0.611702
0 0.708159 0.587766 0.711994 0.564495 0.729428 0.568484 0.734658 0.580452 0.739540 0.569814 0.748605 0.564495 0.759763 0.591090 0.760460 0.615691 0.772315 0.660904 0.782427 0.706782 0.786960 0.732713 0.764296 0.738032 0.744073 0.732713 0.724895 0.671543
0 0.760460 0.589096 0.758717 0.555851 0.777197 0.549202 0.784519 0.559176 0.796374 0.547207 0.803696 0.569814 0.820084 0.627660 0.830195 0.690824 0.832985 0.715426 0.801953 0.732713 0.782427 0.683511 0.770572 0.654255
0 0.521967 0.580452 0.496165 0.577128 0.495467 0.625665 0.498257 0.683511 0.500697 0.734707 0.511855 0.738032 0.518131 0.682181 0.520921 0.624335
0 0.493375 0.575133 0.483264 0.571809 0.466876 0.577128 0.465830 0.622340 0.465830 0.662899 0.456764 0.727394 0.453975 0.777926 0.472455 0.781915 0.484310 0.738032 0.490586 0.662899
0 0.465830 0.573803 0.455718 0.568484 0.440377 0.575133 0.435844 0.610372 0.435844 0.652261 0.433054 0.701463 0.428522 0.750000 0.430265 0.779920 0.447699 0.762633 0.455021 0.711436 0.463389 0.652261 0.466876 0.611702
0 0.438285 0.575133 0.413529 0.569814 0.406206 0.583777 0.404463 0.619016 0.400976 0.687500 0.397141 0.765957 0.399930 0.779920 0.410042 0.777926 0.419107 0.713431 0.430265 0.650266 0.435844 0.607048
0 0.403417 0.582447 0.377964 0.578457 0.371339 0.629654 0.366109 0.676862 0.357741 0.744681 0.360530 0.763963 0.374128 0.769282 0.393654 0.682181 0.403417 0.610372
0 0.378661 0.580452 0.355997 0.577128 0.330195 0.577128 0.323919 0.630984 0.311018 0.710106 0.305439 0.765957 0.352162 0.763963 0.362273 0.701463 0.369596 0.632979
0 0.326360 0.578457 0.311715 0.578457 0.302650 0.583777 0.284170 0.569814 0.275105 0.601729 0.274059 0.625665 0.267782 0.654255 0.257671 0.694149 0.247559 0.727394 0.258717 0.734707 0.270572 0.750000 0.283473 0.750000 0.298815 0.718750 0.315551 0.658910 0.328452 0.605053
0 0.283473 0.569814 0.272315 0.543883 0.255927 0.554521 0.243026 0.538564 0.229079 0.549202 0.227336 0.587766 0.215481 0.644947 0.208159 0.685505 0.213738 0.704787 0.225593 0.718750 0.234658 0.722074 0.255927 0.696144 0.267782 0.654255 0.276848 0.622340
