0 0.492196 0.312310 0.499133 0.554711 0.460978 0.543313 0.466181 0.493921 0.470343 0.455927 0.463059 0.313830
0 0.455775 0.306231 0.468956 0.466565 0.457510 0.540274 0.447797 0.535714 0.440166 0.500000 0.438085 0.465805 0.440513 0.310030
0 0.310094 0.298632 0.271245 0.439970 0.286507 0.485562 0.303503 0.490122 0.317031 0.473404 0.319806 0.452128 0.326396 0.408815 0.339577 0.297112 0.314950 0.268997
0 0.503642 0.301672 0.498092 0.494681 0.499480 0.554711 0.530697 0.537234 0.531738 0.515957 0.531044 0.477204 0.534513 0.294833
0 0.534513 0.288754 0.530697 0.475684 0.529310 0.504559 0.537634 0.528875 0.546306 0.531915 0.557405 0.512918 0.559834 0.490881 0.557752 0.287994
0 0.644121 0.282675 0.660423 0.439210 0.662851 0.477204 0.680888 0.491641 0.692681 0.474924 0.699965 0.463526 0.700659 0.448328 0.698925 0.433891 0.687825 0.400456 0.667014 0.273556
0 0.685744 0.253040 0.680194 0.310030 0.689906 0.397416 0.703087 0.445289 0.716961 0.458207 0.725980 0.429331 0.731183 0.400456 0.726674 0.359422 0.713840 0.243921
0 0.493236 0.559271 0.504683 0.797872 0.522373 0.790274 0.516129 0.562310
0 0.515435 0.563070 0.520985 0.794833 0.553590 0.777356 0.536941 0.604863 0.536247 0.556231
0 0.543531 0.550912 0.534513 0.566869 0.558793 0.823708 0.582726 0.798632 0.559834 0.611702 0.561915 0.592705 0.561915 0.577508 0.559834 0.566109 0.554977 0.555471
0 0.569546 0.539514 0.556018 0.568389 0.552896 0.579787 0.557752 0.600304 0.561915 0.616261 0.583767 0.797872 0.601110 0.771277 0.584114 0.585866 0.585848 0.570669 0.585848 0.561550 0.585848 0.560790
0 0.593479 0.537234 0.577870 0.560790 0.586542 0.592705 0.606313 0.780395 0.629553 0.767477 0.608394 0.544833
0 0.636490 0.516717 0.608047 0.534195 0.604925 0.560790 0.611863 0.579787 0.615678 0.596505 0.619494 0.614742 0.636837 0.765957 0.684357 0.713526 0.654873 0.566869 0.649324 0.517477
0 0.672216 0.493921 0.651058 0.511398 0.649670 0.536474 0.652792 0.559271 0.657301 0.573708 0.687825 0.716565 0.738814 0.652736 0.706903 0.556231 0.694762 0.490122
0 0.492889 0.560790 0.502948 0.758359 0.484912 0.756079 0.471384 0.594985 0.469650 0.562310
0 0.469997 0.560790 0.487340 0.763678 0.468956 0.774316 0.453000 0.607903 0.447104 0.585866 0.450919 0.566109 0.456122 0.558511
0 0.439473 0.551672 0.431495 0.567629 0.431148 0.601064 0.435310 0.625380 0.439820 0.807751 0.464794 0.798632 0.454041 0.613982 0.453347 0.569909 0.450919 0.553191
0 0.421089 0.559271 0.428026 0.572188 0.436004 0.572948 0.437045 0.588906 0.434964 0.606383 0.432189 0.623860 0.440860 0.794073 0.417621 0.796353 0.412071 0.612462 0.405480 0.589666 0.402359 0.572948 0.406868 0.563830 0.415193 0.552432
0 0.396115 0.555471 0.401665 0.564590 0.411030 0.564590 0.413111 0.566109 0.414846 0.583587 0.410683 0.608663 0.408255 0.618541 0.418661 0.803191 0.385016 0.803191 0.382241 0.612462 0.379813 0.591945 0.381894 0.565350 0.389178 0.556231
0 0.362470 0.537234 0.344086 0.536474 0.336108 0.555471 0.334027 0.574468 0.328824 0.592705 0.319459 0.614742 0.271245 0.661854 0.287201 0.733283 0.323274 0.746960 0.354492 0.715046 0.375304 0.657295 0.383281 0.622340 0.388484 0.601824 0.388831 0.592705 0.382588 0.572188
0 0.301075 0.497720 0.241068 0.602584 0.268817 0.669453 0.319806 0.613222 0.334027 0.585106 0.343739 0.572948 0.347208 0.558511 0.349983 0.544073 0.349983 0.530395 0.331252 0.514438 0.315990 0.499240 0.306625 0.495441
0 0.620534 0.281155 0.620534 0.482523 0.620187 0.506079 0.616372 0.516717 0.609088 0.520517 0.601110 0.517477 0.596254 0.509878 0.591051 0.500000 0.589664 0.485562 0.589664 0.466565 0.591398 0.443769 0.595213 0.419453 0.600069 0.287994
0 0.648630 0.293313 0.661117 0.444529 0.664586 0.491641 0.643080 0.505319 0.619147 0.502280 0.621922 0.446809 0.622268 0.368541 0.620187 0.291033 0.647589 0.274316
0 0.434964 0.295593 0.443982 0.461246 0.447797 0.514438 0.445023 0.529635 0.419355 0.544073 0.412764 0.509119 0.415539 0.316109
0 0.408255 0.329027 0.415193 0.459726 0.419355 0.494681 0.413458 0.529635 0.399584 0.525076 0.389178 0.498480 0.394034 0.448328 0.390565 0.335106
0 0.385362 0.320669 0.398196 0.466565 0.399931 0.520517 0.387790 0.540274 0.369407 0.540274 0.356573 0.533435 0.352758 0.512918 0.352758 0.487842 0.356573 0.462766 0.366285 0.386018 0.368713 0.328267
0 0.329518 0.334347 0.321540 0.430091 0.313562 0.459726 0.312175 0.480243 0.320846 0.503799 0.337496 0.514438 0.351717 0.509878 0.357614 0.491641 0.360388 0.474924 0.354145 0.412614 0.353451 0.374620 0.361776 0.347264 0.349636 0.335106 0.339577 0.333587
0 0.556712 0.311550 0.559487 0.428571 0.558793 0.459726 0.558446 0.472644 0.559487 0.493921 0.564343 0.513678 0.575789 0.527356 0.586889 0.529635 0.591398 0.523556 0.592438 0.506839 0.591398 0.487842 0.591745 0.452888 0.593132 0.430851 0.599723 0.300152
