0 0.507942 0.360942 0.507251 0.534954 0.511740 0.569149 0.542472 0.555471 0.542472 0.515198 0.527970 0.343465 0.505525 0.338906
0 0.533494 0.338906 0.551796 0.337386 0.565262 0.505319 0.560773 0.550912 0.540746 0.549392 0.539019 0.490881
0 0.567334 0.332827 0.591851 0.337386 0.591851 0.528875 0.587017 0.565350 0.569061 0.555471 0.562500 0.527356
0 0.593577 0.327508 0.614296 0.329027 0.614296 0.555471 0.603591 0.569149 0.589779 0.549392
0 0.617058 0.331307 0.637086 0.335106 0.635359 0.499240 0.633633 0.563070 0.613605 0.563070 0.606354 0.549392
0 0.638812 0.341185 0.659876 0.341185 0.668163 0.560790 0.636395 0.572948 0.630870 0.559271
0 0.664365 0.338906 0.680594 0.341185 0.692680 0.465046 0.699931 0.521277 0.698895 0.539514 0.670925 0.560790 0.667127 0.527356
0 0.684392 0.335106 0.701657 0.335106 0.729972 0.479483 0.709945 0.533435 0.693370 0.499240
0 0.463743 0.354863 0.485497 0.359422 0.510014 0.543313 0.472721 0.549392
0 0.429213 0.367021 0.449931 0.373100 0.475483 0.559271 0.458909 0.582827 0.449931 0.559271 0.446478 0.525076
0 0.409185 0.354863 0.423688 0.354863 0.449931 0.544833 0.435428 0.594985 0.422652 0.582827 0.413674 0.517477
0 0.384669 0.367021 0.407113 0.360942 0.421616 0.588906 0.405387 0.613222 0.395373 0.593465
0 0.369820 0.357143 0.386395 0.360942 0.405387 0.566869 0.397099 0.607143 0.371892 0.598784 0.370856 0.565350
0 0.343577 0.367021 0.367403 0.370821 0.378108 0.565350 0.369130 0.601064 0.335290 0.587386 0.336326 0.555471
0 0.313536 0.360942 0.339088 0.367021 0.344613 0.543313 0.331837 0.588906 0.300760 0.565350 0.302831 0.511398
0 0.472721 0.587386 0.494475 0.585106 0.498273 0.603343 0.501727 0.819149 0.485497 0.816869 0.475483 0.689210
0 0.448204 0.588906 0.472721 0.588906 0.487224 0.825228 0.463743 0.821429 0.458218 0.702888
0 0.424378 0.603343 0.446478 0.593465 0.455456 0.648936 0.462707 0.864742 0.438881 0.859422 0.430939 0.718845
0 0.400898 0.623100 0.410912 0.601064 0.429903 0.626900 0.433702 0.869301 0.411948 0.867021 0.405387 0.712766
0 0.379834 0.613222 0.409876 0.617021 0.411948 0.653495 0.398135 0.870821 0.370856 0.853343 0.369820 0.743161
0 0.340815 0.607143 0.386395 0.619301 0.386395 0.658815 0.360843 0.863222 0.309047 0.816869 0.325622 0.743161 0.333564 0.674772
0 0.298343 0.579027 0.347376 0.601064 0.308356 0.847264 0.266229 0.772796 0.288329 0.686930 0.295580 0.658815
0 0.252762 0.601064 0.265539 0.585106 0.297307 0.635258 0.294544 0.685410 0.250000 0.778875 0.213743 0.721125 0.216506 0.674772
0 0.497238 0.582827 0.517265 0.577508 0.524517 0.829027 0.507251 0.825228
0 0.518992 0.581307 0.543508 0.572948 0.547997 0.585106 0.537293 0.826748 0.526243 0.813070
0 0.546271 0.577508 0.572514 0.582827 0.575276 0.636778 0.575276 0.737082 0.577003 0.847264 0.552486 0.835106 0.540746 0.696809
0 0.570787 0.591185 0.587017 0.579027 0.599793 0.598784 0.598066 0.679331 0.606354 0.813070 0.595304 0.832827 0.587017 0.826748 0.575276 0.723404
0 0.596340 0.593465 0.618094 0.575228 0.630870 0.604863 0.637086 0.799392 0.634323 0.825228 0.619820 0.825228 0.600829 0.689210
0 0.656077 0.581307 0.690608 0.549392 0.700622 0.577508 0.701657 0.625380 0.735152 0.740881 0.698895 0.771277 0.666091 0.685410
0 0.696133 0.556991 0.729972 0.522796 0.742403 0.555471 0.764503 0.699088 0.743439 0.729483 0.709945 0.663374
