0 0.463335 0.423252 0.459686 0.477204 0.469901 0.492401 0.485589 0.493921 0.493615 0.477204 0.492521 0.392097 0.497993 0.307751 0.498358 0.232523 0.502007 0.190729 0.502371 0.151976 0.492886 0.130699 0.484495 0.155775 0.477198 0.274316 0.471726 0.325228
0 0.433418 0.411854 0.435972 0.465805 0.442174 0.482523 0.454943 0.472644 0.464794 0.436170 0.464429 0.392097 0.456768 0.316109 0.453119 0.249240 0.448741 0.205927 0.443269 0.167173 0.431594 0.147416 0.420649 0.148176 0.416636 0.184650 0.417001 0.214286 0.427216 0.271277 0.429405 0.316109 0.429405 0.360942
0 0.415177 0.416413 0.421744 0.478723 0.432689 0.487082 0.450565 0.451368 0.452754 0.414134 0.445093 0.338906 0.442539 0.297872 0.433054 0.215805 0.427946 0.187690 0.417731 0.152736 0.409340 0.148176 0.406056 0.175532 0.403138 0.231003 0.408610 0.284195 0.409340 0.342705
0 0.387815 0.389818 0.385991 0.471125 0.398760 0.497720 0.427581 0.474164 0.427946 0.414894 0.422474 0.322188 0.406056 0.234802 0.388179 0.177812 0.375410 0.167173 0.371397 0.178571 0.372492 0.262158 0.380883 0.305471 0.386720 0.342705
0 0.275812 0.386018 0.271799 0.452888 0.294053 0.479483 0.316673 0.477964 0.325429 0.449848 0.322875 0.368541 0.317767 0.294073 0.317767 0.256079 0.313754 0.199848 0.302080 0.198328 0.289675 0.227964 0.291135 0.280395
0 0.298431 0.473404 0.283108 0.474924 0.258665 0.531915 0.238599 0.579787 0.228384 0.607903 0.229113 0.642857 0.240423 0.652736 0.276541 0.620061 0.319591 0.575228 0.329807 0.529635 0.328347 0.503040 0.317038 0.485562 0.306093 0.476444
0 0.394382 0.527356 0.386720 0.591945 0.379059 0.666413 0.376140 0.721125 0.378329 0.759878 0.386720 0.790274 0.395476 0.797872 0.411529 0.789514 0.415542 0.697568 0.427581 0.626900 0.437432 0.589666 0.439256 0.562310 0.435972 0.534195 0.421379 0.527356 0.403138 0.531915
0 0.434513 0.516717 0.423568 0.525076 0.421744 0.553951 0.439621 0.651976 0.447282 0.763678 0.455673 0.816869 0.464794 0.832827 0.478657 0.817629 0.471361 0.722644 0.456038 0.592705 0.450201 0.535714 0.446188 0.512918
0 0.454214 0.507599 0.446917 0.509119 0.456403 0.585106 0.463335 0.684650 0.476468 0.786474 0.483035 0.838906 0.491426 0.848784 0.499088 0.825988 0.484860 0.670973 0.476104 0.565350 0.471726 0.511398 0.470631 0.499240 0.461510 0.500760
0 0.478293 0.502280 0.470996 0.509119 0.479022 0.597264 0.485954 0.701368 0.494710 0.773556 0.503101 0.809271 0.513681 0.784195 0.509303 0.677052 0.495804 0.568389 0.493615 0.517477 0.487778 0.502280
0 0.503831 0.489362 0.496899 0.502280 0.492156 0.522036 0.497629 0.594225 0.510762 0.702128 0.516965 0.758359 0.521707 0.778116 0.531193 0.772796 0.524626 0.688450 0.519518 0.585866 0.514046 0.529635 0.512951 0.493921
0 0.522802 0.500000 0.517694 0.500000 0.510762 0.505319 0.517694 0.564590 0.526815 0.641337 0.528274 0.712006 0.533017 0.768997 0.536301 0.788754 0.550529 0.800912 0.555637 0.788754 0.547975 0.680091 0.539949 0.564590 0.539584 0.531915 0.539949 0.509119 0.535936 0.500760
0 0.543597 0.504559 0.536665 0.508359 0.537760 0.560030 0.562933 0.754559 0.571689 0.813830 0.582634 0.838906 0.595403 0.833587 0.594309 0.769757 0.578621 0.678571 0.569135 0.549392 0.569500 0.522036 0.568406 0.506839 0.562204 0.501520
0 0.576797 0.503040 0.566946 0.514438 0.569500 0.558511 0.576432 0.670213 0.593579 0.768997 0.607078 0.805471 0.618752 0.810030 0.623495 0.781915 0.607807 0.720365 0.600511 0.649696 0.599781 0.556231 0.597957 0.516717 0.590660 0.506839
0 0.594673 0.518237 0.588107 0.530395 0.594309 0.578267 0.604889 0.677812 0.612915 0.750000 0.624954 0.787994 0.639912 0.791033 0.645750 0.765198 0.630427 0.637538 0.628238 0.549392 0.621306 0.503040 0.608902 0.504559
0 0.642831 0.498480 0.640642 0.525836 0.655600 0.624620 0.690259 0.709726 0.707771 0.729483 0.728931 0.725684 0.730390 0.681611 0.703393 0.598024 0.686611 0.549392 0.681868 0.512158 0.681868 0.490122 0.668734 0.485562 0.651222 0.492401
0 0.694637 0.477964 0.681138 0.489362 0.681138 0.522796 0.689894 0.563070 0.714703 0.640578 0.734768 0.681611 0.746078 0.693009 0.760671 0.696049 0.766509 0.662614 0.746443 0.597264 0.734039 0.518237 0.728931 0.473404 0.722364 0.468085 0.703028 0.469605
0 0.679314 0.372340 0.676395 0.432371 0.684787 0.468085 0.718716 0.457447 0.726377 0.373100 0.723094 0.289514 0.724188 0.233283 0.724188 0.198328 0.723459 0.169453 0.713608 0.167173 0.702298 0.197568 0.692813 0.302432
0 0.599781 0.398936 0.598322 0.440729 0.603794 0.462766 0.619482 0.466565 0.627508 0.430851 0.632616 0.338906 0.636994 0.264438 0.639912 0.230243 0.642101 0.158815 0.636629 0.126900 0.626414 0.123100 0.615834 0.170213
0 0.550164 0.422492 0.548340 0.472644 0.555637 0.493921 0.571324 0.493161 0.580810 0.461246 0.580810 0.329027 0.589931 0.232523 0.592484 0.174772 0.589566 0.129179 0.574608 0.132219 0.562933 0.234802 0.555637 0.309271 0.551259 0.373100
0 0.524261 0.434650 0.522437 0.476444 0.522802 0.486322 0.536665 0.490122 0.547610 0.480243 0.552353 0.416413 0.556001 0.278875 0.556001 0.172492 0.551623 0.145897 0.546151 0.144377 0.534112 0.216565 0.533017 0.272036 0.528274 0.344985
0 0.494345 0.420213 0.492886 0.481003 0.497629 0.492401 0.520613 0.484802 0.528639 0.474924 0.527180 0.428571 0.518059 0.256839 0.520613 0.161854 0.517329 0.113222 0.507114 0.118541 0.499818 0.141337
