0 0.481246 0.531915 0.480576 0.588906 0.502679 0.598024 0.507703 0.570669 0.508038 0.464286 0.508707 0.364742 0.507703 0.287994 0.503684 0.262158 0.484930 0.262158 0.484260 0.342705
0 0.464501 0.515957 0.462157 0.562310 0.466510 0.590426 0.476222 0.594985 0.486604 0.548632 0.491293 0.432371 0.493637 0.326748 0.490958 0.282675 0.481581 0.265957 0.468855 0.272036 0.465506 0.316109
0 0.441728 0.514438 0.442733 0.576748 0.451440 0.594985 0.464501 0.591945 0.473543 0.525076 0.469859 0.398936 0.471869 0.325988 0.470864 0.288754 0.463161 0.268237 0.450435 0.280395 0.443737 0.332827
0 0.426658 0.516717 0.425318 0.564590 0.428332 0.579027 0.443403 0.575988 0.452110 0.566869 0.458473 0.540274 0.454789 0.427052 0.454789 0.348024 0.454789 0.282675 0.447086 0.259119 0.434025 0.274316 0.432016 0.313070
0 0.407234 0.508359 0.404889 0.542553 0.418955 0.570669 0.435365 0.560790 0.440723 0.522036 0.440723 0.402736 0.440723 0.324468 0.436370 0.260638 0.425988 0.250760 0.418955 0.274316
0 0.381112 0.477964 0.375754 0.509119 0.381782 0.553951 0.396182 0.566869 0.416946 0.562310 0.421634 0.532675 0.424983 0.433131 0.425988 0.370061 0.425988 0.312310 0.422304 0.272796 0.411922 0.262158 0.401875 0.276596 0.396182 0.364742
0 0.354655 0.436170 0.344943 0.474924 0.352646 0.509119 0.365037 0.525076 0.382786 0.518237 0.395847 0.474924 0.397857 0.417933 0.407569 0.348784 0.408238 0.280395 0.405559 0.260638 0.390824 0.259119 0.369390 0.262918 0.366042 0.294073 0.364367 0.362462 0.359678 0.408815
0 0.326189 0.405015 0.317482 0.432371 0.314133 0.458967 0.320161 0.500000 0.338915 0.515957 0.351976 0.500000 0.361353 0.471125 0.366042 0.426292 0.380777 0.364742 0.386470 0.329027 0.382786 0.292553 0.378098 0.262918 0.371400 0.256839 0.361353 0.260638 0.353650 0.282675 0.349297 0.322948 0.338580 0.370061
0 0.506028 0.522796 0.506028 0.573708 0.506363 0.596505 0.517080 0.608663 0.529136 0.601064 0.532485 0.566109 0.530141 0.441489 0.530141 0.357143 0.530141 0.298632 0.530141 0.266717 0.520094 0.246201 0.508038 0.286474
0 0.529136 0.520517 0.531145 0.585866 0.534159 0.594225 0.545211 0.596505 0.550234 0.588146 0.552579 0.541793 0.547220 0.430851 0.549565 0.326748 0.549565 0.253040 0.543537 0.248480 0.534829 0.256079 0.530810 0.268237
0 0.545546 0.512158 0.543537 0.550152 0.552914 0.597264 0.559946 0.602584 0.567984 0.585866 0.573677 0.506079 0.573007 0.357143 0.568654 0.287994 0.555258 0.261398 0.547220 0.287994
0 0.558942 0.505319 0.555258 0.546353 0.559946 0.572948 0.571333 0.572188 0.582384 0.589666 0.589082 0.580547 0.594106 0.482523 0.587743 0.370061 0.586068 0.290274 0.581715 0.270517 0.569658 0.281915 0.564300 0.317629
0 0.575687 0.500760 0.573007 0.540274 0.586068 0.580547 0.601474 0.575988 0.606832 0.546353 0.599464 0.430091 0.596115 0.333587 0.592766 0.282675 0.581045 0.291033 0.577026 0.317629
0 0.591427 0.482523 0.593101 0.531915 0.598794 0.561550 0.614534 0.570669 0.631949 0.553191 0.634628 0.517477 0.625251 0.477964 0.623577 0.411094 0.620898 0.357903 0.614200 0.302432 0.607167 0.276596 0.596450 0.291033 0.589417 0.300912
0 0.623577 0.468085 0.631949 0.530395 0.647354 0.538754 0.660415 0.515957 0.665439 0.477964 0.656397 0.427052 0.654722 0.384498 0.651708 0.348024 0.646015 0.303951 0.635968 0.284954 0.621567 0.287994 0.615874 0.306231 0.613865 0.357143
0 0.649029 0.460486 0.657736 0.506079 0.668453 0.510638 0.690221 0.476444 0.685198 0.427052 0.669123 0.369301 0.656397 0.313070 0.650703 0.278875 0.644675 0.264438 0.633958 0.281915 0.640322 0.401216
0 0.688212 0.493921 0.668118 0.537994 0.661085 0.550912 0.670797 0.586626 0.690221 0.612462 0.732083 0.649696 0.749163 0.651976 0.759879 0.614742 0.745144 0.561550 0.716678 0.526596 0.693570 0.485562
0 0.625921 0.578267 0.622907 0.597264 0.628265 0.633739 0.661085 0.701368 0.707971 0.756839 0.722706 0.753040 0.739116 0.728723 0.741125 0.686170 0.725720 0.651976 0.694575 0.618541 0.682853 0.604863 0.672806 0.572948 0.665774 0.554711 0.656397 0.544833 0.641996 0.537234 0.638312 0.558511 0.630275 0.570669
0 0.589752 0.586626 0.587408 0.622340 0.598794 0.698328 0.605492 0.784954 0.616209 0.841185 0.630275 0.849544 0.637642 0.829787 0.622907 0.730243 0.620563 0.652736 0.619223 0.591945 0.607167 0.582827
0 0.575017 0.602584 0.564635 0.622340 0.568654 0.680091 0.567649 0.753040 0.575352 0.841185 0.588078 0.860182 0.597790 0.856383 0.601474 0.819909 0.588078 0.756839 0.595111 0.669453 0.598459 0.625380 0.594106 0.607903 0.586403 0.597264
0 0.556597 0.601824 0.543202 0.614742 0.540522 0.662614 0.538513 0.762158 0.545546 0.841185 0.555258 0.870061 0.565975 0.858663 0.566644 0.784954 0.570663 0.676292 0.574012 0.620061 0.567649 0.601064
0 0.539853 0.593465 0.530810 0.597264 0.525452 0.640578 0.515740 0.718845 0.510717 0.785714 0.514066 0.813070 0.526457 0.828267 0.532485 0.782675 0.539518 0.696809 0.548895 0.633739 0.549565 0.612462 0.546885 0.598024
0 0.510382 0.591945 0.504354 0.601064 0.505358 0.669453 0.503349 0.734802 0.503349 0.797112 0.509712 0.805471 0.517080 0.785714 0.522103 0.704407 0.525452 0.637538 0.529471 0.597264 0.525452 0.588906 0.514735 0.588906
0 0.488279 0.588906 0.482585 0.594225 0.485934 0.646657 0.488614 0.701368 0.490958 0.764438 0.493637 0.793313 0.500000 0.794073 0.506028 0.762158 0.506363 0.678571 0.506363 0.620821 0.506363 0.600304 0.495311 0.591945
0 0.469859 0.596505 0.462157 0.602584 0.460817 0.632219 0.474883 0.724164 0.485265 0.788754 0.488948 0.809271 0.498995 0.801672 0.498995 0.745441 0.488279 0.652736 0.483925 0.602584
0 0.451440 0.591945 0.443068 0.605623 0.438044 0.650456 0.437709 0.738602 0.432016 0.853343 0.436370 0.881459 0.452110 0.881459 0.463831 0.810790 0.465841 0.688450 0.470864 0.645897 0.469190 0.613222 0.464166 0.594225
0 0.428332 0.589666 0.421299 0.601064 0.413597 0.629939 0.410918 0.734043 0.401206 0.809271 0.400536 0.851064 0.416276 0.854103 0.431346 0.759119 0.442733 0.664894 0.448091 0.634498 0.449096 0.620061 0.445077 0.598784 0.437374 0.589666
0 0.405894 0.572188 0.397857 0.594225 0.393838 0.645897 0.386470 0.741641 0.376423 0.806231 0.375084 0.845745 0.394843 0.854863 0.406229 0.780395 0.418955 0.668693 0.428332 0.622340 0.431346 0.601824 0.430676 0.584347 0.424313 0.578267
0 0.350301 0.513678 0.338580 0.525836 0.325184 0.557751 0.307435 0.594985 0.283992 0.623100 0.263228 0.648176 0.264903 0.714286 0.284327 0.728723 0.321165 0.694529 0.359678 0.651976 0.368386 0.623100 0.383791 0.593465 0.383791 0.569909 0.379437 0.544073 0.372070 0.533435
