0 0.465455 0.396657 0.466545 0.439970 0.466545 0.495441 0.470545 0.554711 0.484364 0.581307 0.512727 0.569149 0.512727 0.550912 0.509818 0.519757 0.506909 0.464286 0.502909 0.429331 0.494909 0.386018 0.490909 0.365502 0.471273 0.367781
0 0.441818 0.363982 0.440000 0.419453 0.434909 0.493161 0.438182 0.554711 0.448000 0.595745 0.464727 0.585866 0.470545 0.548632 0.466545 0.474924 0.463636 0.392097 0.464727 0.343465 0.441091 0.338906
0 0.413455 0.370061 0.408364 0.412614 0.406545 0.474924 0.406545 0.530395 0.411636 0.585866 0.424364 0.598024 0.434182 0.583587 0.438182 0.546353 0.436000 0.505319 0.436000 0.446049 0.436000 0.402736 0.434909 0.370061
0 0.381091 0.386018 0.380000 0.437690 0.380000 0.466565 0.380000 0.503040 0.378909 0.544073 0.380000 0.581307 0.390909 0.599544 0.414545 0.589666 0.417455 0.558511 0.410545 0.505319 0.408364 0.458207 0.406545 0.390578 0.405455 0.367781
0 0.355636 0.400456 0.354545 0.427052 0.354545 0.482523 0.353455 0.534195 0.352364 0.585866 0.360364 0.595745 0.375273 0.599544 0.380000 0.572948 0.377091 0.509878 0.377091 0.443769 0.374182 0.396657
0 0.324000 0.392097 0.322182 0.441489 0.321091 0.464286 0.318182 0.509878 0.314182 0.544073 0.312364 0.595745 0.325818 0.616261 0.337818 0.616261 0.349455 0.610182 0.352364 0.583587 0.354545 0.530395 0.354545 0.478723 0.351636 0.414894 0.349455 0.390578
0 0.287636 0.379939 0.287636 0.406535 0.287636 0.447568 0.282909 0.484802 0.273818 0.513678 0.269091 0.548632 0.272727 0.575228 0.284727 0.598024 0.298545 0.604103 0.307273 0.583587 0.313091 0.544073 0.316000 0.511398 0.316000 0.472644 0.321091 0.417173 0.318182 0.388298 0.305455 0.371581
0 0.504727 0.392097 0.506909 0.447568 0.508727 0.509878 0.510909 0.564590 0.521455 0.583587 0.535273 0.572948 0.541091 0.552432 0.537455 0.511398 0.530545 0.429331 0.528364 0.394377 0.521455 0.351064 0.506909 0.349544 0.504000 0.365502
0 0.533455 0.367781 0.533455 0.396657 0.535273 0.487082 0.540364 0.542553 0.554909 0.599544 0.565818 0.587386 0.566909 0.550912 0.564727 0.495441 0.560000 0.433891 0.553091 0.371581 0.547273 0.347264 0.538182 0.347264
0 0.562909 0.370061 0.562909 0.398936 0.560727 0.462006 0.560000 0.501520 0.560727 0.566869 0.571636 0.599544 0.593455 0.601824 0.596364 0.566869 0.596364 0.517477 0.596364 0.435410 0.601091 0.379939 0.587273 0.363982
0 0.606909 0.363982 0.604000 0.384498 0.599273 0.437690 0.592364 0.507599 0.588364 0.564590 0.592364 0.589666 0.606182 0.604103 0.620000 0.599544 0.625818 0.571429 0.624727 0.515957 0.626545 0.446049 0.626545 0.417173 0.628727 0.359422 0.618909 0.344985
0 0.640364 0.355623 0.635636 0.390578 0.632727 0.443769 0.632727 0.490881 0.629818 0.536474 0.627636 0.581307 0.636364 0.595745 0.656364 0.598024 0.668000 0.585866 0.668000 0.550912 0.666182 0.482523 0.662909 0.441489 0.662909 0.376140
0 0.674909 0.361702 0.674909 0.402736 0.672727 0.470365 0.669091 0.537994 0.676727 0.583587 0.701455 0.593465 0.716000 0.585866 0.714182 0.556991 0.706182 0.513678 0.698545 0.439970 0.692727 0.359422 0.673818 0.335106
0 0.701455 0.338906 0.699273 0.371581 0.702545 0.431611 0.709091 0.482523 0.714182 0.534195 0.722182 0.571429 0.735636 0.572948 0.752364 0.554711 0.755636 0.525836 0.746545 0.481003 0.737818 0.449848 0.725818 0.392097 0.719273 0.357903
0 0.510909 0.610182 0.505818 0.632979 0.498909 0.671733 0.492000 0.718845 0.494182 0.791033 0.505818 0.800912 0.507636 0.765957 0.515636 0.718845 0.523636 0.669453 0.526545 0.624620 0.524364 0.606383
0 0.543273 0.607903 0.531273 0.613982 0.526545 0.659574 0.522545 0.716565 0.516727 0.782675 0.524364 0.815350 0.531273 0.782675 0.541091 0.721125 0.547273 0.680091
0 0.556000 0.607903 0.550182 0.624620 0.549091 0.669453 0.545091 0.727204 0.543273 0.813830 0.563636 0.803191 0.569818 0.745441 0.573818 0.689970 0.576727 0.648936 0.580364 0.624620
0 0.585455 0.610182 0.577455 0.642857 0.577455 0.680091 0.577455 0.731003 0.580364 0.800912 0.591273 0.850304 0.604000 0.850304 0.604000 0.782675 0.604000 0.733283 0.609091 0.682371 0.612000 0.630699
0 0.618909 0.626900 0.613091 0.636778 0.610909 0.661854 0.610182 0.683891 0.604000 0.747720 0.604000 0.782675 0.610909 0.838146 0.622909 0.860942 0.633455 0.823708 0.638545 0.759878 0.640364 0.721125 0.642545 0.671733 0.642545 0.630699
0 0.653091 0.630699 0.645455 0.639058 0.645455 0.661854 0.657091 0.698328 0.679636 0.753799 0.697455 0.797112 0.715273 0.811550 0.724000 0.778875 0.720000 0.753799 0.704364 0.669453 0.682909 0.610182
0 0.702545 0.598024 0.696364 0.620061 0.710182 0.667933 0.736727 0.733283 0.752364 0.718845 0.750545 0.675532 0.746545 0.626900 0.728000 0.604103
0 0.490909 0.613982 0.482182 0.626900 0.475273 0.677812 0.469455 0.751520 0.472364 0.813830 0.484364 0.751520 0.490182 0.700608 0.496000 0.661854 0.501818 0.620061
0 0.451636 0.612462 0.448000 0.642857 0.448727 0.669453 0.451636 0.723404 0.452727 0.819909 0.459636 0.797112 0.467636 0.729483 0.471273 0.671733 0.477455 0.624620 0.462545 0.606383
0 0.432000 0.610182 0.421455 0.636778 0.420364 0.674012 0.420364 0.716565 0.420364 0.765957 0.423273 0.819909 0.434182 0.825988 0.441091 0.792553 0.441818 0.739362 0.448000 0.675532 0.452727 0.628419
0 0.402545 0.620061 0.388000 0.651216 0.386909 0.706687 0.394909 0.776596 0.398545 0.850304 0.407636 0.825988 0.415273 0.768237 0.416364 0.712766 0.422182 0.642857
0 0.371273 0.630699 0.366182 0.648936 0.365455 0.706687 0.362182 0.768237 0.361455 0.821429 0.361455 0.841945 0.378182 0.797112 0.382909 0.745441 0.394909 0.683891 0.397818 0.653495 0.382909 0.636778
0 0.332000 0.622340 0.320000 0.645137 0.315273 0.674012 0.314182 0.741641 0.311273 0.772036 0.312364 0.813830 0.343636 0.803191 0.357455 0.741641 0.362182 0.683891 0.368364 0.628419 0.342545 0.616261 0.320000 0.651216
0 0.283636 0.601824 0.258182 0.628419 0.253091 0.669453 0.244364 0.747720 0.254182 0.782675 0.280727 0.770517 0.299273 0.731003 0.311273 0.680091 0.321091 0.642857 0.312364 0.618541
0 0.239636 0.552432 0.230545 0.564590 0.220000 0.604103 0.214909 0.661854 0.227636 0.689970 0.251273 0.661854 0.266909 0.628419 0.270909 0.598024 0.258182 0.558511
