0 0.501722 0.290274 0.505510 0.523556 0.470730 0.524316 0.469353 0.451368 0.469353 0.282675 0.501377 0.279635
0 0.470386 0.276596 0.468664 0.467325 0.468664 0.528875 0.445937 0.529635 0.443526 0.483283 0.444215 0.282675
0 0.443871 0.256839 0.443526 0.408815 0.444904 0.503040 0.430785 0.529635 0.413912 0.513678 0.413912 0.476444 0.419421 0.382219 0.419421 0.259119
0 0.396694 0.252280 0.389463 0.482523 0.400826 0.509119 0.421143 0.481003 0.425275 0.446809 0.419421 0.248480
0 0.325413 0.244681 0.318871 0.476444 0.354683 0.490122 0.375344 0.478723 0.375000 0.248480
0 0.512741 0.284195 0.504821 0.524316 0.536846 0.528116 0.543388 0.506839 0.542355 0.441489 0.541322 0.268997 0.512052 0.267477
0 0.545455 0.265957 0.541322 0.452888 0.543044 0.506079 0.568182 0.506839 0.571970 0.480243 0.561983 0.266717
0 0.570592 0.229483 0.566460 0.348784 0.570937 0.495441 0.590909 0.526596 0.602273 0.512158 0.610193 0.471884 0.596419 0.218085 0.571970 0.215805
0 0.617080 0.257599 0.619835 0.484802 0.639118 0.502280 0.651860 0.487082 0.654270 0.457447 0.651171 0.416413 0.648072 0.243161 0.618113 0.244681
0 0.655303 0.234043 0.653237 0.433131 0.650138 0.461246 0.653581 0.476444 0.661846 0.488602 0.675964 0.490122 0.689050 0.487842 0.696625 0.478723 0.694215 0.452128 0.689050 0.403495 0.684917 0.239362
0 0.690427 0.227964 0.686639 0.340426 0.692493 0.443009 0.701791 0.481003 0.738292 0.454407 0.728650 0.385258 0.726928 0.241641
0 0.499311 0.541033 0.501377 0.737842 0.521006 0.735562 0.520661 0.582827 0.520661 0.537234
0 0.528926 0.534954 0.520317 0.544833 0.523072 0.759878 0.538567 0.759878 0.542700 0.610182 0.544766 0.537234
0 0.549242 0.526596 0.543733 0.553951 0.546488 0.690729 0.562672 0.802432 0.585055 0.787994 0.574380 0.604103 0.571281 0.535714 0.560262 0.518997
0 0.578512 0.530395 0.573003 0.557751 0.582989 0.780395 0.609160 0.768997 0.602273 0.602584 0.608471 0.543313 0.593320 0.526596 0.580923 0.524316
0 0.629477 0.512918 0.619835 0.517477 0.619146 0.542553 0.623967 0.572188 0.659435 0.763678 0.710055 0.731003 0.672865 0.562310 0.672521 0.540274 0.671143 0.528875 0.660813 0.515957 0.652548 0.507599 0.639118 0.507599
0 0.681129 0.503040 0.669421 0.512158 0.667700 0.525076 0.670455 0.544833 0.677342 0.583587 0.712121 0.740122 0.753788 0.672492 0.737259 0.612462 0.731061 0.596505 0.729339 0.574468 0.728306 0.538754 0.722796 0.507599 0.719008 0.490122 0.709022 0.485562 0.699380 0.486322 0.685606 0.500760
0 0.744835 0.511398 0.727961 0.578267 0.732094 0.605623 0.744490 0.627660 0.789601 0.694529 0.812672 0.604863 0.783058 0.552432 0.769284 0.509878 0.753788 0.495441
0 0.499311 0.541033 0.501377 0.757599 0.482782 0.756079 0.480372 0.594985 0.479339 0.541033
0 0.479339 0.541033 0.457989 0.539514 0.459711 0.587386 0.464187 0.770517 0.483471 0.762918 0.480028 0.590426
0 0.444559 0.536474 0.436639 0.556991 0.439738 0.568389 0.435606 0.588906 0.429063 0.773556 0.457989 0.776596 0.460399 0.585866 0.458333 0.541793
0 0.433540 0.541793 0.424931 0.530395 0.415634 0.540274 0.412190 0.544073 0.410468 0.555471 0.411846 0.569909 0.400138 0.768997 0.423898 0.781915 0.434229 0.601824 0.440427 0.575988 0.439738 0.560030
0 0.409091 0.529635 0.399449 0.518237 0.394628 0.518997 0.389463 0.528116 0.382920 0.535714 0.381887 0.547872 0.383264 0.567629 0.369146 0.764438 0.390840 0.774316 0.409435 0.591185 0.415289 0.566869 0.417700 0.550152 0.415978 0.528875
0 0.373967 0.511398 0.359848 0.510638 0.356061 0.512158 0.347452 0.517477 0.342975 0.519757 0.341598 0.542553 0.310262 0.759878 0.360193 0.786474 0.382920 0.587386 0.390496 0.549392 0.391873 0.517477 0.384986 0.506079
0 0.332645 0.496201 0.298898 0.486322 0.290634 0.541793 0.291667 0.597264 0.270317 0.689970 0.311983 0.724164 0.336777 0.593465 0.346419 0.553951 0.352961 0.511398 0.347452 0.498480
0 0.272383 0.496201 0.194904 0.561550 0.213154 0.682371 0.273760 0.651216 0.290978 0.613222 0.292355 0.592705 0.287190 0.527356 0.277204 0.497720
