0 0.290300 0.475684 0.285307 0.512158 0.294579 0.539514 0.305278 0.534954 0.326676 0.557751 0.340228 0.539514 0.344508 0.459726 0.338445 0.373860 0.329173 0.316109 0.325963 0.301672 0.311698 0.271277 0.290656 0.284954 0.281384 0.311550 0.286377 0.405015
0 0.340228 0.493161 0.336305 0.536474 0.355920 0.562310 0.383024 0.532675 0.380171 0.478723 0.379101 0.411854 0.375178 0.371581 0.370542 0.325988 0.366262 0.297872 0.357703 0.297112 0.334522 0.316869 0.332026 0.369301 0.340585 0.446049
0 0.379458 0.484802 0.381954 0.534954 0.398003 0.541033 0.414765 0.544833 0.421184 0.519757 0.422254 0.468085 0.410128 0.379179 0.406919 0.319909 0.404066 0.287234 0.398003 0.262158 0.389800 0.265957 0.380171 0.314590 0.378745 0.375380
0 0.404779 0.477204 0.403709 0.507599 0.413695 0.544833 0.429030 0.529635 0.433666 0.540274 0.439729 0.521277 0.441869 0.465805 0.435806 0.404255 0.430100 0.341945 0.427247 0.301672 0.426534 0.262918 0.420827 0.240122 0.410485 0.243921 0.401569 0.306231 0.398003 0.379179 0.401926 0.455927
0 0.428673 0.492401 0.429030 0.525076 0.439729 0.549392 0.448288 0.538754 0.461484 0.473404 0.457561 0.439210 0.451498 0.362462 0.449715 0.319149 0.446862 0.264438 0.444365 0.227964 0.437233 0.213526 0.429030 0.226444 0.424750 0.368541
0 0.453638 0.476444 0.453638 0.534195 0.468260 0.553951 0.481098 0.541033 0.481455 0.475684 0.481098 0.411094 0.477532 0.368541 0.474679 0.328267 0.471113 0.292553 0.466476 0.273556 0.461840 0.278875 0.459344 0.316869
0 0.481098 0.481003 0.481812 0.531155 0.486805 0.548632 0.505706 0.544833 0.513909 0.526596 0.507489 0.443009 0.504280 0.386018 0.504280 0.347264 0.503923 0.306231 0.501070 0.282675 0.488944 0.274316 0.484308 0.300152 0.478959 0.380699
0 0.501783 0.471884 0.498930 0.506079 0.501427 0.524316 0.517118 0.532675 0.530314 0.520517 0.534950 0.490122 0.534950 0.435410 0.534950 0.384498 0.534950 0.336626 0.532810 0.290274 0.531384 0.262918 0.524608 0.252280 0.512839 0.252280 0.507133 0.306231
0 0.526748 0.484802 0.523538 0.528875 0.528531 0.549392 0.546362 0.552432 0.554922 0.523556 0.556705 0.454407 0.558488 0.380699 0.558488 0.343465 0.561341 0.275076 0.562767 0.241641 0.550999 0.237842 0.544579 0.260638
0 0.555635 0.467325 0.552782 0.493921 0.552782 0.504559 0.553852 0.521277 0.560271 0.546353 0.570970 0.557751 0.579886 0.553191 0.584879 0.514438 0.587732 0.443009 0.589872 0.370821 0.595934 0.322948 0.598074 0.272036 0.598074 0.241641 0.593795 0.236322 0.584165 0.243161 0.563124 0.388298
0 0.578459 0.482523 0.574536 0.506079 0.580243 0.541033 0.589158 0.541033 0.596648 0.553191 0.607347 0.553951 0.612340 0.522796 0.611983 0.449088 0.617332 0.390578 0.620899 0.354103 0.622682 0.312310 0.618046 0.285714 0.608417 0.291033
0 0.605207 0.498480 0.601641 0.520517 0.609486 0.548632 0.619116 0.545593 0.623752 0.555471 0.637660 0.534954 0.640870 0.515957 0.640514 0.471125 0.642297 0.359422 0.644080 0.289514 0.641940 0.263678 0.627318 0.263678 0.613766 0.379939
0 0.634807 0.500000 0.632668 0.525836 0.639800 0.551672 0.655136 0.547112 0.670827 0.556231 0.679743 0.535714 0.679743 0.488602 0.682953 0.398936 0.684379 0.338906 0.685093 0.276596 0.672254 0.246201 0.659772 0.279635
0 0.677960 0.475684 0.680813 0.528116 0.689372 0.541033 0.716476 0.522036 0.725036 0.507599 0.722539 0.468085 0.715050 0.391337 0.709700 0.331307 0.709344 0.294833 0.706134 0.254559 0.694722 0.265198 0.689372 0.277356
0 0.714693 0.458967 0.722183 0.506079 0.736805 0.514438 0.748930 0.503040 0.762126 0.463526 0.758203 0.417933 0.751070 0.350304 0.745364 0.297872 0.739301 0.264438 0.731812 0.241641 0.718973 0.237082 0.711127 0.246960 0.707204 0.304711
0 0.718973 0.557751 0.711840 0.587386 0.716476 0.614742 0.728245 0.672492 0.742867 0.732523 0.760342 0.754559 0.778887 0.746960 0.784593 0.708967 0.778531 0.649696 0.770328 0.605623 0.766762 0.569909 0.760342 0.547112 0.756063 0.544073 0.741441 0.553951 0.730385 0.554711
0 0.687589 0.577508 0.666904 0.590426 0.660128 0.613222 0.667974 0.674012 0.683310 0.749240 0.705777 0.795593 0.720399 0.822188 0.741084 0.810030 0.742867 0.769757 0.740728 0.721125 0.727889 0.673252 0.718973 0.629939 0.713267 0.588146 0.707917 0.571429 0.696862 0.572948
0 0.594151 0.609422 0.587019 0.620061 0.584879 0.635258 0.598074 0.681611 0.606277 0.754559 0.614836 0.810030 0.625892 0.841185 0.637660 0.835106 0.638374 0.781915 0.626961 0.688450 0.624108 0.642097 0.624108 0.620061 0.617332 0.601824 0.606277 0.599544
0 0.568830 0.601064 0.562767 0.619301 0.563481 0.645897 0.569544 0.702888 0.579529 0.784954 0.594864 0.833587 0.604494 0.829027 0.604850 0.769757 0.595934 0.666413 0.592725 0.619301 0.589515 0.601064 0.578103 0.591945
0 0.539230 0.582827 0.533524 0.605623 0.533524 0.667173 0.541726 0.768997 0.549215 0.846505 0.563837 0.882219 0.570970 0.876900 0.569900 0.790274 0.565264 0.680091 0.562767 0.599544 0.556705 0.579787 0.548502 0.580547
0 0.521398 0.569909 0.509629 0.572948 0.511056 0.604863 0.515335 0.696049 0.520328 0.790274 0.533524 0.823708 0.537090 0.801672 0.535663 0.696809 0.533524 0.629179 0.533524 0.592705 0.534950 0.574468 0.526034 0.568389
0 0.503210 0.574468 0.496790 0.575988 0.495364 0.607903 0.500000 0.657295 0.500357 0.732523 0.503566 0.772796 0.508559 0.792553 0.515335 0.788754 0.516762 0.740881 0.516049 0.621581 0.517118 0.586626 0.517118 0.571429 0.506419 0.569149
0 0.487874 0.572188 0.481812 0.577508 0.486091 0.668693 0.487874 0.749240 0.493224 0.808511 0.501783 0.788754 0.500357 0.675532 0.504993 0.587386 0.506063 0.578267 0.500357 0.566869
0 0.468616 0.572188 0.460057 0.577508 0.460057 0.626140 0.468260 0.724924 0.476462 0.806991 0.483595 0.814590 0.492154 0.804711 0.487161 0.694529 0.485735 0.611702 0.485735 0.582067 0.480385 0.572188
0 0.442582 0.576748 0.436163 0.598784 0.436876 0.642857 0.439372 0.764438 0.441869 0.829027 0.443652 0.857143 0.450071 0.874620 0.459344 0.851064 0.464337 0.702128 0.467190 0.620061 0.463980 0.585866 0.455421 0.572948
0 0.417261 0.592705 0.406205 0.613222 0.406919 0.669453 0.408702 0.746960 0.412981 0.814590 0.425820 0.822948 0.433310 0.777356 0.438659 0.655775 0.439372 0.612462 0.433666 0.599544 0.425464 0.587386 0.420471 0.587386
0 0.388374 0.596505 0.379815 0.614742 0.380171 0.683891 0.380171 0.787994 0.381598 0.835106 0.388730 0.840426 0.400143 0.819909 0.410485 0.720365 0.412625 0.658055 0.417974 0.623100 0.414408 0.598784 0.403352 0.596505 0.398003 0.588146
0 0.346291 0.598784 0.336305 0.601824 0.329886 0.617781 0.333096 0.659574 0.328103 0.741641 0.319900 0.790274 0.328103 0.843465 0.343081 0.849544 0.376961 0.772036 0.380171 0.686170 0.386234 0.635258 0.388374 0.599544 0.384094 0.591185 0.369829 0.594985
0 0.301355 0.575988 0.291726 0.585866 0.281740 0.632219 0.273181 0.683131 0.258203 0.755319 0.257489 0.794833 0.271041 0.813830 0.303138 0.796353 0.325250 0.718845 0.337732 0.665653 0.345221 0.638298 0.348787 0.616261 0.343081 0.600304 0.332739 0.583587 0.324893 0.581307 0.314907 0.587386 0.310628 0.575988 0.305991 0.579787
