0 0.463758 0.516717 0.477129 0.527356 0.492611 0.527356 0.482759 0.284954 0.465165 0.282675 0.467628 0.402736 0.464462 0.460486
0 0.437720 0.500760 0.444405 0.506079 0.450035 0.509119 0.453202 0.507599 0.456721 0.490122 0.456721 0.465805 0.456721 0.443009 0.461647 0.374620 0.461999 0.324468 0.463054 0.268997 0.451443 0.263678 0.446165 0.301672 0.446165 0.346505 0.442998 0.362462 0.438776 0.396657 0.438776 0.419453 0.437368 0.469605 0.437368 0.490122
0 0.402182 0.469605 0.406404 0.487082 0.412386 0.494681 0.419775 0.494681 0.424349 0.484043 0.428571 0.456687 0.430331 0.415653 0.431738 0.384498 0.433146 0.356383 0.435609 0.294833 0.436664 0.244681 0.417312 0.240122 0.415201 0.315350 0.416608 0.361702 0.409219 0.418693 0.406052 0.443009
0 0.390218 0.469605 0.395848 0.462766 0.401126 0.467325 0.407460 0.432371 0.409923 0.365502 0.418719 0.229483 0.397959 0.227964 0.392329 0.289514 0.385996 0.367021 0.375792 0.410334 0.371217 0.452128 0.375792 0.464286 0.384940 0.470365
0 0.275862 0.369301 0.293103 0.389058 0.296622 0.389058 0.303308 0.394377 0.315975 0.393617 0.324419 0.389058 0.325475 0.354103 0.323012 0.313830 0.323012 0.291793 0.326179 0.241641 0.328290 0.174772 0.293103 0.161094 0.286770 0.184650 0.288177 0.237842 0.288529 0.278116 0.285362 0.327508 0.281492 0.344985
0 0.266010 0.161094 0.284659 0.172492 0.288177 0.231763 0.281844 0.329787 0.270936 0.367781 0.243139 0.327508 0.253343 0.285714 0.265658 0.225684
0 0.500704 0.524316 0.500352 0.450608 0.503519 0.275836 0.530612 0.275076 0.525686 0.424012 0.529909 0.503799 0.525686 0.526596 0.510556 0.524316
0 0.536946 0.507599 0.533075 0.439970 0.534483 0.391337 0.536594 0.285714 0.546094 0.287994 0.554891 0.470365 0.551020 0.500760
0 0.568262 0.479483 0.573892 0.492401 0.585855 0.495441 0.594652 0.470365 0.588318 0.449088 0.584448 0.389058 0.577410 0.217325 0.561224 0.217325 0.558058 0.329787 0.563336 0.437690 0.562280 0.462766
0 0.598170 0.459726 0.610837 0.472644 0.625264 0.455927 0.602745 0.222644 0.578466 0.231003 0.581985 0.350304 0.585855 0.411094 0.589374 0.443769 0.593244 0.460486
0 0.685433 0.391337 0.691766 0.399696 0.697748 0.399696 0.707600 0.393617 0.709360 0.388298 0.714286 0.386018 0.721675 0.380699 0.727657 0.361702 0.708304 0.193769 0.679099 0.198328 0.674173 0.262158 0.678044 0.296353 0.682618 0.310790 0.680155 0.353343
0 0.515834 0.545593 0.526038 0.549392 0.542928 0.707447 0.533075 0.718085 0.519001 0.646657 0.514778 0.582067
0 0.529557 0.544073 0.541872 0.539514 0.546798 0.546353 0.548557 0.573708 0.551724 0.599544 0.554539 0.635258 0.554539 0.654255 0.556298 0.693009 0.560873 0.725684 0.551020 0.728723 0.543631 0.699088 0.535890 0.661094 0.531668 0.590426
0 0.560873 0.528116 0.556298 0.554711 0.553835 0.567629 0.560873 0.731003 0.572484 0.749240 0.581281 0.720365 0.580929 0.642097 0.573892 0.538754 0.572132 0.528875
0 0.578114 0.541793 0.585855 0.573708 0.604856 0.703647 0.625264 0.695289 0.605911 0.552432 0.598874 0.501520 0.584448 0.502280 0.579521 0.521277
0 0.597467 0.496201 0.596411 0.484043 0.605911 0.484043 0.616467 0.481763 0.622801 0.487082 0.630190 0.513678 0.657284 0.666413 0.632301 0.686170 0.611541 0.550912
0 0.632301 0.439970 0.619986 0.458967 0.619282 0.474164 0.624912 0.491641 0.631597 0.505319 0.643913 0.545593 0.668895 0.644377 0.718156 0.579027 0.685433 0.506839 0.671710 0.465805 0.666432 0.427052 0.660099 0.416413 0.658691 0.425532 0.650246 0.425532 0.641802 0.433131 0.636524 0.436930
0 0.710415 0.398936 0.712878 0.425532 0.726601 0.452888 0.749120 0.516717 0.763195 0.532675 0.788177 0.484043 0.770232 0.443009 0.752991 0.395137 0.744194 0.357143 0.737861 0.353343 0.729064 0.373100 0.722379 0.383739
0 0.508093 0.549392 0.491555 0.552432 0.494722 0.611702 0.503519 0.728723 0.514778 0.730243 0.513371 0.645897 0.510204 0.579027 0.510204 0.559271
0 0.471499 0.546353 0.472555 0.638298 0.482055 0.728723 0.497185 0.729483 0.491555 0.625380 0.493315 0.582067 0.491907 0.548632
0 0.451795 0.533435 0.445461 0.544073 0.441590 0.567629 0.448628 0.733283 0.471147 0.745441 0.466573 0.597264 0.466221 0.556991 0.459184 0.540274
0 0.426108 0.514438 0.415552 0.521277 0.413441 0.555471 0.406404 0.679331 0.420127 0.723404 0.424349 0.688450 0.432442 0.620061 0.436664 0.572188 0.442998 0.544833 0.438072 0.529635 0.431034 0.517477
0 0.391274 0.492401 0.385644 0.490881 0.384588 0.497720 0.382125 0.527356 0.382829 0.564590 0.378958 0.626140 0.372977 0.693009 0.387051 0.712766 0.397959 0.667933 0.405700 0.602584 0.407460 0.563070 0.415904 0.512918 0.415904 0.501520 0.409219 0.495441 0.402533 0.486322 0.395848 0.490122
0 0.252991 0.572948 0.286066 0.637538 0.337438 0.535714 0.362421 0.460486 0.353624 0.438450 0.337438 0.445289 0.337438 0.426292 0.328290 0.420973 0.312104 0.420213 0.304715 0.424012 0.293103 0.474924 0.277621 0.516717 0.261787 0.552432
0 0.270936 0.367021 0.290992 0.398936 0.309993 0.403495 0.309993 0.418693 0.299437 0.450608 0.230823 0.561550 0.201619 0.496960 0.212175 0.465046 0.249120 0.414134 0.264954 0.374620
