0 0.502738 0.486322 0.517454 0.496201 0.533196 0.484043 0.532512 0.428571 0.531485 0.370821 0.533196 0.313070 0.533196 0.272036 0.511978 0.265957 0.508214 0.311550 0.507529 0.387538
0 0.533196 0.484043 0.548255 0.498480 0.558179 0.458967 0.557495 0.397416 0.557495 0.327508 0.558179 0.270517 0.533196 0.272036 0.530459 0.381459 0.531485 0.461246
0 0.557495 0.461246 0.570500 0.486322 0.579740 0.449088 0.580424 0.385258 0.580424 0.315350 0.573922 0.237082 0.558179 0.239362 0.558179 0.268237 0.557495 0.350304
0 0.582478 0.449088 0.590691 0.467325 0.599932 0.477964 0.606434 0.449088 0.603696 0.375380 0.605407 0.300912 0.605407 0.264438 0.585900 0.264438 0.580424 0.313070 0.581451 0.399696
0 0.622177 0.432371 0.634155 0.463526 0.646133 0.449088 0.656400 0.403495 0.650924 0.354863 0.650924 0.292553 0.650924 0.262158 0.630390 0.262158 0.626626 0.340426 0.623888 0.397416
0 0.653662 0.401976 0.657426 0.430851 0.662902 0.444529 0.673169 0.438450 0.683094 0.426292 0.683094 0.375380 0.684120 0.317629 0.685832 0.268237 0.684120 0.241641 0.666667 0.247720 0.660849 0.300912 0.649897 0.350304
0 0.502738 0.487842 0.473990 0.487842 0.477070 0.432371 0.480493 0.376900 0.482546 0.327508 0.483231 0.264438 0.503765 0.262158 0.507529 0.315350 0.506502 0.389058
0 0.475017 0.458967 0.462012 0.465046 0.454825 0.424012 0.458248 0.379179 0.458248 0.327508 0.461328 0.258359 0.484257 0.259878 0.481520 0.344225 0.478782 0.376900
0 0.455510 0.422492 0.450034 0.471884 0.439767 0.465046 0.430527 0.436930 0.430527 0.381459 0.432580 0.329787 0.437029 0.270517 0.443532 0.227204 0.457563 0.262158 0.459274 0.334347 0.458248 0.387538
0 0.439083 0.452888 0.427789 0.449088 0.415811 0.469605 0.411362 0.446809 0.414100 0.410334 0.415811 0.341945 0.412047 0.286474 0.414100 0.253799 0.438056 0.250000 0.439083 0.292553 0.439767 0.335866 0.442847 0.381459 0.443532 0.410334 0.443532 0.432371
0 0.412047 0.446809 0.398357 0.469605 0.386379 0.438450 0.391855 0.379179 0.392882 0.309271 0.388090 0.233283 0.410335 0.224924 0.414100 0.256079 0.413073 0.292553 0.417864 0.344225 0.417864 0.376900 0.417864 0.414134
0 0.384326 0.436930 0.380561 0.451368 0.372348 0.444529 0.359343 0.426292 0.354894 0.417933 0.359343 0.358663 0.359343 0.315350 0.362081 0.247720 0.377823 0.231003 0.391855 0.274316 0.390828 0.311550 0.392882 0.356383 0.390828 0.387538
0 0.354894 0.416413 0.340178 0.417933 0.327173 0.414134 0.327858 0.375380 0.322382 0.323708 0.313142 0.274316 0.315195 0.227204 0.334360 0.235562 0.343600 0.278875 0.351129 0.305471 0.358658 0.340426 0.358658 0.356383 0.359343 0.391337
0 0.501027 0.514438 0.504791 0.575988 0.511294 0.623860 0.514716 0.685410 0.523272 0.699848 0.526010 0.644377 0.521218 0.580547 0.519507 0.520517
0 0.518480 0.522796 0.532512 0.508359 0.546201 0.508359 0.546201 0.563830 0.546201 0.639818 0.546201 0.701368 0.533196 0.724164 0.532512 0.670973 0.529774 0.615502 0.524983 0.557751
0 0.547228 0.506839 0.569473 0.504559 0.570500 0.563830 0.572211 0.638298 0.572211 0.699848 0.561944 0.759119 0.554757 0.759119 0.552704 0.685410 0.548939 0.617021 0.548255 0.560030
0 0.571184 0.502280 0.583162 0.492401 0.596167 0.508359 0.594456 0.557751 0.595140 0.603343 0.595140 0.654255 0.597194 0.715805 0.584189 0.714286 0.579740 0.642097 0.573922 0.566109
0 0.596167 0.506839 0.608145 0.490122 0.621150 0.500000 0.623203 0.551672 0.628679 0.598784 0.620123 0.660334 0.612936 0.742401 0.604723 0.699848 0.601643 0.648176 0.596167 0.598784 0.595140 0.551672
0 0.621150 0.493921 0.633128 0.493921 0.651608 0.477964 0.661875 0.525076 0.675907 0.584347 0.691650 0.650456 0.665640 0.695289 0.649897 0.639818 0.631417 0.574468 0.623203 0.545593
0 0.650924 0.473404 0.670089 0.458967 0.686858 0.436930 0.698836 0.481763 0.717317 0.539514 0.733060 0.580547 0.720055 0.619301 0.709103 0.636018 0.689596 0.603343 0.677618 0.584347 0.660164 0.522796
0 0.502738 0.516717 0.477755 0.504559 0.477755 0.547872 0.482546 0.596505 0.481520 0.658815 0.481520 0.693009 0.494524 0.686930 0.495551 0.623860 0.497262 0.566109
0 0.475017 0.512918 0.460301 0.496201 0.451061 0.522796 0.451061 0.566109 0.451061 0.607143 0.448323 0.679331 0.462012 0.740881 0.473306 0.693009 0.472279 0.615502 0.478782 0.541033
0 0.452088 0.516717 0.439083 0.490122 0.420602 0.504559 0.422313 0.555471 0.423340 0.619301 0.427789 0.683131 0.439767 0.736322 0.451061 0.679331 0.449008 0.557751
0 0.425051 0.512918 0.405544 0.490122 0.396304 0.528875 0.397331 0.594985 0.399384 0.648176 0.402806 0.703647 0.404860 0.721884 0.412047 0.721884 0.418549 0.662614 0.426078 0.613222 0.425051 0.551672
0 0.388090 0.498480 0.378850 0.477964 0.366872 0.465046 0.353867 0.457447 0.346338 0.467325 0.338125 0.514438 0.332649 0.566109 0.322382 0.607143 0.314168 0.642097 0.334360 0.686930 0.349418 0.648176 0.365161 0.586626 0.384326 0.533435
0 0.350103 0.467325 0.334360 0.443009 0.325120 0.417933 0.302875 0.436930 0.290897 0.490122 0.268652 0.527356 0.264203 0.545593 0.277207 0.601064 0.297399 0.609422 0.317933 0.557751 0.340178 0.510638
