0 0.497902 0.260638 0.498951 0.510638 0.466783 0.506079 0.468881 0.373860 0.467832 0.252280 0.498252 0.246960
0 0.468531 0.252280 0.466783 0.510638 0.439860 0.506839 0.443007 0.456687 0.444056 0.418693 0.444056 0.383739 0.445105 0.311550 0.445455 0.255319
0 0.261888 0.220365 0.234965 0.428571 0.247552 0.454407 0.270280 0.479483 0.281119 0.462006 0.285664 0.416413 0.288112 0.391337 0.294406 0.288754 0.295455 0.236322
0 0.295804 0.237842 0.288811 0.393617 0.284266 0.430091 0.280070 0.469605 0.289161 0.484043 0.322378 0.496960 0.324126 0.463526 0.327972 0.416413 0.324476 0.343465 0.326573 0.259119
0 0.321329 0.284954 0.326573 0.364742 0.327273 0.432371 0.323427 0.484802 0.331469 0.500000 0.368881 0.493161 0.373776 0.481003 0.376573 0.462006 0.374825 0.445289 0.370280 0.433891 0.368182 0.403495 0.370979 0.349544 0.365385 0.268237 0.319231 0.262158
0 0.497902 0.241641 0.498601 0.509119 0.530769 0.503799 0.529371 0.411854 0.524825 0.253799
0 0.526224 0.250760 0.530769 0.514438 0.553846 0.511398 0.551748 0.386778 0.547203 0.251520
0 0.548601 0.250000 0.553147 0.502280 0.573776 0.493921 0.578322 0.468085 0.577972 0.441489 0.573077 0.414134 0.576923 0.253799
0 0.576923 0.252280 0.574476 0.412614 0.572727 0.422492 0.568881 0.432371 0.568182 0.441489 0.567483 0.458207 0.568182 0.470365 0.572028 0.483283 0.576573 0.489362 0.586364 0.499240 0.597552 0.484043 0.601399 0.469605 0.602098 0.441489 0.598951 0.413374 0.600699 0.258359
0 0.600699 0.255319 0.595455 0.502280 0.625524 0.496960 0.630070 0.261398
0 0.630769 0.262918 0.623776 0.506079 0.656643 0.510638 0.676923 0.495441 0.667483 0.408815 0.678322 0.266717
0 0.680420 0.234802 0.667483 0.409574 0.676573 0.502280 0.713287 0.485562 0.715734 0.464286 0.711189 0.386778 0.713636 0.227964
0 0.712937 0.227964 0.709091 0.344985 0.713636 0.434650 0.716084 0.488602 0.755594 0.462006 0.753846 0.407295 0.740909 0.221125
0 0.496503 0.541793 0.502098 0.758359 0.518881 0.752280 0.517832 0.616261 0.517832 0.535714
0 0.517832 0.532675 0.515734 0.767477 0.532168 0.764438 0.537413 0.601064 0.540210 0.531915
0 0.539510 0.531155 0.531818 0.765957 0.559790 0.768237 0.561189 0.600304 0.557343 0.566109 0.559091 0.532675
0 0.559441 0.533435 0.557343 0.568389 0.561189 0.607143 0.560839 0.803191 0.587762 0.800152 0.584965 0.592705 0.583217 0.579027 0.581119 0.566109 0.582867 0.556231 0.587063 0.526596
0 0.585315 0.531155 0.583217 0.792553 0.626923 0.789514 0.615734 0.532675
0 0.643706 0.532675 0.701748 0.794073 0.753147 0.731763 0.696503 0.496201
0 0.698252 0.503799 0.753846 0.733283 0.805944 0.661854 0.748252 0.469605
0 0.475175 0.541033 0.477273 0.600304 0.490909 0.771277 0.504545 0.762158 0.495455 0.537234
0 0.451748 0.541033 0.475524 0.539514 0.489510 0.767477 0.471329 0.771277 0.463986 0.655015 0.457692 0.586626
0 0.427622 0.541793 0.452098 0.537234 0.457692 0.584347 0.463986 0.655775 0.473427 0.794073 0.439860 0.794833 0.432517 0.638298 0.432168 0.587386
0 0.243357 0.465805 0.202448 0.649696 0.249301 0.705927 0.280070 0.573708 0.283916 0.556991 0.290909 0.547872 0.293007 0.531915 0.294056 0.520517 0.297203 0.499240
0 0.296853 0.500760 0.286713 0.536474 0.283916 0.559271 0.247203 0.713526 0.300000 0.763678 0.336014 0.583587 0.339860 0.563070 0.341259 0.550912 0.339860 0.534195 0.339860 0.522796
0 0.340559 0.529635 0.387762 0.530395 0.372727 0.781155 0.312238 0.734043 0.336364 0.584347 0.335664 0.575988 0.335315 0.565350 0.334965 0.550912 0.336364 0.544073 0.337063 0.541033
0 0.388112 0.545593 0.413636 0.539514 0.416084 0.553951 0.416783 0.569149 0.413636 0.599544 0.410839 0.626140 0.412238 0.648936 0.411538 0.672492 0.406294 0.795593 0.376224 0.787234 0.383916 0.598784 0.381469 0.582827 0.382517 0.565350 0.383566 0.560030
0 0.415035 0.542553 0.408741 0.556231 0.406643 0.564590 0.406294 0.580547 0.406294 0.599544 0.406993 0.620821 0.409790 0.639818 0.410490 0.664134 0.413287 0.688450 0.413287 0.708207 0.413287 0.747720 0.412238 0.800152 0.439510 0.794073 0.432867 0.635258 0.433217 0.591945 0.434266 0.574468 0.432867 0.560030 0.429371 0.545593
0 0.438112 0.223404 0.441958 0.386778 0.443706 0.455927 0.437762 0.496960 0.424476 0.501520 0.418881 0.501520 0.414685 0.486322 0.412937 0.473404 0.418881 0.220365 0.438462 0.211246
0 0.400699 0.253799 0.395105 0.431611 0.391958 0.477204 0.396154 0.500000 0.401399 0.512918 0.405594 0.512918 0.413636 0.512918 0.419930 0.503799 0.424825 0.494681 0.429371 0.464286 0.417133 0.232523 0.399301 0.235562
0 0.390909 0.226444 0.400699 0.413374 0.399650 0.430851 0.402448 0.450608 0.403497 0.464286 0.401399 0.482523 0.397902 0.500000 0.390909 0.509119 0.382867 0.510638 0.379021 0.509119 0.375175 0.505319 0.370629 0.493921 0.368881 0.483283 0.369930 0.458967 0.371678 0.433131 0.369930 0.243161
