0 0.498931 0.329787 0.482894 0.410334 0.477192 0.439970 0.469351 0.480243 0.469351 0.496960 0.481112 0.509878 0.495011 0.509878 0.506771 0.500760 0.506771 0.467325 0.506771 0.427052 0.516750 0.385258 0.519601 0.342705 0.520670 0.321429
0 0.472202 0.294073 0.468282 0.313070 0.460442 0.351064 0.454383 0.382979 0.443336 0.433891 0.440485 0.465046 0.452245 0.480243 0.473272 0.473404 0.480043 0.443769 0.482181 0.410334 0.491803 0.359422 0.495011 0.332067 0.501782 0.300912
0 0.423735 0.323708 0.426586 0.363982 0.424804 0.399696 0.419815 0.439970 0.418746 0.467325 0.418746 0.494681 0.428724 0.509878 0.439416 0.511398 0.448325 0.490881 0.455453 0.465046 0.455453 0.408055 0.455453 0.380699 0.455453 0.348784 0.456165 0.321429 0.449394 0.287994
0 0.405916 0.323708 0.403778 0.338906 0.398788 0.372340 0.395937 0.404255 0.395937 0.429331 0.393799 0.452888 0.393086 0.481763 0.393086 0.500760 0.399857 0.513678 0.415895 0.513678 0.429437 0.496960 0.430506 0.471884 0.429437 0.439970 0.428724 0.389058 0.428724 0.359422 0.428724 0.319909 0.418746 0.304711
0 0.375980 0.291793 0.375980 0.321429 0.374198 0.363982 0.372060 0.386778 0.370278 0.418693 0.368140 0.448328 0.366358 0.480243 0.366358 0.505319 0.373129 0.522036 0.393799 0.511398 0.404847 0.477964 0.404847 0.442249 0.400927 0.386778 0.401996 0.344985 0.405916 0.302432 0.405916 0.281915 0.375267 0.271277
0 0.328582 0.290274 0.327512 0.321429 0.327512 0.348784 0.327512 0.389058 0.329651 0.416413 0.331433 0.443769 0.331433 0.469605 0.326800 0.509878 0.354241 0.513678 0.372060 0.507599 0.368140 0.306991 0.367071 0.277356
0 0.543478 0.334347 0.534569 0.355623 0.523521 0.386778 0.517819 0.414894 0.513899 0.446049 0.507840 0.475684 0.507840 0.496960 0.509622 0.513678 0.520670 0.524316 0.529579 0.526596 0.535638 0.509878 0.539558 0.473404 0.547398 0.427052 0.553457 0.389058 0.561297 0.347264 0.567356 0.309271 0.545260 0.300912
0 0.580898 0.321429 0.571989 0.355623 0.566287 0.372340 0.555239 0.414894 0.538489 0.503040 0.536351 0.528875 0.560228 0.528875 0.562366 0.500760 0.567356 0.456687 0.573058 0.401976 0.580898 0.359422 0.590877 0.328267
0 0.616536 0.359422 0.606914 0.401976 0.594797 0.461246 0.591946 0.475684 0.588026 0.507599 0.585887 0.543313 0.598717 0.556231 0.605845 0.566869 0.606914 0.528875 0.616536 0.471884 0.621525 0.424772 0.628653 0.374620
0 0.633642 0.363982 0.628653 0.397416 0.624733 0.429331 0.622594 0.456687 0.619743 0.484043 0.615823 0.518237 0.613685 0.543313 0.613685 0.575228 0.627584 0.598024 0.633642 0.589666 0.636493 0.566869 0.638632 0.532675 0.642552 0.477964 0.647541 0.429331 0.651461 0.378419
0 0.513899 0.728723 0.514612 0.701368 0.514612 0.657295 0.508909 0.621581 0.505702 0.583587 0.505702 0.545593 0.516750 0.545593 0.522808 0.600304 0.526728 0.625380 0.528510 0.651216 0.530649 0.697568 0.531718 0.737842
0 0.537420 0.750000 0.535638 0.714286 0.530649 0.674012 0.524590 0.646657 0.522808 0.608663 0.521739 0.564590 0.521739 0.549392 0.545260 0.553951 0.544547 0.608663 0.544547 0.632219 0.544547 0.663374 0.545260 0.705927 0.547398 0.737842 0.550249 0.766717
0 0.560228 0.784195 0.553457 0.746201 0.546329 0.676292 0.551319 0.633739 0.554170 0.600304 0.557377 0.575228 0.557377 0.553951 0.563079 0.551672 0.574127 0.557751 0.578047 0.575228 0.574127 0.638298 0.571989 0.674012 0.571989 0.716565 0.571989 0.756839 0.575196 0.794833
0 0.590877 0.796353 0.589095 0.779635 0.583036 0.746201 0.578047 0.716565 0.576978 0.680851 0.576978 0.655015 0.576978 0.627660 0.580185 0.595745 0.585887 0.585866 0.593015 0.583587 0.598717 0.587386 0.599786 0.608663 0.599786 0.640578 0.598004 0.652736 0.594084 0.693009 0.594797 0.712006 0.598004 0.743921
0 0.619743 0.828267 0.613685 0.781915 0.609765 0.728723 0.605845 0.693009 0.602994 0.646657 0.600855 0.614742 0.602994 0.589666 0.613685 0.589666 0.624733 0.595745 0.625445 0.625380 0.625445 0.661854 0.625445 0.689210 0.619743 0.752280 0.623664 0.781915
0 0.649323 0.798632 0.644334 0.781915 0.635424 0.752280 0.631504 0.728723 0.631504 0.708207 0.631504 0.676292 0.623664 0.636018 0.623664 0.614742 0.625445 0.598024 0.644334 0.591945 0.667142 0.587386 0.673200 0.623860 0.674982 0.661854 0.674982 0.697568 0.674982 0.718845 0.674982 0.747720 0.676051 0.784195
0 0.730577 0.737842 0.718817 0.644377 0.716679 0.585866 0.712758 0.553951 0.696009 0.551672 0.677120 0.562310 0.672131 0.594225 0.672131 0.619301 0.693870 0.720365 0.702780 0.743921 0.719530 0.762918
0 0.500000 0.720365 0.500000 0.680851 0.500713 0.642857 0.504989 0.594225 0.506771 0.556231 0.493942 0.545593 0.485032 0.545593 0.481112 0.583587 0.481112 0.600304 0.481112 0.617021 0.482181 0.663374 0.482894 0.705927 0.487170 0.743921
0 0.455453 0.760638 0.463293 0.731003 0.469351 0.699848 0.476123 0.661854 0.478261 0.629939 0.478261 0.591945 0.475053 0.556231 0.473984 0.538754 0.468282 0.524316 0.460442 0.524316 0.453314 0.545593 0.452245 0.566869 0.450463 0.587386 0.447256 0.619301 0.447256 0.640578 0.443336 0.678571 0.442623 0.735562 0.446543 0.775836
0 0.425517 0.758359 0.432644 0.743921 0.438346 0.712006 0.441554 0.680851 0.449394 0.627660 0.451532 0.594225 0.457234 0.538754 0.433713 0.537234 0.421597 0.551672 0.418746 0.576748 0.417676 0.602584 0.415895 0.633739 0.414825 0.670213 0.412687 0.709726 0.409836 0.741641 0.411618 0.760638
0 0.398788 0.760638 0.403778 0.733283 0.412687 0.670213 0.418746 0.633739 0.425517 0.591945 0.433713 0.576748 0.435495 0.564590 0.423735 0.545593 0.397006 0.541033 0.389879 0.581307 0.389879 0.623860 0.389879 0.655015 0.387028 0.682371 0.387028 0.718845 0.385959 0.754559 0.385959 0.768997 0.393799 0.787994
0 0.357448 0.743921 0.362438 0.724924 0.369209 0.690729 0.374198 0.659574 0.380257 0.629939 0.387028 0.600304 0.393799 0.562310 0.398076 0.543313 0.387028 0.534954 0.369209 0.538754 0.357448 0.538754 0.351390 0.538754 0.343550 0.537234 0.343550 0.572948 0.343550 0.606383 0.343550 0.629939 0.339629 0.648936 0.330720 0.678571 0.322523 0.703647 0.315752 0.727204 0.316821 0.746201 0.331433 0.754559 0.344619 0.758359
