0 0.478957 0.541033 0.493913 0.541033 0.507826 0.538754 0.505043 0.492401 0.502261 0.449088 0.493913 0.278875 0.478261 0.276596 0.473043 0.392857 0.470957 0.468085 0.474087 0.512918
0 0.451130 0.541033 0.475130 0.538754 0.475826 0.515198 0.470957 0.452128 0.463652 0.308511 0.448000 0.313070 0.451130 0.413374 0.448696 0.488602 0.449391 0.532675
0 0.424348 0.543313 0.440696 0.544073 0.449043 0.537234 0.450087 0.517477 0.446261 0.476444 0.444174 0.405775 0.426783 0.284954 0.414609 0.296353 0.419826 0.420973 0.422261 0.488602 0.420174 0.521277
0 0.399652 0.515957 0.400000 0.537994 0.402783 0.548632 0.414609 0.548632 0.419826 0.544833 0.431652 0.543313 0.434783 0.503040 0.424696 0.436930 0.409043 0.303191 0.394435 0.306991 0.400348 0.426292 0.399652 0.496201
0 0.313043 0.531915 0.325217 0.547112 0.337043 0.560790 0.347478 0.544073 0.349913 0.496960 0.344348 0.468085 0.344348 0.421733 0.331130 0.319149 0.309913 0.335106 0.310957 0.408055 0.315826 0.464286 0.312348 0.508359
0 0.509217 0.539514 0.530435 0.541033 0.538435 0.534954 0.537739 0.501520 0.537391 0.439970 0.522783 0.289514 0.508522 0.297872 0.507130 0.403495 0.505043 0.468085 0.505043 0.504559
0 0.539130 0.518237 0.539826 0.534954 0.560000 0.535714 0.562783 0.510638 0.559304 0.449848 0.548870 0.302432 0.534609 0.313070 0.537391 0.420213 0.537391 0.475684
0 0.559652 0.519757 0.569391 0.531915 0.577391 0.517477 0.584696 0.509878 0.584000 0.484043 0.575652 0.275836 0.554783 0.278116 0.556870 0.405015 0.556870 0.468085 0.557913 0.503799
0 0.568000 0.496201 0.570783 0.528116 0.583304 0.525836 0.588174 0.544073 0.598957 0.538754 0.603130 0.500000 0.589565 0.279635 0.573913 0.284954 0.571478 0.406535 0.569739 0.446809 0.569739 0.477964
0 0.592348 0.537994 0.591304 0.502280 0.594435 0.477964 0.596174 0.411854 0.592696 0.302432 0.605565 0.307751 0.614261 0.406535 0.619478 0.480243 0.620870 0.511398 0.621913 0.544833 0.612870 0.561550 0.606957 0.548632 0.601739 0.553951
0 0.617043 0.508359 0.622957 0.463526 0.624348 0.398936 0.625043 0.345745 0.627826 0.306991 0.659826 0.322188 0.656348 0.405015 0.656696 0.456687 0.664696 0.515957 0.659826 0.531915 0.653913 0.531915 0.645913 0.544833 0.632696 0.545593 0.625739 0.544833 0.618087 0.531915
0 0.500174 0.563830 0.526261 0.560790 0.523826 0.600304 0.513739 0.811550 0.499826 0.808511 0.504000 0.616261 0.498087 0.585866
0 0.523130 0.598024 0.522087 0.569149 0.535304 0.560790 0.550609 0.572188 0.549217 0.597264 0.546087 0.617781 0.533913 0.806991 0.519652 0.798632 0.524870 0.605623
0 0.546435 0.609422 0.549217 0.580547 0.557913 0.572188 0.570783 0.587386 0.571130 0.609422 0.568348 0.710486 0.566261 0.826748 0.543652 0.821429
0 0.571130 0.641337 0.565913 0.616261 0.569043 0.593465 0.581565 0.584347 0.588174 0.582827 0.593739 0.604103 0.592696 0.641337 0.586087 0.830547 0.572522 0.829027 0.571478 0.673252
0 0.681043 0.760638 0.656696 0.720365 0.641043 0.673252 0.617739 0.625380 0.614261 0.601824 0.620870 0.585866 0.632348 0.571429 0.650783 0.553951 0.662261 0.566109 0.672000 0.602584 0.680000 0.623860 0.731478 0.716565 0.694957 0.786474
0 0.668870 0.598784 0.654261 0.566869 0.659478 0.556231 0.667478 0.531915 0.674783 0.512918 0.684522 0.505319 0.695652 0.494681 0.701913 0.511398 0.712000 0.550912 0.722783 0.584347 0.758261 0.662614 0.737043 0.710486 0.703652 0.665653 0.693913 0.648936 0.678261 0.620061 0.672348 0.604103
0 0.478957 0.569909 0.496348 0.559271 0.498783 0.592705 0.497391 0.650456 0.496696 0.810030 0.479304 0.809271 0.475826 0.687690 0.476174 0.615502
0 0.450783 0.564590 0.468870 0.562310 0.478957 0.564590 0.477217 0.594225 0.473391 0.615502 0.468174 0.812310 0.456000 0.812310 0.454609 0.613982 0.452174 0.580547
0 0.430957 0.578267 0.445913 0.568389 0.452174 0.585106 0.450783 0.628419 0.437565 0.849544 0.422261 0.841945 0.423652 0.692249 0.426087 0.620821 0.425391 0.594985
0 0.402783 0.593465 0.412174 0.581307 0.417739 0.582067 0.425391 0.591945 0.428522 0.597264 0.426435 0.622340 0.423652 0.641337 0.421217 0.733283 0.414609 0.841185 0.400000 0.838146 0.402087 0.694529 0.401391 0.646657 0.400348 0.614742
0 0.375652 0.586626 0.387478 0.573708 0.394783 0.581307 0.405913 0.590426 0.404522 0.620821 0.401391 0.644377 0.397913 0.671733 0.394783 0.765198 0.381913 0.862462 0.363826 0.843465 0.375304 0.762158 0.378435 0.708967 0.375652 0.632979 0.373913 0.607903
0 0.310957 0.574468 0.316870 0.566109 0.331826 0.574468 0.340870 0.574468 0.350261 0.594985 0.348870 0.634498 0.340870 0.652736 0.328348 0.697568 0.310261 0.791793 0.271304 0.737082 0.283130 0.692249 0.302261 0.639058 0.306087 0.620061
