0 0.326943 0.591185 0.320438 0.601824 0.313591 0.627660 0.306402 0.709726 0.298186 0.744681 0.292366 0.784954 0.300240 0.832827 0.311537 0.840426 0.340637 0.780395 0.352619 0.712006 0.364944 0.655015 0.368025 0.623100 0.360493 0.609422 0.344403 0.597264 0.334132 0.596505
0 0.360151 0.615502 0.350907 0.630699 0.352619 0.680091 0.344745 0.763678 0.344745 0.820669 0.351592 0.860182 0.373160 0.848024 0.395070 0.768237 0.401575 0.689210 0.406025 0.644377 0.404314 0.623100 0.398494 0.608663 0.385142 0.613982 0.366998 0.613222
0 0.402602 0.610182 0.394385 0.617781 0.390277 0.643617 0.400890 0.716565 0.398836 0.803191 0.398151 0.838146 0.404998 0.867781 0.416980 0.843465 0.428278 0.724164 0.428278 0.650456 0.430332 0.620821 0.426566 0.604863 0.418692 0.606383
0 0.433071 0.600304 0.419377 0.610182 0.417665 0.641337 0.425539 0.735562 0.424512 0.826748 0.432386 0.874620 0.444026 0.871581 0.448819 0.806231 0.450531 0.718845 0.452585 0.655015 0.456693 0.629179 0.448819 0.613222 0.441972 0.603343
0 0.457035 0.591185 0.444368 0.606383 0.447792 0.657295 0.452585 0.723404 0.449846 0.801672 0.449846 0.839666 0.454296 0.867021 0.465594 0.867021 0.468333 0.792553 0.473810 0.678571 0.476891 0.613982 0.472441 0.590426 0.464909 0.589666
0 0.476207 0.601824 0.470387 0.604863 0.466963 0.620821 0.469702 0.658815 0.479288 0.788754 0.482027 0.832067 0.488874 0.843465 0.494351 0.825228 0.494351 0.727204 0.493324 0.634498 0.493324 0.607903 0.489901 0.594225
0 0.500856 0.595745 0.492297 0.594985 0.488189 0.598024 0.487162 0.612462 0.490928 0.686930 0.496405 0.800912 0.496405 0.825228 0.506676 0.844225 0.514207 0.831307 0.510099 0.740881 0.510099 0.649696 0.510099 0.611702 0.509072 0.595745
0 0.514892 0.594985 0.508730 0.598784 0.509415 0.642097 0.507703 0.752280 0.510099 0.819149 0.512153 0.831307 0.521054 0.824468 0.524136 0.686930 0.531667 0.620061 0.531325 0.601824 0.526532 0.590426
0 0.524820 0.712006 0.525163 0.787994 0.525163 0.837386 0.528928 0.858663 0.539199 0.863222 0.546388 0.762918 0.547073 0.684650 0.548785 0.632219 0.549812 0.617781 0.541595 0.600304 0.535775 0.586626 0.528928 0.590426 0.524478 0.594985 0.525847 0.628419
0 0.553920 0.610182 0.545019 0.617021 0.545019 0.658055 0.545704 0.753799 0.548442 0.826748 0.552208 0.873860 0.558713 0.890578 0.566244 0.873860 0.568299 0.765198 0.570353 0.686930 0.572064 0.646657 0.571722 0.621581 0.564875 0.609422
0 0.585416 0.611702 0.566244 0.635258 0.562821 0.657295 0.568983 0.731763 0.569668 0.817629 0.571722 0.844985 0.587128 0.870821 0.593975 0.845745 0.594659 0.688450 0.599452 0.649696 0.596713 0.625380 0.590894 0.617781
0 0.601506 0.632979 0.592948 0.628419 0.589182 0.662614 0.597056 0.775836 0.601849 0.841945 0.611434 0.871581 0.624101 0.878419 0.630606 0.846505 0.624786 0.732523 0.626498 0.689970 0.626840 0.662614 0.625128 0.632979 0.618966 0.619301 0.610750 0.624620
0 0.629921 0.627660 0.622047 0.631459 0.614516 0.653495 0.621705 0.715046 0.631975 0.813830 0.639507 0.845745 0.647039 0.867021 0.656282 0.874620 0.669634 0.868541 0.676481 0.805471 0.665526 0.718845 0.664156 0.685410 0.665183 0.644377 0.661075 0.625380 0.650462 0.617781 0.636768 0.626140
0 0.664841 0.617781 0.656624 0.626900 0.653201 0.670973 0.665868 0.746201 0.677165 0.825228 0.685039 0.855623 0.698391 0.857143 0.705238 0.776596 0.702157 0.680851 0.697364 0.639818 0.692571 0.613982 0.688463 0.605623 0.671688 0.613982
0 0.678192 0.539514 0.684697 0.589666 0.698391 0.611702 0.720986 0.568389 0.712085 0.517477 0.701814 0.477204 0.702841 0.444529 0.704553 0.414894 0.698733 0.382979 0.688121 0.382219 0.674769 0.442249 0.671003 0.486322
0 0.652174 0.556231 0.650805 0.587386 0.658336 0.609422 0.682643 0.603343 0.690517 0.566869 0.683328 0.504559 0.679904 0.439210 0.678192 0.403495 0.675111 0.392857 0.661075 0.397416 0.653886 0.433891 0.650805 0.496960
0 0.613489 0.541033 0.606984 0.555471 0.604245 0.588906 0.614516 0.613982 0.643615 0.611702 0.652174 0.604863 0.651489 0.544833 0.649093 0.433891 0.650805 0.397416 0.640876 0.380699 0.628894 0.395137 0.621363 0.460486 0.616912 0.528875
0 0.581308 0.549392 0.580623 0.600304 0.601506 0.611702 0.616227 0.595745 0.617939 0.515198 0.617939 0.427052 0.613146 0.390578 0.606299 0.375380 0.596029 0.389058 0.590209 0.446809
0 0.555974 0.544833 0.555289 0.583587 0.563848 0.594985 0.574118 0.591185 0.589524 0.598784 0.593975 0.565350 0.595002 0.460486 0.592605 0.382979 0.590551 0.360182 0.584047 0.345745 0.572407 0.379939
0 0.539199 0.521277 0.536460 0.550912 0.551181 0.600304 0.564875 0.588906 0.572749 0.558511 0.571037 0.479483 0.570695 0.358663 0.568641 0.329027 0.561452 0.316869 0.552550 0.329787
0 0.523109 0.515198 0.525163 0.559271 0.536802 0.575988 0.546046 0.572948 0.548100 0.492401 0.543307 0.357903 0.542280 0.320669 0.533037 0.300152 0.527901 0.306991 0.524820 0.335866 0.524820 0.411854
0 0.498117 0.502280 0.491270 0.528116 0.490928 0.556231 0.523109 0.572948 0.526190 0.525076 0.526532 0.395897 0.528244 0.304711 0.528244 0.266717 0.517289 0.256079 0.511126 0.276596 0.507703 0.358663 0.506676 0.411094
0 0.471414 0.505319 0.469017 0.537994 0.471414 0.575988 0.494351 0.570669 0.500856 0.563070 0.499829 0.487082 0.501883 0.389058 0.504279 0.321429 0.504964 0.291793 0.498117 0.264438 0.493324 0.271277
0 0.451215 0.510638 0.452927 0.563070 0.460459 0.583587 0.470045 0.578267 0.477234 0.544073 0.480657 0.486322 0.484081 0.414134 0.484423 0.337386 0.486477 0.309271 0.481342 0.282675 0.471756 0.303951 0.462855 0.396657 0.455324 0.471884
0 0.427251 0.528875 0.432044 0.575228 0.442999 0.587386 0.452242 0.581307 0.460459 0.550152 0.461143 0.496960 0.453612 0.387538 0.451215 0.352584 0.446080 0.299392 0.440603 0.289514 0.425197 0.311550 0.427251 0.498480
0 0.402602 0.544073 0.406025 0.582827 0.422800 0.594985 0.436152 0.588146 0.442314 0.551672 0.438891 0.471884 0.434783 0.367021 0.423485 0.320669 0.414242 0.335106 0.408764 0.423252 0.406368 0.514438
0 0.368367 0.537994 0.367682 0.586626 0.385142 0.598784 0.412188 0.598024 0.419719 0.572188 0.410134 0.466565 0.406710 0.422492 0.403287 0.383739 0.388908 0.382979 0.375556 0.411854 0.372475 0.486322
0 0.324546 0.528116 0.324546 0.555471 0.326258 0.575228 0.336186 0.591185 0.352619 0.598784 0.363232 0.594985 0.367340 0.575988 0.370079 0.537234 0.367682 0.462006 0.368025 0.414134 0.364944 0.373860 0.345772 0.362462 0.338925 0.382219 0.333790 0.458967
