0 0.459288 0.525076 0.475502 0.530395 0.492422 0.522796 0.491364 0.471125 0.481847 0.212006 0.467395 0.221125 0.463518 0.448328 0.459640 0.492401
0 0.436376 0.500760 0.443426 0.517477 0.457173 0.525076 0.461755 0.506079 0.462460 0.429331 0.466690 0.350304 0.450828 0.246201 0.437786 0.252280 0.446599 0.366261 0.440959 0.443769 0.436376 0.487082
0 0.406768 0.524316 0.428974 0.525076 0.435319 0.510638 0.435319 0.465805 0.434614 0.434650 0.425802 0.246201 0.408883 0.244681 0.409940 0.362462 0.408178 0.464286 0.405005 0.486322
0 0.379979 0.493921 0.386676 0.533435 0.405005 0.519757 0.413817 0.529635 0.420162 0.499240 0.406768 0.416413 0.401128 0.327508 0.393021 0.213526 0.374692 0.263678 0.376806 0.343465 0.380331 0.427812 0.376806 0.458967
0 0.359887 0.517477 0.356010 0.483283 0.356010 0.400456 0.338386 0.251520 0.363412 0.252280 0.376102 0.336626 0.385619 0.435410 0.395136 0.480243 0.389848 0.512918 0.377511 0.521277
0 0.265774 0.490122 0.284808 0.505319 0.303842 0.509119 0.311244 0.484802 0.309482 0.450608 0.289743 0.227964 0.262601 0.248480 0.264716 0.367781 0.266479 0.426292 0.265774 0.474924
0 0.224885 0.471125 0.244977 0.481763 0.264011 0.490122 0.268594 0.471125 0.268594 0.420973 0.256962 0.236322 0.221713 0.256839 0.230173 0.346505 0.231935 0.411094 0.224885 0.424772 0.224533 0.450608
0 0.492422 0.526596 0.524498 0.525076 0.525203 0.461246 0.518858 0.240122 0.502644 0.250000 0.494889 0.439970 0.491364 0.480243
0 0.525203 0.525076 0.538597 0.526596 0.542827 0.510638 0.546704 0.471125 0.546704 0.346505 0.544237 0.243161 0.522030 0.250000 0.524145 0.393617 0.522030 0.468085 0.522030 0.512918
0 0.553401 0.512918 0.548467 0.483283 0.556221 0.379939 0.563624 0.241641 0.584420 0.243161 0.574198 0.396657 0.576313 0.474924 0.561156 0.522796
0 0.676419 0.474924 0.678181 0.395137 0.687698 0.277356 0.719774 0.277356 0.713430 0.446809 0.704618 0.506079 0.677476 0.505319 0.672541 0.492401
0 0.495594 0.555471 0.517800 0.559271 0.513923 0.792553 0.501234 0.795593
0 0.516391 0.557751 0.539655 0.562310 0.536482 0.629939 0.537187 0.807751 0.522735 0.806231 0.518153 0.692249 0.517800 0.612462
0 0.538950 0.617781 0.537187 0.572948 0.545294 0.549392 0.565033 0.567629 0.562919 0.645137 0.568558 0.868541 0.549172 0.860182 0.542122 0.657295
0 0.585830 0.814590 0.572436 0.723404 0.568206 0.628419 0.562919 0.590426 0.574198 0.566109 0.585125 0.571429 0.593232 0.590426 0.591822 0.623100 0.594995 0.724924 0.614029 0.848024 0.591822 0.853343
0 0.594995 0.666413 0.591822 0.610942 0.582658 0.583587 0.586183 0.563070 0.603807 0.555471 0.618259 0.567629 0.620374 0.609422 0.627776 0.738602 0.644343 0.845745 0.622136 0.844225 0.610152 0.765198 0.594995 0.683891
0 0.676419 0.650456 0.665492 0.583587 0.668664 0.567629 0.689461 0.563070 0.714135 0.555471 0.718364 0.585106 0.720479 0.638298 0.755728 0.790274 0.720479 0.810030 0.697568 0.726444
0 0.474797 0.550912 0.496299 0.550912 0.491717 0.799392 0.477970 0.799392
0 0.454001 0.555471 0.476207 0.548632 0.469158 0.807751 0.453648 0.809271
0 0.433204 0.548632 0.457173 0.550912 0.455411 0.629939 0.451533 0.825228 0.430032 0.815350 0.428974 0.594225
0 0.192809 0.681611 0.204794 0.609422 0.221361 0.553951 0.227353 0.511398 0.247797 0.524316 0.268594 0.536474 0.277758 0.560790 0.267184 0.612462 0.235812 0.667933 0.211139 0.709726
