0 0.471086 0.573708 0.482722 0.575988 0.496827 0.575228 0.499295 0.499240 0.493653 0.352584 0.474612 0.351064 0.473907 0.482523 0.468265 0.547872
0 0.450635 0.530395 0.452045 0.568389 0.459450 0.569149 0.472849 0.568389 0.476728 0.525836 0.476023 0.485562 0.476023 0.351064 0.455219 0.356383 0.455924 0.485562
0 0.424894 0.527356 0.428068 0.551672 0.433004 0.561550 0.440762 0.563070 0.448872 0.547872 0.453456 0.537234 0.455924 0.506079 0.455924 0.468845 0.448872 0.319909 0.435825 0.322188 0.430536 0.439210 0.428068 0.468085
0 0.407969 0.516717 0.406559 0.534195 0.410437 0.566869 0.418547 0.572188 0.430536 0.563830 0.436883 0.535714 0.440056 0.523556 0.440056 0.487082 0.429478 0.332067 0.409732 0.335866 0.409379 0.454407 0.407969 0.484043
0 0.383286 0.493161 0.382228 0.525076 0.380113 0.539514 0.386460 0.556231 0.392807 0.558511 0.412906 0.561550 0.417489 0.541033 0.418195 0.506839 0.410437 0.319909 0.393512 0.316869 0.389633 0.455167
0 0.351199 0.588146 0.346262 0.558511 0.346262 0.523556 0.348731 0.500000 0.328632 0.389058 0.348731 0.373100 0.372708 0.416413 0.386460 0.465046 0.393512 0.480243 0.391749 0.551672 0.392807 0.568389 0.379055 0.568389 0.356841 0.582067
0 0.302891 0.544073 0.308533 0.568389 0.315938 0.570669 0.324753 0.572188 0.338858 0.572188 0.350141 0.558511 0.350494 0.541033 0.346262 0.512158 0.341326 0.487082 0.326869 0.376900 0.298307 0.380699 0.306417 0.484043
0 0.266220 0.512158 0.270804 0.535714 0.283850 0.556991 0.303597 0.550152 0.308533 0.527356 0.311707 0.511398 0.308533 0.474164 0.300423 0.368541 0.278914 0.378419 0.270804 0.452888 0.268336 0.496201
0 0.496121 0.563830 0.502468 0.573708 0.510578 0.575988 0.515515 0.575988 0.523977 0.572188 0.526798 0.556231 0.524330 0.501520 0.517983 0.316869 0.497532 0.323708 0.496827 0.500000
0 0.517630 0.531155 0.512341 0.561550 0.516925 0.579027 0.526798 0.580547 0.537729 0.577508 0.538787 0.551672 0.541961 0.518997 0.544429 0.470365 0.544429 0.347264 0.527504 0.345745
0 0.548307 0.587386 0.540903 0.556231 0.538787 0.532675 0.540903 0.490881 0.549718 0.328267 0.561707 0.330547 0.567348 0.368541 0.568406 0.473404 0.569111 0.537234 0.568406 0.570669 0.559591 0.582827
0 0.565233 0.569149 0.555360 0.532675 0.553949 0.487082 0.559238 0.313070 0.582511 0.319909 0.588152 0.503040 0.589210 0.530395 0.589210 0.566869 0.583568 0.577508
0 0.597320 0.572188 0.589915 0.573708 0.583568 0.554711 0.584274 0.492401 0.591678 0.300912 0.608956 0.322188 0.611425 0.489362 0.613188 0.518997 0.613893 0.554711
0 0.610014 0.580547 0.602609 0.551672 0.610719 0.492401 0.612130 0.474164 0.624471 0.361702 0.649859 0.382219 0.658674 0.420213 0.658674 0.468845 0.651622 0.518237 0.651622 0.549392 0.651622 0.566869 0.645275 0.575988 0.635402 0.582827 0.623766 0.580547 0.618829 0.580547
0 0.663611 0.580547 0.650212 0.550152 0.648449 0.511398 0.654795 0.475684 0.654090 0.436170 0.654090 0.397416 0.666784 0.382219 0.684415 0.394377 0.693935 0.425532 0.691819 0.470365 0.688646 0.511398 0.693230 0.532675 0.693935 0.554711 0.681241 0.570669 0.674894 0.580547
0 0.701340 0.558511 0.690056 0.537994 0.686883 0.506839 0.685472 0.474164 0.684415 0.402736 0.688646 0.364742 0.715092 0.360182 0.716502 0.413374 0.715797 0.454407 0.722849 0.470365 0.730959 0.508359 0.730959 0.525836 0.723907 0.550152 0.716502 0.563070 0.706982 0.572188
0 0.495416 0.601824 0.516925 0.599544 0.509168 0.801672 0.492243 0.808511
0 0.514457 0.665653 0.509873 0.608663 0.520099 0.592705 0.532087 0.604863 0.537024 0.613222 0.533145 0.824468 0.513752 0.820669
0 0.540903 0.751520 0.535261 0.682371 0.535261 0.639058 0.537729 0.599544 0.552891 0.613222 0.560296 0.623860 0.561001 0.668693 0.563470 0.768997 0.548307 0.848024 0.534556 0.834347
0 0.570522 0.748480 0.566643 0.689970 0.561707 0.645897 0.563470 0.618541 0.567348 0.613222 0.578632 0.611702 0.586037 0.637538 0.588152 0.661854 0.588152 0.825988 0.576869 0.827508
0 0.593794 0.753040 0.589915 0.703647 0.586742 0.670973 0.583568 0.637538 0.586037 0.611702 0.593794 0.608663 0.601199 0.617021 0.612482 0.625380 0.617066 0.658055 0.618124 0.689970 0.612482 0.816109 0.598025 0.829787
0 0.630113 0.746960 0.623766 0.722644 0.618124 0.693009 0.613188 0.645897 0.617066 0.625380 0.624471 0.620061 0.642807 0.613982 0.651622 0.613222 0.662200 0.645897 0.669252 0.682371 0.691467 0.808511 0.662200 0.825988
0 0.676305 0.699848 0.659732 0.670213 0.654795 0.646657 0.656559 0.617021 0.663611 0.594225 0.685472 0.592705 0.698166 0.594985 0.707687 0.632979 0.715797 0.658055 0.734838 0.739362 0.717207 0.770517 0.693230 0.734043
0 0.476728 0.601824 0.499295 0.599544 0.491537 0.812310 0.481664 0.813830
0 0.453456 0.603343 0.464739 0.596505 0.476023 0.596505 0.482370 0.610182 0.472849 0.715046 0.468265 0.824468 0.452045 0.820669
0 0.425599 0.784195 0.426305 0.693009 0.427362 0.632979 0.429831 0.604863 0.438646 0.592705 0.450282 0.594225 0.458392 0.610182 0.456276 0.648176 0.447109 0.727204 0.445698 0.838146 0.421721 0.829027
0 0.405501 0.806991 0.405501 0.721884 0.402327 0.663374 0.403032 0.608663 0.409732 0.592705 0.419958 0.594985 0.429478 0.608663 0.435120 0.625380 0.429831 0.665653 0.423836 0.737842 0.419252 0.841945
0 0.383286 0.813830 0.396685 0.751520 0.400564 0.689970 0.403032 0.658055 0.403738 0.606383 0.403032 0.598024 0.392102 0.596505 0.382228 0.604863 0.372708 0.639818 0.374471 0.677812 0.376587 0.710486 0.374471 0.810030
0 0.324048 0.798632 0.337447 0.765957 0.344852 0.737842 0.351904 0.699848 0.360014 0.672492 0.365303 0.641337 0.363188 0.617021 0.354372 0.604863 0.343089 0.598024 0.331805 0.598024 0.323695 0.613222 0.314175 0.658055 0.283145 0.770517
0 0.241890 0.698328 0.255642 0.656535 0.266220 0.642857 0.274330 0.617021 0.282793 0.588146 0.295839 0.575988 0.310296 0.582067 0.319817 0.598024 0.325458 0.613982 0.321580 0.651976 0.307828 0.682371 0.300776 0.699848 0.265162 0.753799
