0 0.493266 0.717325 0.500000 0.681611 0.500000 0.645897 0.503030 0.617021 0.504040 0.576748 0.504040 0.550152 0.494949 0.531915 0.484175 0.531915 0.484175 0.565350 0.484175 0.588146 0.480135 0.612462 0.479125 0.639818 0.477104 0.670973 0.474411 0.721884 0.472391 0.755319 0.484175 0.751520
0 0.482155 0.194529 0.482155 0.227964 0.481145 0.257599 0.480135 0.293313 0.479125 0.329027 0.479125 0.373100 0.479125 0.420213 0.481145 0.453647 0.490236 0.469605 0.506061 0.458207 0.506061 0.424772 0.505051 0.379939 0.502020 0.333587 0.501010 0.281915 0.503030 0.210486 0.493939 0.179331
0 0.466330 0.196809 0.466330 0.227964 0.466330 0.261398 0.464310 0.297872 0.461279 0.331307 0.459596 0.373100 0.459596 0.409574 0.459596 0.433891 0.463300 0.458207 0.478114 0.440729 0.480135 0.386778 0.479125 0.344225 0.478114 0.313070 0.478114 0.248480 0.480135 0.199088
0 0.433670 0.196809 0.434680 0.232523 0.439731 0.284195 0.440741 0.329027 0.439731 0.364742 0.435690 0.400456 0.436700 0.440729 0.443434 0.462766 0.456566 0.447568 0.459596 0.413374 0.458586 0.369301 0.455556 0.324468 0.455556 0.286474 0.455556 0.194529 0.447475 0.189970
0 0.416835 0.230243 0.416835 0.248480 0.416835 0.299392 0.416835 0.341945 0.415825 0.382219 0.414815 0.422492 0.415825 0.458207 0.426599 0.474164 0.439731 0.462766 0.444444 0.447568 0.445455 0.409574 0.438721 0.360182 0.435690 0.310790 0.435690 0.275076 0.431650 0.225684
0 0.395960 0.243921 0.400000 0.288754 0.400000 0.337386 0.400000 0.386778 0.398990 0.427052 0.398990 0.449088 0.403030 0.474164 0.412795 0.485562 0.423906 0.460486 0.423906 0.413374 0.420875 0.355623 0.418855 0.306231 0.414815 0.241641
0 0.380135 0.237082 0.381145 0.286474 0.381145 0.344225 0.381145 0.384498 0.378114 0.417933 0.375421 0.443009 0.376094 0.467325 0.394949 0.478723 0.406061 0.471884 0.405051 0.427052 0.401010 0.391337 0.398990 0.348784 0.398990 0.286474 0.398990 0.248480
0 0.363300 0.237082 0.360269 0.281915 0.356566 0.324468 0.351515 0.364742 0.344444 0.400456 0.342424 0.424772 0.346465 0.458207 0.363300 0.465046 0.374411 0.465046 0.377104 0.413374 0.377104 0.398176 0.376094 0.341945 0.378114 0.297872 0.382155 0.255319
0 0.341751 0.215046 0.327609 0.293313 0.323906 0.329027 0.307071 0.384498 0.314815 0.400456 0.321886 0.413374 0.328620 0.429331 0.340741 0.424772 0.349495 0.386778 0.356566 0.353343 0.363300 0.310790 0.366330 0.259878 0.367340 0.234802
0 0.509091 0.223404 0.509091 0.261398 0.509091 0.297872 0.509091 0.346505 0.508081 0.405015 0.507071 0.458207 0.510101 0.474164 0.522896 0.465046 0.528620 0.447568 0.528620 0.386778 0.528620 0.337386 0.528620 0.293313 0.528620 0.225684
0 0.533670 0.223404 0.532660 0.270517 0.529630 0.333587 0.529630 0.389058 0.530640 0.443009 0.535690 0.467325 0.548485 0.467325 0.554545 0.436170 0.550505 0.389058 0.546465 0.346505 0.545455 0.288754 0.544444 0.243921
0 0.561279 0.243921 0.555556 0.293313 0.554545 0.355623 0.553535 0.389058 0.553535 0.438450 0.558586 0.458207 0.569360 0.460486 0.572391 0.438450 0.573401 0.407295 0.573401 0.375380 0.573401 0.331307 0.577104 0.288754 0.579125 0.253040 0.574411 0.237082
0 0.582155 0.227964 0.579125 0.284195 0.576431 0.346505 0.572391 0.400456 0.572391 0.436170 0.578114 0.465046 0.588215 0.458207 0.592256 0.429331 0.593266 0.386778 0.593939 0.329027 0.597980 0.255319 0.598990 0.230243
0 0.605051 0.227964 0.603030 0.250760 0.598990 0.299392 0.595960 0.353343 0.592256 0.407295 0.588215 0.462766 0.596970 0.483283 0.608081 0.478723 0.615825 0.449088 0.616835 0.391337 0.616835 0.337386 0.616835 0.257599 0.616835 0.219605
0 0.633670 0.234802 0.634680 0.288754 0.634680 0.333587 0.633670 0.391337 0.634680 0.458207 0.645455 0.467325 0.656566 0.467325 0.666330 0.447568 0.667340 0.400456 0.667340 0.364742 0.663300 0.301672 0.660606 0.246201 0.660606 0.221884
0 0.513805 0.713526 0.512795 0.679331 0.508081 0.637538 0.507071 0.597264 0.506061 0.529635 0.524916 0.536474 0.521886 0.607903 0.520875 0.635258 0.523906 0.704407 0.523906 0.724164 0.521886 0.755319 0.510101 0.751520
0 0.551515 0.543313 0.530640 0.529635 0.528620 0.559271 0.528620 0.588146 0.528620 0.614742 0.527609 0.668693 0.527609 0.713526 0.528620 0.759878 0.535690 0.773556 0.538721 0.733283 0.538721 0.695289 0.540741 0.655015 0.542761 0.612462 0.546465 0.576748
0 0.573401 0.768997 0.572391 0.731003 0.570370 0.693009 0.570370 0.664134 0.572391 0.623860 0.574411 0.581307 0.575421 0.554711 0.571380 0.529635 0.548485 0.545593 0.549495 0.583587 0.549495 0.619301 0.549495 0.657295 0.549495 0.695289 0.553535 0.768997
0 0.595960 0.746960 0.593939 0.704407 0.593266 0.657295 0.593939 0.607903 0.596970 0.563830 0.597980 0.536474 0.583165 0.523556 0.572391 0.543313 0.572391 0.576748 0.574411 0.639818 0.574411 0.681611 0.575421 0.713526 0.580135 0.751520
0 0.468350 0.751520 0.469360 0.726444 0.472391 0.686170 0.474411 0.664134 0.478114 0.612462 0.480135 0.563830 0.480135 0.527356 0.460269 0.545593 0.460269 0.572188 0.462290 0.592705 0.462290 0.619301 0.464310 0.657295 0.463300 0.702128
0 0.433670 0.543313 0.433670 0.585866 0.433670 0.612462 0.436700 0.675532 0.439731 0.731003 0.441751 0.755319 0.458586 0.726444 0.457576 0.688450 0.456566 0.643617 0.456566 0.579027 0.456566 0.538754 0.444444 0.534195
0 0.421886 0.531915 0.412795 0.565350 0.411785 0.599544 0.412795 0.641337 0.413805 0.679331 0.413805 0.733283 0.420875 0.759878 0.431650 0.744681 0.432660 0.706687 0.433670 0.552432
0 0.409764 0.567629 0.406061 0.607903 0.402020 0.628419 0.394949 0.652736 0.387205 0.686170 0.378114 0.726444 0.368350 0.749240 0.367340 0.717325 0.370370 0.673252 0.374411 0.621581 0.381145 0.556991 0.390236 0.534195
0 0.349495 0.514438 0.341751 0.559271 0.336700 0.614742 0.329630 0.661854 0.327609 0.708967 0.359259 0.697568 0.371380 0.652736 0.377104 0.599544 0.386195 0.565350 0.385185 0.534195 0.365320 0.527356
0 0.308754 0.471884 0.301010 0.500760 0.288215 0.541033 0.278114 0.569909 0.272391 0.614742 0.275084 0.641337 0.290236 0.643617 0.310774 0.637538 0.321886 0.601824 0.332660 0.572188 0.341751 0.552432 0.346465 0.525076 0.341751 0.503040 0.329630 0.491641 0.319865 0.474164
0 0.596970 0.544833 0.612458 0.530395 0.622222 0.540274 0.628620 0.628419 0.630640 0.762918 0.606734 0.748480 0.598316 0.645897 0.598316 0.576748
0 0.618855 0.537994 0.629630 0.518237 0.636364 0.512918 0.644781 0.500760 0.659933 0.522796 0.667677 0.574468 0.688215 0.702128 0.654545 0.740881 0.626263 0.623100
0 0.655892 0.508359 0.674074 0.503040 0.688215 0.468845 0.701347 0.484043 0.742761 0.623100 0.710101 0.684650 0.666667 0.582067 0.659933 0.550152
