0 0.494939 0.543033 0.491903 0.494877 0.487854 0.468238 0.483806 0.408811 0.480769 0.369877 0.479251 0.344262 0.471660 0.316598 0.466093 0.311475 0.460020 0.330943 0.457996 0.378074 0.462551 0.473361 0.462551 0.507172 0.463057 0.544057 0.472672 0.551230
0 0.438259 0.504098 0.439271 0.535861 0.447368 0.546107 0.461538 0.546107 0.467611 0.528689 0.465587 0.496926 0.461538 0.467213 0.459008 0.414959 0.455466 0.375000 0.451923 0.341189 0.442308 0.336066 0.440283 0.390369
0 0.414474 0.489754 0.413968 0.527664 0.421559 0.546107 0.433704 0.551230 0.442308 0.529713 0.444332 0.506148 0.433704 0.409836 0.433704 0.388320 0.429150 0.347336 0.424089 0.326844 0.415486 0.316598 0.410425 0.341189
0 0.391194 0.482582 0.389676 0.512295 0.393725 0.529713 0.400810 0.533811 0.408907 0.530738 0.420040 0.518443 0.425607 0.483607 0.418522 0.436475 0.413462 0.390369 0.411437 0.366803 0.408401 0.340164 0.404858 0.324795 0.393219 0.331967
0 0.371457 0.423156 0.366903 0.482582 0.367915 0.517418 0.377024 0.528689 0.386134 0.515369 0.393725 0.506148 0.399798 0.496926 0.399291 0.478484 0.396761 0.439549 0.395243 0.425205 0.392206 0.373975 0.392206 0.362705 0.390182 0.340164 0.387146 0.329918 0.380061 0.328893 0.372976 0.365779
0 0.332490 0.445697 0.329960 0.476434 0.328947 0.506148 0.334514 0.517418 0.345648 0.512295 0.353239 0.520492 0.360830 0.521516 0.371964 0.500000 0.374494 0.464139 0.367915 0.362705 0.364879 0.332992 0.363360 0.321721 0.358806 0.301230 0.352733 0.295082 0.340587 0.311475
0 0.303138 0.399590 0.294028 0.420082 0.288462 0.461066 0.292510 0.478484 0.303138 0.480533 0.310223 0.498975 0.324899 0.496926 0.331478 0.479508 0.334514 0.431352 0.336538 0.408811 0.337045 0.360656 0.334008 0.325820 0.332996 0.313525 0.321356 0.306352 0.313765 0.316598 0.311235 0.339139 0.308198 0.381148
0 0.278340 0.358607 0.276822 0.389344 0.286437 0.408811 0.299595 0.409836 0.308704 0.398566 0.319332 0.387295 0.320344 0.348361 0.316296 0.319672 0.305162 0.279713 0.299089 0.256148 0.293016 0.248975 0.285931 0.244877 0.273279 0.251025 0.268725 0.265369 0.269737 0.300205 0.276822 0.316598
0 0.489372 0.481557 0.486336 0.513320 0.487348 0.533811 0.490891 0.550205 0.499494 0.553279 0.509615 0.551230 0.516194 0.536885 0.515182 0.506148 0.513664 0.457992 0.511134 0.432377 0.510121 0.328893 0.510121 0.302254 0.509109 0.284836 0.501012 0.266393 0.490385 0.271516 0.489372 0.299180
0 0.514676 0.478484 0.516194 0.513320 0.516194 0.529713 0.523785 0.536885 0.531377 0.530738 0.536943 0.524590 0.532895 0.483607 0.533401 0.444672 0.529858 0.398566 0.529858 0.368852 0.531377 0.350410 0.529352 0.329918 0.523785 0.317623 0.512146 0.321721 0.512146 0.360656
0 0.533401 0.443648 0.532389 0.475410 0.535931 0.500000 0.542510 0.520492 0.548583 0.525615 0.554150 0.523566 0.558704 0.501025 0.558704 0.476434 0.559211 0.421107 0.561235 0.382172 0.558198 0.318648 0.556680 0.301230 0.554150 0.283811 0.544028 0.278689 0.538462 0.292008 0.536943 0.315574
0 0.545040 0.441598 0.544534 0.470287 0.548583 0.485656 0.556174 0.504098 0.565283 0.512295 0.575911 0.512295 0.579453 0.494877 0.579453 0.461066 0.572368 0.363730 0.572368 0.342213 0.567814 0.320697 0.564777 0.301230 0.559717 0.292008 0.553138 0.287910 0.546559 0.312500 0.550101 0.386270
0 0.581984 0.323770 0.587045 0.353484 0.590081 0.389344 0.587551 0.426230 0.593117 0.463115 0.604251 0.477459 0.613866 0.481557 0.629555 0.474385 0.636640 0.459016 0.629555 0.411885 0.625506 0.388320 0.622470 0.349385 0.617409 0.311475 0.615385 0.295082 0.607794 0.274590 0.599696 0.264344 0.593117 0.258197 0.579960 0.270492
0 0.626012 0.387295 0.629555 0.414959 0.635121 0.442623 0.644737 0.450820 0.653340 0.450820 0.663462 0.435451 0.670547 0.408811 0.665486 0.386270 0.658401 0.362705 0.648785 0.322746 0.640688 0.276639 0.634109 0.250000 0.625506 0.240779 0.620951 0.236680 0.612854 0.250000 0.609312 0.272541
0 0.660425 0.368852 0.667004 0.392418 0.671559 0.406762 0.681174 0.406762 0.689777 0.392418 0.688765 0.385246 0.693320 0.375000 0.695344 0.353484 0.690283 0.338115 0.680162 0.316598 0.671559 0.305328 0.658401 0.256148 0.655364 0.245902 0.645243 0.238730 0.640688 0.252049 0.640688 0.275615 0.646255 0.309426
0 0.500000 0.574795 0.503036 0.641393 0.504555 0.661885 0.506579 0.687500 0.511640 0.732582 0.517206 0.747951 0.523279 0.743852 0.525304 0.718238 0.519737 0.645492 0.518725 0.608607 0.518725 0.584016 0.516700 0.570697
0 0.515688 0.571721 0.518725 0.595287 0.519231 0.607582 0.519737 0.641393 0.525304 0.712090 0.527834 0.733607 0.531377 0.747951 0.536943 0.748975 0.539474 0.730533 0.536437 0.629098 0.535931 0.596311 0.535931 0.574795 0.534919 0.554303
0 0.537449 0.559426 0.534919 0.574795 0.535931 0.614754 0.536437 0.640369 0.539474 0.674180 0.541498 0.722336 0.546053 0.751025 0.552632 0.772541 0.562247 0.771516 0.572368 0.759221 0.573381 0.737705 0.566802 0.717213 0.564777 0.693648 0.563259 0.649590 0.560729 0.613730 0.558704 0.592213 0.556174 0.566598 0.554656 0.555328 0.542510 0.552254
0 0.556174 0.566598 0.553644 0.577869 0.553138 0.595287 0.558198 0.611680 0.564777 0.659836 0.566802 0.674180 0.570344 0.705943 0.573381 0.724385 0.584008 0.742828 0.593623 0.732582 0.590081 0.695697 0.583502 0.657787 0.582996 0.626025 0.582996 0.597336 0.580972 0.570697 0.578441 0.553279 0.573887 0.547131 0.564777 0.539959
0 0.571356 0.539959 0.569332 0.552254 0.573381 0.571721 0.579453 0.602459 0.585020 0.627049 0.590081 0.653689 0.595648 0.680328 0.602733 0.704918 0.612348 0.730533 0.621964 0.739754 0.632085 0.723361 0.626518 0.682377 0.618421 0.632172 0.610324 0.586066 0.605263 0.548156 0.601721 0.527664 0.593117 0.526639 0.584008 0.528689
0 0.601721 0.517418 0.600202 0.528689 0.601215 0.542008 0.606781 0.562500 0.609818 0.574795 0.612854 0.585041 0.617915 0.625000 0.622976 0.657787 0.636640 0.704918 0.643725 0.720287 0.654858 0.730533 0.663968 0.724385 0.673077 0.696721 0.674595 0.668033 0.664980 0.631148 0.649291 0.565574 0.646255 0.547131 0.640182 0.512295 0.634615 0.504098 0.617409 0.513320 0.607287 0.507172
0 0.635628 0.485656 0.633097 0.500000 0.638664 0.512295 0.643725 0.528689 0.647267 0.549180 0.652328 0.579918 0.658907 0.608607 0.669028 0.637295 0.678138 0.660861 0.688765 0.671107 0.703947 0.665984 0.706984 0.622951 0.695344 0.574795 0.686235 0.549180 0.683198 0.524590 0.679150 0.485656 0.677126 0.471311 0.669028 0.462090 0.656883 0.463115 0.652834 0.478484 0.645243 0.483607
0 0.683198 0.472336 0.680162 0.493852 0.683198 0.512295 0.684717 0.523566 0.684717 0.539959 0.688765 0.562500 0.693320 0.570697 0.702935 0.572746 0.721154 0.552254 0.737854 0.532787 0.748482 0.518443 0.756073 0.501025 0.757591 0.475410 0.752024 0.456967 0.740385 0.445697 0.716599 0.456967 0.702935 0.463115
0 0.481275 0.581967 0.485324 0.619877 0.486842 0.637295 0.489879 0.665984 0.491903 0.688525 0.495445 0.715164 0.498482 0.732582 0.503036 0.734631 0.508603 0.727459 0.508603 0.699795 0.503036 0.642418 0.502530 0.619877 0.502024 0.593238 0.502024 0.579918
0 0.464575 0.579918 0.460526 0.587090 0.460526 0.598361 0.462045 0.617828 0.466599 0.637295 0.469130 0.670082 0.473684 0.704918 0.477227 0.726434 0.485324 0.739754 0.489879 0.734631 0.491397 0.690574 0.488866 0.650615 0.485830 0.621926 0.482794 0.579918 0.473178 0.579918
0 0.444332 0.577869 0.441296 0.578893 0.438259 0.586066 0.441296 0.596311 0.438765 0.614754 0.438259 0.637295 0.436235 0.664959 0.439271 0.717213 0.446356 0.758197 0.455466 0.776639 0.464575 0.792008 0.476721 0.781762 0.478239 0.761270 0.475202 0.728484 0.469130 0.696721 0.466599 0.662910 0.470648 0.614754 0.468117 0.602459 0.463057 0.579918 0.461032 0.572746
0 0.418522 0.573770 0.415992 0.572746 0.412955 0.591189 0.408907 0.612705 0.408401 0.641393 0.407895 0.674180 0.407389 0.701844 0.401822 0.713115 0.394737 0.727459 0.397773 0.748975 0.410425 0.752049 0.421559 0.738730 0.431174 0.715164 0.436235 0.679303 0.438259 0.614754 0.440789 0.597336 0.439777 0.580943 0.437247 0.568648 0.432692 0.567623 0.430162 0.565574 0.425101 0.565574
0 0.383603 0.564549 0.381579 0.579918 0.380567 0.599385 0.382591 0.626025 0.376518 0.654713 0.370951 0.693648 0.368927 0.720287 0.370445 0.747951 0.378543 0.773566 0.385628 0.762295 0.394737 0.725410 0.401316 0.688525 0.408401 0.642418 0.409919 0.623975 0.410425 0.611680 0.415992 0.584016 0.415992 0.568648 0.415992 0.557377 0.407895 0.554303 0.403340 0.546107 0.394231 0.557377
0 0.347672 0.542008 0.337045 0.569672 0.332996 0.587090 0.331478 0.603484 0.320850 0.647541 0.315283 0.658811 0.309211 0.677254 0.305668 0.711066 0.311741 0.745902 0.332490 0.752049 0.349190 0.733607 0.359818 0.704918 0.366903 0.673156 0.372470 0.639344 0.375000 0.618852 0.381073 0.597336 0.383603 0.574795 0.383603 0.561475 0.373482 0.543033 0.365891 0.535861 0.352227 0.534836
0 0.301113 0.512295 0.294534 0.527664 0.292004 0.538934 0.291498 0.554303 0.290486 0.575820 0.286437 0.591189 0.277834 0.631148 0.272773 0.657787 0.270749 0.683402 0.271761 0.706967 0.289980 0.722336 0.301113 0.709016 0.312247 0.662910 0.330466 0.611680 0.336538 0.576844 0.346154 0.547131 0.344130 0.525615 0.336538 0.517418 0.325911 0.523566 0.319332 0.506148 0.311741 0.504098
0 0.244433 0.470287 0.249494 0.483607 0.255567 0.488730 0.269231 0.488730 0.284413 0.488730 0.294028 0.503074 0.297065 0.516393 0.293522 0.530738 0.292510 0.544057 0.292510 0.563525 0.290992 0.579918 0.286943 0.593238 0.275304 0.594262 0.266700 0.591189 0.255567 0.586066 0.245951 0.580943 0.234818 0.570697 0.223684 0.556352 0.213563 0.534836 0.209514 0.514344 0.207996 0.494877 0.207996 0.478484 0.209514 0.466189 0.215081 0.453893 0.225709 0.450820 0.236336 0.457992
