0 0.457103 0.587386 0.472925 0.594225 0.484177 0.579787 0.484177 0.521277 0.472222 0.286474 0.454641 0.286474 0.452883 0.480243 0.450774 0.552432
0 0.426512 0.560790 0.428973 0.585106 0.447609 0.585106 0.454641 0.541793 0.437764 0.275836 0.415612 0.286474 0.427215 0.465805
0 0.399437 0.556231 0.417018 0.597264 0.428973 0.555471 0.428973 0.491641 0.412799 0.279635 0.393812 0.290274 0.402602 0.430091 0.403305 0.519757
0 0.376231 0.550912 0.379395 0.564590 0.387482 0.579787 0.395570 0.564590 0.410689 0.563070 0.412799 0.519757 0.393812 0.270517 0.370605 0.286474 0.377989 0.422492 0.380450 0.465805 0.376934 0.510638
0 0.299578 0.537234 0.310127 0.524316 0.315401 0.505319 0.318917 0.473404 0.313291 0.455927 0.313291 0.423252 0.305907 0.278116 0.277778 0.287994 0.273207 0.392097 0.273207 0.449088 0.269339 0.465805 0.265823 0.506079 0.271449 0.522796 0.284459 0.530395 0.288326 0.526596
0 0.231716 0.493921 0.240506 0.506079 0.260197 0.522796 0.274965 0.530395 0.279536 0.441489 0.269339 0.302432 0.251758 0.302432 0.249297 0.379939 0.237342 0.445289
0 0.484177 0.582067 0.509142 0.581307 0.516878 0.544073 0.516174 0.510638 0.523207 0.300152 0.502461 0.306991 0.485935 0.473404 0.481013 0.568389
0 0.513713 0.560790 0.521097 0.588906 0.541491 0.569909 0.543249 0.519757 0.543249 0.316109 0.528129 0.328267 0.517932 0.457447
0 0.543952 0.559271 0.554501 0.601064 0.565752 0.566109 0.569620 0.521277 0.569620 0.435410 0.569620 0.289514 0.552743 0.297112 0.542546 0.442249 0.540788 0.540274
0 0.560830 0.534954 0.561885 0.569909 0.577707 0.567629 0.587201 0.591945 0.601617 0.555471 0.597046 0.500760 0.600914 0.277356 0.582630 0.291793 0.573488 0.423252 0.563994 0.511398
0 0.660689 0.510638 0.658228 0.476444 0.663150 0.431611 0.676160 0.284954 0.702532 0.294833 0.703235 0.445289 0.712025 0.480243 0.707806 0.507599 0.696554 0.524316 0.678973 0.536474 0.665612 0.522796
0 0.705345 0.506079 0.699719 0.460486 0.704641 0.419453 0.699015 0.294833 0.732068 0.286474 0.733474 0.403495 0.744023 0.458967 0.744726 0.495441 0.726442 0.506079
0 0.503165 0.607903 0.508790 0.604103 0.523207 0.616261 0.521800 0.835866 0.508790 0.835866
0 0.525668 0.658055 0.521800 0.613222 0.534459 0.600304 0.550281 0.632219 0.548172 0.700608 0.548172 0.880699 0.529536 0.873860 0.522504 0.692249
0 0.550281 0.697568 0.543249 0.647416 0.549578 0.616261 0.566456 0.617781 0.575246 0.640578 0.573488 0.683891 0.590366 0.866261 0.570323 0.872340 0.556259 0.762918
0 0.577707 0.693769 0.569620 0.629939 0.585795 0.620061 0.599156 0.607903 0.611111 0.629939 0.612869 0.680091 0.638537 0.851064 0.611814 0.864742 0.590366 0.778875
0 0.612869 0.666413 0.598453 0.640578 0.592124 0.602584 0.604782 0.591945 0.616034 0.593465 0.629747 0.578267 0.644163 0.575228 0.657525 0.590426 0.660689 0.645897 0.693741 0.796353 0.653657 0.844225 0.631153 0.743921 0.619902 0.686930
0 0.667370 0.662614 0.651899 0.623100 0.646976 0.590426 0.657525 0.571429 0.671941 0.568389 0.681435 0.555471 0.695148 0.548632 0.708861 0.571429 0.710267 0.624620 0.741561 0.746201 0.702532 0.787234 0.673699 0.692249
0 0.709564 0.609422 0.699719 0.572948 0.699719 0.540274 0.704641 0.531915 0.719761 0.540274 0.735232 0.524316 0.746835 0.537234 0.746132 0.571429 0.761252 0.723404 0.743671 0.740122 0.721519 0.666413
0 0.484880 0.602584 0.505626 0.613222 0.510549 0.861702 0.494374 0.870061
0 0.462729 0.613222 0.483474 0.609422 0.494374 0.875380 0.483474 0.885258
0 0.439522 0.624620 0.440928 0.616261 0.463432 0.616261 0.469058 0.696049 0.485584 0.889058 0.470464 0.892857 0.459212 0.750760 0.447257 0.671733
0 0.426512 0.667933 0.430028 0.614742 0.433193 0.601064 0.444093 0.605623 0.451477 0.652736 0.453586 0.714286 0.460970 0.892857 0.438467 0.899696 0.428270 0.775076
0 0.400844 0.683131 0.398031 0.643617 0.412096 0.617781 0.425809 0.636778 0.421941 0.692249 0.426512 0.784195 0.414557 0.889058 0.395570 0.864742 0.407525 0.764438
0 0.373769 0.674772 0.374824 0.633739 0.383263 0.605623 0.402602 0.616261 0.409986 0.617781 0.407525 0.661094 0.401899 0.686930 0.378692 0.876900 0.358650 0.860182
0 0.321027 0.740881 0.328411 0.654255 0.331575 0.635258 0.329817 0.591945 0.339662 0.578267 0.363572 0.572948 0.376934 0.588906 0.386779 0.620061 0.387482 0.638298 0.375527 0.688450 0.369198 0.730243 0.350563 0.806231 0.318565 0.781915
0 0.268987 0.714286 0.267581 0.674772 0.279536 0.621581 0.283404 0.585106 0.290788 0.560790 0.305907 0.572948 0.329817 0.576748 0.345992 0.583587 0.341069 0.628419 0.321730 0.693769 0.292194 0.783435 0.266174 0.754559
0 0.222925 0.671733 0.234177 0.578267 0.234177 0.553951 0.252461 0.531915 0.263010 0.547112 0.280591 0.543313 0.287623 0.563070 0.275668 0.620061 0.245077 0.757599 0.219058 0.735562 0.222222 0.688450
