0 0.503795 0.466565 0.504879 0.683131 0.519335 0.675532 0.522588 0.519757 0.522226 0.469605
0 0.502711 0.467325 0.481388 0.472644 0.486447 0.512158 0.489700 0.695289 0.505963 0.693769 0.503795 0.514438
0 0.522226 0.468085 0.518251 0.694529 0.538851 0.693769 0.536682 0.550912 0.539935 0.461246
0 0.538851 0.460486 0.535598 0.553191 0.538128 0.712766 0.563426 0.708967 0.563787 0.562310 0.558728 0.458967
0 0.558728 0.466565 0.559089 0.496201 0.558005 0.505319 0.559089 0.526596 0.562342 0.537234 0.563065 0.550152 0.564510 0.709726 0.594145 0.707447 0.587279 0.541793 0.588724 0.520517 0.589086 0.511398 0.586556 0.493921 0.585110 0.463526
0 0.589447 0.481763 0.580412 0.496201 0.581858 0.513678 0.586556 0.541793 0.591254 0.705927 0.621612 0.703647 0.613300 0.540274 0.614384 0.511398 0.614384 0.489362 0.610770 0.471125 0.598121 0.468845
0 0.611493 0.474924 0.607156 0.487842 0.606072 0.504559 0.606794 0.520517 0.610408 0.537994 0.613661 0.547872 0.629201 0.710486 0.684857 0.691489 0.663173 0.526596 0.664619 0.516717 0.664619 0.505319 0.662450 0.491641 0.659559 0.477964
0 0.666787 0.475684 0.661005 0.487082 0.658113 0.496201 0.660282 0.521277 0.663535 0.525836 0.686664 0.692249 0.732562 0.664134 0.716661 0.514438 0.711601 0.459726
0 0.715576 0.462006 0.714492 0.488602 0.733285 0.661094 0.789664 0.636018 0.762920 0.455927
0 0.483556 0.477204 0.467654 0.477964 0.468377 0.513678 0.470184 0.532675 0.470546 0.565350 0.469823 0.579027 0.467654 0.707447 0.490784 0.701368 0.486809 0.512158
0 0.445248 0.497720 0.446693 0.479483 0.468016 0.477204 0.468739 0.512918 0.470546 0.532675 0.465486 0.709726 0.441634 0.705927 0.440188 0.605623 0.442718 0.560790 0.447416 0.528116 0.447416 0.513678
0 0.419949 0.501520 0.430430 0.487082 0.438020 0.491641 0.443802 0.500000 0.449223 0.520517 0.447777 0.539514 0.444163 0.558511 0.442718 0.566869 0.441634 0.713526 0.416335 0.715046 0.419227 0.550912 0.416697 0.531915 0.417420 0.512158
0 0.390314 0.511398 0.396458 0.494681 0.400795 0.490122 0.413444 0.492401 0.422479 0.502280 0.426093 0.509878 0.426455 0.529635 0.422118 0.554711 0.418865 0.568389 0.405855 0.750760 0.379111 0.744681 0.388869 0.550152 0.389230 0.525836
0 0.345139 0.490881 0.396458 0.484043 0.398627 0.504559 0.398265 0.528116 0.395735 0.540274 0.393567 0.553951 0.388146 0.569149 0.378388 0.732523 0.319480 0.696049 0.342248 0.548632 0.341887 0.537994 0.340080 0.528116 0.340080 0.517477 0.340802 0.509878 0.341887 0.504559 0.342971 0.498480
0 0.293820 0.480243 0.268522 0.672492 0.314781 0.707447 0.342971 0.539514 0.345139 0.529635 0.346223 0.518237 0.346223 0.505319 0.344416 0.494681 0.343694 0.487082
0 0.294904 0.481763 0.261294 0.677812 0.207806 0.626900 0.242140 0.451368 0.294904 0.487082
0 0.491146 0.221884 0.500904 0.448328 0.464763 0.449848 0.462956 0.430091 0.462956 0.405775 0.464763 0.389818 0.465486 0.382979 0.462233 0.196049 0.488616 0.192249
0 0.461511 0.207447 0.465847 0.386778 0.465486 0.404255 0.466932 0.410334 0.466932 0.424012 0.465847 0.431611 0.465847 0.438450 0.449946 0.443769 0.439465 0.439970 0.434044 0.428571 0.438020 0.401216 0.437297 0.355623 0.434767 0.202888
0 0.416697 0.189970 0.437297 0.363982 0.439104 0.395137 0.437297 0.418693 0.435128 0.444529 0.435128 0.451368 0.425370 0.454407 0.416697 0.455927 0.410914 0.450608 0.408023 0.437690 0.404771 0.426292 0.404409 0.410334 0.405493 0.401216 0.405855 0.380699 0.404771 0.360182 0.401518 0.332827 0.397542 0.290274 0.392844 0.249240 0.390314 0.199848
0 0.367185 0.194529 0.377304 0.357143 0.379834 0.375380 0.381641 0.396657 0.385978 0.420973 0.386700 0.433891 0.381641 0.446809 0.373690 0.463526 0.357788 0.454407 0.345501 0.439210 0.345501 0.411854 0.345862 0.382979 0.346585 0.354863 0.341525 0.281915 0.339718 0.232523 0.337911 0.209726
0 0.331044 0.208967 0.346585 0.365502 0.347308 0.406535 0.348392 0.443009 0.347308 0.459726 0.310806 0.462006 0.302855 0.439970 0.303216 0.416413 0.295627 0.216565
0 0.277196 0.224924 0.302494 0.410334 0.301409 0.452888 0.288760 0.462766 0.273943 0.459726 0.260571 0.449088 0.258764 0.426292 0.259125 0.408055 0.258764 0.379179 0.249006 0.231003
0 0.238887 0.234802 0.258764 0.376140 0.260571 0.451368 0.241055 0.450608 0.217926 0.431611 0.216119 0.243921
0 0.491146 0.193009 0.499819 0.446049 0.522588 0.447568 0.533068 0.436170 0.535598 0.424772 0.534514 0.401216 0.533430 0.386778 0.530177 0.373860 0.528370 0.356383 0.522226 0.196049
0 0.522226 0.190729 0.529093 0.389058 0.529816 0.430851 0.532346 0.439210 0.547163 0.441489 0.554752 0.436930 0.557282 0.421733 0.559089 0.405775 0.561619 0.373100 0.561619 0.354863 0.557644 0.320669 0.553307 0.262158 0.552584 0.197568 0.525117 0.190729
0 0.565233 0.186170 0.556198 0.334347 0.554391 0.367781 0.551861 0.389818 0.554030 0.400456 0.556198 0.414894 0.558366 0.426292 0.560535 0.441489 0.561619 0.447568 0.570293 0.449848 0.581135 0.450608 0.584749 0.433891 0.586917 0.416413 0.585472 0.386018 0.584026 0.350304 0.583665 0.307751 0.584749 0.265198 0.584749 0.229483 0.586917 0.199848 0.587279 0.184650
0 0.593422 0.186170 0.583303 0.342705 0.578605 0.361702 0.575352 0.379179 0.574991 0.393617 0.577521 0.405015 0.580051 0.418693 0.589447 0.428571 0.596314 0.428571 0.601373 0.421733 0.606794 0.413374 0.608601 0.404255 0.610408 0.389818 0.612215 0.370061 0.612577 0.354103 0.613661 0.338146 0.615107 0.311550 0.616552 0.282675 0.618359 0.243921 0.617998 0.210486 0.617636 0.189970
0 0.625949 0.206687 0.610047 0.371581 0.606433 0.391337 0.606433 0.414894 0.608240 0.430851 0.611131 0.431611 0.616552 0.436170 0.623780 0.440729 0.633538 0.435410 0.637514 0.426292 0.640043 0.414134 0.642573 0.393617 0.643657 0.373100 0.645103 0.351064 0.647271 0.316109 0.648717 0.281155 0.650163 0.258359 0.650524 0.233283 0.650524 0.222644 0.651247 0.201368
0 0.656668 0.182371 0.644019 0.338146 0.643657 0.360942 0.643657 0.387538 0.643657 0.406535 0.643657 0.423252 0.644380 0.436170 0.649801 0.443769 0.657029 0.443009 0.669678 0.445289 0.679075 0.440729 0.688110 0.411854 0.691362 0.381459 0.693892 0.189210
0 0.707626 0.188450 0.688471 0.392097 0.687387 0.432371 0.709071 0.441489 0.733647 0.426292 0.737622 0.395897 0.737622 0.341185 0.754969 0.223404
0 0.758583 0.227964 0.737983 0.354863 0.735815 0.401976 0.734008 0.427812 0.765089 0.437690 0.772317 0.418693 0.780629 0.233283
