0 0.453383 0.456687 0.451700 0.543313 0.472568 0.554711 0.478627 0.553191 0.481319 0.487842 0.482329 0.399696 0.484012 0.321429 0.484012 0.284195 0.481656 0.255319 0.474924 0.251520 0.468529 0.296353 0.460451 0.378419
0 0.434197 0.452888 0.429485 0.507599 0.430831 0.547112 0.450353 0.543313 0.457085 0.475684 0.463480 0.372340 0.464153 0.327508 0.465836 0.267477 0.456075 0.262918 0.448670 0.290274
0 0.408953 0.474924 0.409626 0.528875 0.424100 0.542553 0.438573 0.513678 0.439583 0.421733 0.442612 0.338906 0.442612 0.288754 0.441266 0.242401 0.438573 0.212766 0.429485 0.205927 0.421744 0.240881
0 0.378997 0.481763 0.381690 0.531915 0.391451 0.540274 0.397173 0.518237 0.397846 0.456687 0.391451 0.389058 0.392124 0.308511 0.388758 0.294833 0.377651 0.298632 0.371255 0.426292
0 0.348031 0.467325 0.347694 0.513678 0.352070 0.536474 0.374958 0.540274 0.382363 0.518237 0.380680 0.440729 0.379670 0.347264 0.379670 0.290274 0.368899 0.280395 0.355099 0.292553 0.355099 0.390578
0 0.313363 0.481003 0.315719 0.524316 0.330528 0.514438 0.346685 0.522036 0.363514 0.513678 0.364860 0.479483 0.359475 0.432371 0.356109 0.361702 0.354426 0.277356 0.351397 0.259878 0.335241 0.253799 0.313026 0.265198 0.297880 0.294073 0.293167 0.326748 0.306631 0.389058
0 0.479973 0.484802 0.476271 0.543313 0.485022 0.561550 0.499495 0.559271 0.509929 0.538754 0.508920 0.481763 0.509593 0.407295 0.509929 0.362462 0.509929 0.297872 0.503198 0.268237 0.493100 0.274316 0.487715 0.320669
0 0.509929 0.481003 0.508920 0.536474 0.519690 0.554711 0.532481 0.542553 0.532481 0.484802 0.530798 0.372340 0.532481 0.325228 0.533490 0.278116 0.529788 0.253040 0.521373 0.267477 0.515988 0.329787
0 0.530461 0.472644 0.530461 0.525836 0.540895 0.549392 0.549647 0.548632 0.559071 0.520517 0.557051 0.446049 0.554022 0.335866 0.552676 0.280395 0.550656 0.246960 0.544261 0.231003 0.536856 0.249240 0.535847 0.279635 0.531471 0.379939
0 0.541568 0.458207 0.539549 0.479483 0.540895 0.511398 0.547290 0.526596 0.557725 0.518237 0.571525 0.537234 0.577920 0.513678 0.582296 0.461246 0.580613 0.403495 0.578930 0.335866 0.576237 0.291793 0.572535 0.267477 0.561764 0.267477 0.551330 0.298632
0 0.567822 0.446049 0.563447 0.479483 0.569505 0.522036 0.589700 0.537234 0.598115 0.528875 0.599798 0.472644 0.599798 0.413374 0.598788 0.338906 0.591720 0.279635 0.581622 0.274316 0.574554 0.300152
0 0.587681 0.437690 0.579939 0.475684 0.586335 0.513678 0.606193 0.528116 0.626388 0.515957 0.630427 0.485562 0.622686 0.420213 0.636149 0.349544 0.636823 0.243161 0.606866 0.253799 0.583642 0.259119 0.585325 0.312310
0 0.625042 0.433891 0.628745 0.481763 0.635476 0.502280 0.648267 0.501520 0.665096 0.493921 0.670481 0.461246 0.667115 0.424012 0.671491 0.389058 0.673511 0.353343 0.681589 0.294073 0.678223 0.269757 0.671828 0.246960 0.660720 0.240881 0.643554 0.251520
0 0.473241 0.571429 0.471222 0.578267 0.467856 0.639818 0.468529 0.719605 0.468866 0.775076 0.475934 0.788754 0.482666 0.797872 0.486705 0.768237 0.488051 0.659574 0.487715 0.613222 0.490407 0.585866 0.487041 0.575228
0 0.494110 0.572188 0.489061 0.583587 0.485022 0.627660 0.487041 0.719605 0.490407 0.788754 0.498822 0.793313 0.501515 0.779635 0.506227 0.665653 0.506227 0.600304 0.506227 0.572188
0 0.509593 0.561550 0.502188 0.573708 0.505217 0.623100 0.505217 0.715046 0.506900 0.772796 0.511612 0.799392 0.519017 0.803951 0.525076 0.787234 0.523393 0.724164 0.524403 0.606383 0.527768 0.572188 0.527768 0.559271 0.516324 0.555471
0 0.531807 0.548632 0.528105 0.559271 0.523393 0.618541 0.522720 0.676292 0.524403 0.750760 0.528778 0.788754 0.536856 0.788754 0.544934 0.758359 0.548973 0.667933 0.549647 0.606383 0.551666 0.563070 0.546281 0.549392
0 0.545944 0.547112 0.539886 0.571429 0.543588 0.639818 0.547290 0.721125 0.543251 0.784954 0.556042 0.812310 0.568832 0.787234 0.575227 0.689210 0.576237 0.602584 0.572535 0.556991 0.565466 0.537234 0.556042 0.536474
0 0.578930 0.530395 0.563447 0.538754 0.558061 0.569909 0.569505 0.620821 0.574217 0.735562 0.584315 0.760638 0.594076 0.735562 0.596096 0.677812 0.596096 0.602584 0.599798 0.557751 0.592393 0.534954
0 0.619993 0.522036 0.612588 0.532675 0.616964 0.573708 0.647257 0.654255 0.667115 0.718845 0.692359 0.746201 0.705486 0.727964 0.709189 0.684650 0.701447 0.637538 0.675194 0.549392 0.668125 0.502280 0.654998 0.500000
0 0.458095 0.556991 0.450690 0.561550 0.449680 0.588146 0.451700 0.667933 0.451700 0.750000 0.456749 0.797112 0.465163 0.793313 0.468866 0.748480 0.469875 0.659574 0.473241 0.582067 0.469875 0.565350
0 0.432514 0.561550 0.428475 0.587386 0.426119 0.651216 0.430495 0.779635 0.435207 0.826748 0.446314 0.819909 0.451700 0.775076 0.453383 0.700608 0.453383 0.619301 0.449007 0.575228
0 0.418714 0.553191 0.410300 0.557751 0.404914 0.585866 0.407607 0.661854 0.407943 0.768997 0.417031 0.811550 0.425109 0.817629 0.430831 0.788754 0.435207 0.663374 0.435207 0.625380 0.438909 0.595745 0.436217 0.573708 0.427802 0.572188 0.425783 0.557751
0 0.403231 0.546353 0.393470 0.543313 0.384382 0.589666 0.385729 0.694529 0.385056 0.765198 0.395153 0.793313 0.402558 0.768237 0.410636 0.657295 0.416022 0.612462 0.426119 0.579787 0.426119 0.559271 0.415348 0.546353
0 0.373275 0.540274 0.360485 0.536474 0.354426 0.561550 0.352407 0.626900 0.341299 0.680851 0.325143 0.740122 0.319421 0.768237 0.340289 0.801672 0.360485 0.768997 0.384382 0.705167 0.400539 0.629179 0.403904 0.604103 0.410300 0.569149 0.401212 0.543313 0.390778 0.536474
0 0.329519 0.519757 0.318748 0.525836 0.311343 0.554711 0.306631 0.598024 0.288455 0.655775 0.277684 0.703647 0.281387 0.748480 0.301245 0.739362 0.320431 0.694529 0.349377 0.636778 0.367890 0.595745 0.377987 0.569909 0.378997 0.555471 0.375295 0.543313 0.365197 0.538754 0.353080 0.532675 0.340289 0.525836
