0 0.496457 0.327869 0.502530 0.561475 0.480263 0.560451 0.468117 0.548156 0.472672 0.502049 0.472672 0.337090
0 0.471154 0.334016 0.471154 0.545082 0.456984 0.555328 0.448381 0.546107 0.442308 0.525615 0.445850 0.504098 0.448887 0.486680 0.452429 0.339139
0 0.450911 0.340164 0.449899 0.492828 0.446356 0.521516 0.441296 0.543033 0.429656 0.549180 0.417004 0.532787 0.418522 0.500000 0.422571 0.468238 0.431680 0.342213
0 0.373482 0.315574 0.394737 0.496926 0.371964 0.516393 0.350709 0.514344 0.342105 0.498975 0.337551 0.469262 0.341599 0.449795 0.346154 0.314549
0 0.341093 0.311475 0.343117 0.457992 0.336538 0.495902 0.313259 0.486680 0.295547 0.461066 0.301619 0.429303 0.308704 0.405738 0.322368 0.308402
0 0.496457 0.355533 0.502024 0.407787 0.501012 0.490779 0.503543 0.564549 0.522773 0.558402 0.531883 0.548156 0.532389 0.533811 0.530870 0.504098 0.520749 0.339139 0.495951 0.340164
0 0.518725 0.341189 0.526822 0.488730 0.531883 0.542008 0.544534 0.534836 0.548077 0.524590 0.548077 0.504098 0.535931 0.349385
0 0.546053 0.369877 0.550101 0.454918 0.548077 0.472336 0.546559 0.480533 0.546559 0.491803 0.548077 0.509221 0.550101 0.521516 0.553138 0.537910 0.556174 0.543033 0.560729 0.545082 0.571862 0.529713 0.569332 0.508197 0.568826 0.479508 0.566802 0.461066 0.558704 0.338115 0.546053 0.341189
0 0.570850 0.349385 0.585020 0.461066 0.585020 0.487705 0.588057 0.502049 0.592105 0.507172 0.594636 0.520492 0.591093 0.528689 0.584514 0.532787 0.576417 0.531762 0.573381 0.527664 0.566802 0.519467 0.563259 0.504098 0.562753 0.483607 0.562753 0.462090 0.564777 0.449795 0.564777 0.427254 0.563765 0.398566 0.563259 0.365779 0.563259 0.355533
0 0.594130 0.334016 0.608806 0.402664 0.606275 0.463115 0.612854 0.497951 0.609312 0.520492 0.599696 0.524590 0.593117 0.515369 0.584514 0.494877 0.584008 0.475410 0.586032 0.442623 0.584514 0.408811 0.574393 0.346311
0 0.605263 0.340164 0.609312 0.434426 0.605263 0.468238 0.612348 0.500000 0.645243 0.497951 0.647773 0.484631 0.643219 0.455943 0.643219 0.440574 0.637146 0.315574 0.604757 0.323770
0 0.636640 0.321721 0.642206 0.446721 0.646255 0.480533 0.659919 0.490779 0.678138 0.466189 0.680162 0.436475 0.674595 0.402664 0.668522 0.311475
0 0.304656 0.313525 0.262146 0.390369 0.270243 0.432377 0.287955 0.456967 0.301113 0.436475 0.314777 0.391393 0.327429 0.346311
0 0.408907 0.336066 0.397267 0.516393 0.404858 0.538934 0.416498 0.528689 0.428644 0.521516 0.433704 0.488730 0.432692 0.459016 0.431680 0.336066
0 0.494939 0.579918 0.498482 0.702869 0.504049 0.781762 0.522267 0.775615 0.514676 0.642418 0.513664 0.627049 0.512146 0.612705 0.511640 0.598361 0.511134 0.591189 0.508097 0.589139 0.502530 0.585041
0 0.517206 0.571721 0.507591 0.578893 0.511134 0.606557 0.524291 0.770492 0.543016 0.757172 0.529858 0.625000 0.528846 0.571721 0.521255 0.568648
0 0.538462 0.572746 0.529858 0.584016 0.529858 0.630123 0.545547 0.781762 0.563259 0.771516 0.550101 0.626025 0.549089 0.606557 0.549089 0.592213 0.548583 0.579918 0.545547 0.577869
0 0.555668 0.569672 0.547065 0.597336 0.547065 0.617828 0.553138 0.630123 0.560223 0.771516 0.572368 0.768443 0.570850 0.629098 0.571356 0.594262 0.566296 0.572746 0.562753 0.566598 0.558198 0.565574
0 0.571862 0.555328 0.569838 0.563525 0.565283 0.570697 0.561741 0.579918 0.562247 0.590164 0.567814 0.605533 0.571356 0.612705 0.596660 0.764344 0.617915 0.738730 0.591599 0.586066 0.590587 0.571721 0.590587 0.561475 0.589575 0.557377 0.582996 0.552254 0.575405 0.552254
0 0.594130 0.538934 0.589575 0.538934 0.585526 0.540984 0.582996 0.545082 0.582490 0.556352 0.586032 0.570697 0.590081 0.587090 0.595142 0.604508 0.625000 0.738730 0.654352 0.741803 0.667510 0.663934 0.628543 0.577869 0.626518 0.559426 0.626012 0.545082 0.623482 0.533811 0.616903 0.528689 0.610324 0.528689 0.602227 0.532787 0.597166 0.536885
0 0.636134 0.513320 0.627024 0.531762 0.625506 0.544057 0.625506 0.552254 0.627024 0.569672 0.630567 0.580943 0.688765 0.673156 0.700911 0.602459 0.675101 0.581967 0.669534 0.562500 0.667510 0.535861 0.662955 0.509221 0.654858 0.504098 0.648279 0.504098 0.639170 0.509221
0 0.677632 0.493852 0.670547 0.546107 0.669534 0.559426 0.671559 0.576844 0.678138 0.584016 0.727733 0.598361 0.727227 0.524590 0.689271 0.490779
0 0.494939 0.577869 0.497470 0.663934 0.503036 0.766393 0.492915 0.768443 0.478745 0.627049 0.477733 0.589139
0 0.472672 0.567623 0.454453 0.574795 0.458502 0.603484 0.472672 0.755123 0.489879 0.746926 0.478745 0.629098 0.479757 0.594262 0.479757 0.572746
0 0.448381 0.598361 0.436235 0.608607 0.437247 0.634221 0.442814 0.668033 0.440789 0.792008 0.457490 0.797131 0.466093 0.698770 0.462045 0.630123 0.463057 0.620902 0.460526 0.610656 0.457996 0.600410 0.454960 0.594262 0.451417 0.594262
0 0.437247 0.566598 0.451417 0.592213 0.452935 0.606557 0.451417 0.617828 0.447874 0.628074 0.445344 0.636270 0.441802 0.649590 0.425607 0.800205 0.407895 0.792008 0.419028 0.653689 0.419534 0.625000 0.421559 0.607582 0.424595 0.591189 0.427632 0.577869 0.432692 0.572746
0 0.412449 0.560451 0.407895 0.563525 0.404858 0.570697 0.402328 0.579918 0.399798 0.589139 0.396761 0.609631 0.355769 0.778689 0.382085 0.799180 0.404858 0.702869 0.417510 0.665984 0.427632 0.630123 0.438765 0.608607 0.442814 0.601434 0.444838 0.587090 0.440789 0.577869 0.431680 0.571721 0.424089 0.568648 0.419028 0.562500 0.414980 0.560451
0 0.366397 0.549180 0.364372 0.550205 0.361842 0.555328 0.359818 0.562500 0.357287 0.575820 0.354251 0.591189 0.304656 0.712090 0.339069 0.770492 0.371964 0.686475 0.394231 0.623975 0.404352 0.606557 0.411943 0.587090 0.415486 0.573770 0.412449 0.555328 0.400304 0.553279 0.386134 0.553279 0.380567 0.548156 0.376012 0.542008 0.371964 0.542008
0 0.343623 0.523566 0.334008 0.512295 0.326923 0.513320 0.321356 0.517418 0.318320 0.525615 0.314271 0.542008 0.296559 0.614754 0.268219 0.658811 0.290992 0.704918 0.331478 0.636270 0.357794 0.580943 0.362348 0.566598 0.366903 0.553279 0.368421 0.542008 0.357287 0.533811 0.348684 0.528689
0 0.287955 0.498975 0.272773 0.502049 0.266700 0.506148 0.264170 0.537910 0.267206 0.592213 0.266700 0.616803 0.288462 0.619877 0.301619 0.590164 0.310223 0.562500 0.316296 0.538934 0.319838 0.513320 0.316296 0.502049 0.299595 0.496926
