0 0.472194 0.324468 0.472194 0.344225 0.475228 0.382219 0.475228 0.413374 0.475228 0.474164 0.473205 0.496201 0.473205 0.518997 0.493091 0.525076 0.503876 0.525076 0.504887 0.485562 0.499831 0.443009 0.496798 0.409574 0.495787 0.373100 0.493091 0.337386 0.493091 0.322188
0 0.456353 0.313070 0.453320 0.348784 0.453320 0.384498 0.453320 0.411094 0.452309 0.445289 0.452309 0.489362 0.454331 0.516717 0.463094 0.536474 0.477924 0.509878 0.477924 0.455927 0.473205 0.413374 0.472194 0.382219 0.471183 0.337386 0.471183 0.308511
0 0.433434 0.306231 0.430401 0.341945 0.429390 0.391337 0.429390 0.433891 0.429390 0.467325 0.430401 0.516717 0.450286 0.536474 0.456353 0.527356 0.460061 0.471884 0.456353 0.417933 0.450286 0.373100 0.447253 0.344225
0 0.409505 0.306231 0.409505 0.319909 0.409505 0.344225 0.409505 0.375380 0.409505 0.411094 0.409505 0.436170 0.409505 0.474164 0.411527 0.514438 0.420627 0.529635 0.438490 0.496201 0.434446 0.469605 0.432423 0.443009 0.432423 0.417933 0.432423 0.384498 0.435457 0.337386 0.437479 0.315350
0 0.383889 0.319909 0.382878 0.375380 0.378834 0.402736 0.374115 0.462766 0.372093 0.489362 0.376812 0.507599 0.388945 0.514438 0.400741 0.514438 0.416582 0.487082 0.415571 0.467325 0.413549 0.438450 0.413549 0.402736 0.410516 0.357903 0.409505 0.317629
0 0.352208 0.326748 0.352208 0.346505 0.350185 0.386778 0.346141 0.402736 0.340411 0.427052 0.334344 0.449088 0.333333 0.474164 0.342096 0.503040 0.359960 0.512158 0.374115 0.512158 0.377823 0.489362 0.376812 0.451368 0.376812 0.409574 0.380856 0.369301 0.381867 0.326748
0 0.328278 0.310790 0.326255 0.329027 0.315470 0.393617 0.311426 0.413374 0.302663 0.431611 0.297607 0.445289 0.296596 0.462766 0.301651 0.481003 0.313448 0.489362 0.325244 0.498480 0.333333 0.503040 0.341422 0.474164 0.342096 0.433891 0.341422 0.407295 0.343108 0.379939 0.347152 0.333587 0.349174 0.306231
0 0.506909 0.310790 0.504887 0.353343 0.504887 0.405015 0.504887 0.443009 0.503876 0.478723 0.509943 0.500760 0.520728 0.500760 0.528480 0.462766 0.523761 0.415653 0.522750 0.371581 0.521739 0.301672
0 0.526458 0.306231 0.524772 0.355623 0.522750 0.395897 0.522750 0.431611 0.522750 0.471884 0.524772 0.507599 0.536569 0.514438 0.542636 0.493921 0.544321 0.455927 0.543310 0.400456 0.538591 0.362462 0.543310 0.303951
0 0.554432 0.310790 0.548365 0.341945 0.545332 0.382219 0.545332 0.427052 0.545332 0.476444 0.549376 0.512158 0.566229 0.521277 0.572295 0.496201 0.569262 0.447568 0.567240 0.393617 0.566229 0.329027
0 0.576340 0.313070 0.570273 0.346505 0.564206 0.395897 0.561173 0.440729 0.561173 0.485562 0.566229 0.509878 0.577014 0.514438 0.583081 0.505319 0.585103 0.449088 0.585103 0.411094 0.585103 0.360182 0.585103 0.288754
0 0.587125 0.293313 0.583081 0.317629 0.583081 0.335866
0 0.593192 0.312310 0.590158 0.368541 0.585103 0.435410 0.580047 0.484802 0.601955 0.506839 0.613751 0.490881 0.609033 0.428571 0.601955 0.373100 0.603977 0.328267 0.607010 0.287994
0 0.604988 0.297872 0.603977 0.333587 0.603977 0.379939 0.607010 0.445289 0.611729 0.485562 0.641726 0.483283 0.647455 0.453647 0.631614 0.389058 0.628581 0.341945 0.626896 0.295593
0 0.626896 0.286474 0.632626 0.344225 0.641726 0.413374 0.645433 0.445289 0.658578 0.449088 0.674419 0.443009 0.674419 0.389058 0.654533 0.326748 0.654533 0.275076
0 0.655207 0.267477 0.657230 0.297872 0.661948 0.335866 0.665319 0.358663 0.672059 0.401216 0.677452 0.437690 0.682845 0.465046 0.689585 0.446809 0.692956 0.436170 0.699697 0.430091 0.709134 0.417933 0.711830 0.408815 0.705763 0.379939 0.699023 0.352584 0.693630 0.329787 0.683519 0.291793 0.678126 0.270517 0.671385 0.259878
0 0.504887 0.703647 0.505561 0.673252 0.504213 0.656535 0.504213 0.617021 0.505561 0.595745 0.507583 0.559271 0.510954 0.537994 0.520391 0.533435 0.529154 0.539514 0.530502 0.551672 0.528480 0.577508 0.525110 0.597264 0.523761 0.617021 0.523087 0.633739 0.519717 0.659574 0.519717 0.694529 0.517695 0.718845 0.509606 0.727964 0.502191 0.721884
0 0.531850 0.547112 0.527132 0.583587 0.525784 0.620061 0.525110 0.682371 0.529154 0.724924 0.535895 0.723404 0.542636 0.703647 0.544658 0.662614 0.544658 0.633739 0.544658 0.589666 0.545332 0.565350 0.541287 0.544073
0 0.541287 0.539514 0.541287 0.541033 0.543984 0.609422 0.548028 0.632219 0.553421 0.671733 0.556117 0.717325 0.562858 0.731003 0.570947 0.717325 0.571621 0.676292 0.569599 0.639818 0.568251 0.594225 0.568251 0.560790 0.564880 0.550152 0.560162 0.544073 0.550051 0.541033
0 0.581732 0.531915 0.569599 0.544073 0.567577 0.560790 0.572969 0.580547 0.578362 0.607903 0.579710 0.633739 0.586451 0.671733 0.591844 0.694529 0.598584 0.711246 0.604651 0.706687 0.606673 0.677812 0.603303 0.630699 0.598584 0.589666 0.595214 0.542553
0 0.596562 0.503040 0.588473 0.507599 0.591170 0.533435 0.595888 0.563830 0.599933 0.606383 0.602629 0.627660 0.605325 0.668693 0.614762 0.685410 0.631614 0.686930 0.644422 0.686930 0.651837 0.668693 0.652511 0.639818 0.649141 0.610942 0.642400 0.583587 0.639029 0.547112 0.638355 0.513678 0.628918 0.489362 0.614762 0.492401
0 0.491405 0.533435 0.488709 0.542553 0.490057 0.586626 0.491405 0.623100 0.492754 0.670213 0.492754 0.717325 0.494776 0.727964 0.506235 0.696049 0.508257 0.647416 0.508257 0.583587 0.507583 0.550152 0.505561 0.531915
0 0.650489 0.487842 0.639029 0.490881 0.631614 0.515198 0.644422 0.553191 0.654533 0.609422 0.657904 0.639818 0.669363 0.658055 0.684867 0.661094 0.693630 0.659574 0.701719 0.639818 0.702393 0.615502 0.697000 0.585106 0.692282 0.560790 0.689585 0.518237 0.684193 0.486322 0.672059 0.474164 0.657230 0.481763
0 0.480620 0.531915 0.473205 0.536474 0.473205 0.563830 0.472531 0.588146 0.476576 0.610942 0.478598 0.664134 0.479272 0.717325 0.482642 0.746201 0.488035 0.721884 0.489383 0.693009 0.490057 0.648936 0.490731 0.600304 0.490057 0.556231 0.488709 0.541033 0.487361 0.531915
0 0.465116 0.530395 0.459724 0.536474 0.455679 0.560790 0.455005 0.579027 0.459050 0.601824 0.460398 0.639818 0.461746 0.691489 0.463768 0.731003 0.467813 0.737082 0.473879 0.693009 0.474553 0.653495 0.473205 0.615502 0.471857 0.568389 0.471857 0.542553
0 0.440849 0.536474 0.438153 0.548632 0.436131 0.562310 0.439501 0.603343 0.440849 0.644377 0.440849 0.680851 0.440849 0.737082 0.448264 0.741641 0.453657 0.705167 0.455005 0.665653 0.455005 0.635258 0.455005 0.583587 0.457027 0.547112 0.455005 0.534954 0.449612 0.530395
0 0.425345 0.548632 0.417931 0.569909 0.417931 0.615502 0.417931 0.662614 0.417931 0.715805 0.423323 0.747720 0.435457 0.696049 0.435457 0.641337 0.439501 0.595745 0.441523 0.548632 0.432086 0.533435
0 0.409168 0.547112 0.399730 0.556231 0.389619 0.585106 0.388945 0.617021 0.386249 0.676292 0.385575 0.743161 0.397034 0.738602 0.410516 0.676292 0.414560 0.627660 0.419279 0.583587 0.421975 0.560790
0 0.380856 0.536474 0.365352 0.531915 0.356589 0.537994 0.355915 0.548632 0.355915 0.569909 0.355241 0.606383 0.350522 0.642857 0.345130 0.676292 0.347152 0.705167 0.359285 0.721884 0.382204 0.689970 0.384901 0.667173 0.390967 0.603343 0.392990 0.571429 0.395686 0.537994
