0 0.508480 0.411854 0.508480 0.470365 0.508480 0.512158 0.504749 0.550912 0.503731 0.577508 0.498982 0.598784 0.486431 0.598784 0.480326 0.590426 0.480326 0.561550 0.478630 0.520517 0.481343 0.459726 0.484396 0.424772 0.486431 0.390578 0.493894 0.368541 0.504749 0.366261 0.511533 0.377660
0 0.483379 0.383739 0.483379 0.403495 0.481343 0.438450 0.478630 0.468845 0.476594 0.494681 0.473541 0.522796 0.472863 0.555471 0.469810 0.581307 0.458277 0.590426 0.452510 0.572948 0.450475 0.557751 0.452510 0.505319 0.455224 0.472644 0.459294 0.424772 0.459973 0.386018 0.465061 0.355623 0.471845 0.338146 0.482361 0.353343
0 0.442673 0.357903 0.441655 0.383739 0.439620 0.414134 0.437924 0.436170 0.434871 0.470365 0.422320 0.560030 0.430122 0.575228 0.441655 0.583587 0.451493 0.553191 0.455224 0.529635 0.455224 0.494681 0.456242 0.453647 0.459294 0.414134 0.462008 0.377660 0.464043 0.351064 0.464043 0.329787 0.453189 0.325228 0.445726 0.325228
0 0.427069 0.338146 0.424355 0.377660 0.423338 0.411854 0.418589 0.444529 0.412483 0.474924 0.410787 0.503040 0.407734 0.533435 0.419267 0.560030 0.432157 0.555471 0.439620 0.515957 0.437924 0.468845 0.437924 0.388298 0.445726 0.322948
0 0.406716 0.351064 0.405020 0.373100 0.402985 0.416413 0.399254 0.442249 0.389417 0.492401 0.387381 0.520517 0.386364 0.542553 0.398236 0.550912 0.406716 0.546353 0.412483 0.518237 0.413501 0.477204 0.420285 0.418693 0.421303 0.383739 0.425373 0.353343 0.417571 0.335866
0 0.373813 0.325228 0.369064 0.370821 0.361262 0.416413 0.352442 0.459726 0.346676 0.499240 0.349729 0.520517 0.362280 0.535714 0.382632 0.535714 0.385685 0.492401 0.385685 0.449088 0.389417 0.401216 0.400950 0.360182 0.399932 0.338146
0 0.338874 0.305471 0.338874 0.327508 0.329376 0.383739 0.319539 0.416413 0.311737 0.453647 0.310041 0.487842 0.320556 0.509878 0.337856 0.514438 0.347693 0.487842 0.351764 0.424772 0.359227 0.388298 0.363297 0.351064 0.367028 0.314590
0 0.322592 0.287994 0.316825 0.322948 0.302239 0.348784 0.288670 0.375380 0.279851 0.403495 0.277815 0.423252 0.286635 0.453647 0.300204 0.466565 0.306988 0.433891 0.318521 0.383739 0.326323 0.362462 0.338874 0.327508 0.340909 0.290274 0.332090 0.284195
0 0.520353 0.379179 0.520353 0.423252 0.519335 0.459726 0.512551 0.507599 0.507463 0.550912 0.511533 0.601064 0.530868 0.607903 0.538670 0.583587 0.538670 0.540274 0.534600 0.470365 0.538670 0.418693 0.541384 0.370821
0 0.546472 0.366261 0.543419 0.394377 0.541384 0.442249 0.539688 0.499240 0.539688 0.544833 0.539688 0.561550 0.550204 0.594225 0.561737 0.588146 0.564790 0.555471 0.563772 0.507599 0.563772 0.459726 0.563772 0.392857 0.563772 0.379179
0 0.569539 0.388298 0.567843 0.433891 0.566825 0.474924 0.565807 0.515957 0.565807 0.560030 0.571574 0.601064 0.578358 0.596505 0.585142 0.557751 0.587178 0.514438 0.588195 0.457447 0.588195 0.408055 0.588874 0.386018
0 0.592944 0.386018 0.587178 0.433891 0.586160 0.496960 0.584125 0.537994 0.583107 0.577508 0.590909 0.598784 0.606513 0.592705 0.609227 0.555471 0.607531 0.496960 0.605495 0.442249 0.605495 0.396657
0 0.608548 0.362462 0.607531 0.383739 0.607531 0.451368 0.603460 0.509878 0.602442 0.542553 0.609227 0.579027 0.622117 0.585866 0.634668 0.563830 0.635685 0.518237 0.625848 0.439970 0.625848 0.396657 0.625848 0.353343
0 0.639417 0.362462 0.633650 0.453647 0.630597 0.499240 0.627883 0.553191 0.644166 0.598784 0.661805 0.590426 0.667571 0.570669 0.667571 0.509878 0.663501 0.416413 0.665536 0.360182
0 0.680122 0.370821 0.669607 0.363982 0.666554 0.396657 0.666554 0.446809 0.668589 0.494681 0.673338 0.540274 0.680122 0.572948 0.698440 0.563830 0.701493 0.529635 0.699457 0.481763 0.691655 0.418693
0 0.699457 0.362462 0.690638 0.360182 0.694708 0.427052 0.701493 0.479483 0.709294 0.529635 0.718792 0.533435 0.727612 0.496960 0.717096 0.431611 0.708277 0.392857
0 0.492198 0.791793 0.492198 0.755319 0.489145 0.698328 0.483379 0.666413 0.486431 0.623100 0.502714 0.629179 0.507463 0.659574 0.505767 0.696809 0.501696 0.728723 0.501696 0.761398 0.504749 0.806991 0.496947 0.811550
0 0.509498 0.804711 0.516282 0.740122 0.523066 0.700608 0.528833 0.661854 0.527137 0.631459 0.506784 0.624620 0.502714 0.651216 0.502714 0.674772 0.504749 0.709726 0.504749 0.753040 0.503731 0.785714
0 0.530868 0.804711 0.550204 0.687690 0.552239 0.670213 0.554274 0.644377 0.549186 0.623100 0.538670 0.623100 0.536635 0.646657 0.534600 0.666413 0.533921 0.694529 0.529851 0.722644 0.527815 0.742401 0.524084 0.768237
0 0.561737 0.819909 0.559023 0.796353 0.554953 0.753040 0.554953 0.707447 0.555970 0.664134 0.560041 0.631459 0.567843 0.624620 0.573609 0.629179 0.579376 0.653495 0.580393 0.709726 0.580393 0.728723 0.578358 0.759119 0.577341 0.787994
0 0.595658 0.824468 0.589891 0.791793 0.586160 0.748480 0.582090 0.679331 0.580393 0.646657 0.585142 0.616261 0.601764 0.629179 0.601764 0.664134 0.606513 0.709726 0.607531 0.740122 0.607531 0.781155 0.605495 0.816109
0 0.629579 0.835866 0.627883 0.818389 0.618046 0.770517 0.613297 0.742401 0.607531 0.705167 0.605495 0.679331 0.605495 0.631459 0.605495 0.616261 0.615332 0.609422 0.626866 0.626900 0.630597 0.666413 0.633650 0.707447 0.634668 0.748480 0.637381 0.791793 0.638399 0.820669
0 0.667571 0.607903 0.659769 0.616261 0.658752 0.638298 0.666554 0.666413 0.679104 0.713526 0.685889 0.742401 0.694708 0.763678 0.707259 0.772796 0.714043 0.763678 0.715061 0.735562 0.709294 0.689970 0.701493 0.659574 0.698440 0.636018 0.693691 0.590426 0.683853 0.579027
0 0.733379 0.563830 0.721845 0.560030 0.708277 0.566109 0.700475 0.596505 0.699457 0.631459 0.711330 0.664134 0.721845 0.705167 0.730665 0.727204 0.738467 0.735562 0.742198 0.720365 0.741180 0.685410 0.735414 0.638298 0.735414 0.605623
0 0.482361 0.791793 0.482361 0.753040 0.483379 0.679331 0.483379 0.659574 0.482361 0.629179 0.467775 0.616261 0.465061 0.629179 0.459973 0.648936 0.459294 0.681611 0.464043 0.713526 0.466757 0.746201 0.466757 0.783435 0.467775 0.818389 0.477612 0.819909
0 0.445726 0.806991 0.448440 0.783435 0.455224 0.755319 0.460991 0.702888 0.463026 0.666413 0.459973 0.616261 0.451493 0.609422 0.444708 0.631459 0.443691 0.648936 0.439620 0.661854 0.435889 0.700608 0.433853 0.718085 0.432836 0.740122 0.432836 0.770517 0.432836 0.794073 0.433853 0.813830
0 0.406716 0.798632 0.413501 0.776596 0.418589 0.746201 0.429104 0.712006 0.436906 0.677052 0.442673 0.638298 0.433853 0.601064 0.427069 0.601064 0.412483 0.629179 0.411805 0.642097 0.408752 0.659574 0.399932 0.733283 0.398236 0.761398 0.395183 0.785714
0 0.379579 0.787994 0.392469 0.740122 0.402985 0.679331 0.410787 0.644377 0.418589 0.613982 0.418589 0.592705 0.405699 0.581307 0.394166 0.594225 0.391452 0.616261 0.385685 0.642097 0.375848 0.666413 0.368046 0.685410 0.361262 0.715805 0.357531 0.737842 0.359227 0.761398
0 0.354478 0.757599 0.361262 0.722644 0.369064 0.677052 0.380597 0.633739 0.387381 0.613982 0.393148 0.598784 0.392469 0.581307 0.376866 0.575228 0.366011 0.566109 0.360244 0.561550 0.354478 0.572948 0.351764 0.594225 0.347693 0.618541 0.341927 0.642097 0.336160 0.670213 0.329376 0.696809 0.325305 0.712006 0.331072 0.746201 0.343962 0.759119
0 0.312754 0.720365 0.316825 0.694529 0.323609 0.674772 0.337178 0.639818 0.347693 0.596505 0.355495 0.568389 0.348711 0.553191 0.338874 0.544833 0.329376 0.537994 0.323609 0.520517 0.315807 0.527356 0.310719 0.553191 0.305970 0.581307 0.301221 0.603343 0.292402 0.631459 0.285617 0.651216 0.282904 0.668693 0.287653 0.692249
0 0.253731 0.624620 0.262551 0.613982 0.281886 0.583587 0.308005 0.570669 0.309023 0.550912 0.308005 0.525076 0.298168 0.505319 0.291384 0.494681 0.267300 0.459726 0.259498 0.485562 0.247965 0.515957 0.236092 0.537994 0.227612 0.572948 0.235414 0.598784 0.243894 0.613982
