0 0.465075 0.496960 0.493942 0.482523 0.478974 0.243161 0.462580 0.244681 0.461867 0.434650 0.461155 0.466565
0 0.445830 0.490122 0.463649 0.487082 0.463649 0.433131 0.456878 0.260638 0.440485 0.257599 0.441197 0.425532 0.441910 0.479483
0 0.424804 0.496960 0.441197 0.495441 0.447969 0.463526 0.430150 0.221125 0.411618 0.224164 0.415895 0.349544 0.421240 0.469605
0 0.399501 0.503040 0.409123 0.504559 0.423378 0.488602 0.433713 0.482523 0.434426 0.439970 0.413043 0.218085 0.393086 0.229483 0.399501 0.395137 0.399501 0.446049 0.396650 0.468085
0 0.375267 0.490122 0.387741 0.515957 0.407698 0.501520 0.410192 0.477964 0.394512 0.237082 0.378118 0.244681 0.379544 0.422492
0 0.347826 0.495441 0.372773 0.500000 0.385602 0.490122 0.388453 0.439970 0.381682 0.408055 0.378118 0.238602 0.358874 0.240122 0.348539 0.409574 0.342480 0.444529 0.342480 0.476444
0 0.308268 0.411094 0.315039 0.406535 0.319672 0.417173 0.322167 0.430851 0.328225 0.451368 0.342480 0.453647 0.349964 0.407295 0.344262 0.367781 0.337847 0.313070 0.318603 0.250760 0.298646 0.253040 0.299359 0.333587 0.302566 0.374620
0 0.277619 0.435410 0.286529 0.462006 0.299715 0.459726 0.306486 0.453647 0.310763 0.435410 0.310763 0.407295 0.303279 0.276596 0.287242 0.275076 0.279758 0.386018
0 0.494654 0.484043 0.523521 0.487842 0.525303 0.424772 0.524234 0.226444 0.502495 0.228723 0.498931 0.395137 0.493942 0.427052
0 0.526016 0.480243 0.548111 0.481763 0.551675 0.453647 0.553100 0.228723 0.534925 0.231003 0.527441 0.411094 0.524234 0.443009
0 0.549893 0.458967 0.554526 0.480243 0.574483 0.486322 0.580185 0.468085 0.585887 0.295593 0.586244 0.215805 0.569850 0.212766 0.558803 0.317629 0.554882 0.410334 0.549893 0.437690
0 0.574483 0.475684 0.580542 0.473404 0.587313 0.483283 0.599430 0.483283 0.605132 0.469605 0.609052 0.455167 0.604419 0.418693 0.606201 0.218845 0.588026 0.221884 0.575552 0.366261 0.573770 0.417173 0.570919 0.446809
0 0.605132 0.475684 0.611547 0.473404 0.617605 0.477204 0.631504 0.465805 0.633642 0.447568 0.628653 0.410334 0.628653 0.313830 0.631860 0.231003 0.611903 0.228723 0.606914 0.325228 0.602994 0.408815 0.599430 0.430851 0.597648 0.458967
0 0.666073 0.449848 0.682110 0.462006 0.695652 0.455167 0.711333 0.437690 0.708838 0.405015 0.704918 0.378419 0.712402 0.214286 0.680328 0.210486 0.672844 0.297872 0.671418 0.363982 0.662865 0.411094 0.662153 0.436930
0 0.707769 0.425532 0.720955 0.443009 0.736992 0.435410 0.743763 0.422492 0.741981 0.386018 0.738418 0.307751 0.743051 0.261398 0.731646 0.250760 0.714184 0.335866 0.710620 0.380699 0.704205 0.395137
0 0.497149 0.506079 0.517106 0.503799 0.517463 0.550152 0.535994 0.702888 0.523877 0.712766 0.500000 0.558511
0 0.515324 0.506079 0.534569 0.501520 0.538845 0.559271 0.558803 0.727204 0.544547 0.735562 0.518175 0.554711 0.513542 0.531915 0.511761 0.509878
0 0.537063 0.498480 0.560228 0.502280 0.574127 0.650456 0.590877 0.775076 0.571276 0.784954 0.540627 0.559271 0.536351 0.536474
0 0.559872 0.524316 0.569850 0.500000 0.579473 0.498480 0.589095 0.514438 0.591589 0.550152 0.600499 0.643617 0.618318 0.735562 0.602637 0.750760 0.573770 0.620061 0.566999 0.566109 0.559159 0.541793
0 0.582680 0.510638 0.601212 0.490122 0.614041 0.500000 0.616536 0.534954 0.625445 0.645137 0.647185 0.740122 0.627227 0.759878 0.596579 0.642097 0.589808 0.569149 0.580898 0.524316
0 0.607270 0.487842 0.618674 0.480243 0.645403 0.475684 0.658945 0.484043 0.662509 0.512158 0.662153 0.550152 0.692445 0.699848 0.656094 0.727964 0.626515 0.626140 0.620100 0.563070 0.608696 0.518237 0.606557 0.494681
0 0.656094 0.501520 0.665716 0.481003 0.697078 0.463526 0.707056 0.484043 0.713471 0.537234 0.742338 0.683131 0.713471 0.708967 0.669636 0.563070 0.659301 0.525076
0 0.701354 0.478723 0.706700 0.459726 0.721668 0.444529 0.741625 0.439210 0.751604 0.475684 0.781540 0.630699 0.761226 0.649696 0.719886 0.537234 0.707056 0.513678
0 0.476835 0.501520 0.496436 0.503040 0.521383 0.736322 0.506058 0.740122 0.481112 0.569149 0.476835 0.513678
0 0.458304 0.503040 0.467213 0.500000 0.481112 0.503040 0.483250 0.561550 0.504277 0.748480 0.491447 0.762158 0.462224 0.556231
0 0.442979 0.508359 0.461511 0.506079 0.467213 0.556991 0.486458 0.782675 0.466500 0.789514 0.441910 0.569149 0.439772 0.515198
0 0.420884 0.531155 0.429081 0.513678 0.441197 0.518237 0.449394 0.537234 0.448681 0.568389 0.457591 0.784954 0.443692 0.789514 0.427655 0.599544 0.420171 0.544073 0.420171 0.537994
0 0.352815 0.504559 0.363507 0.497720 0.390235 0.522036 0.394155 0.551672 0.380613 0.601824 0.341768 0.753040 0.308268 0.717325 0.318247 0.630699 0.337491 0.570669 0.340699 0.537994
0 0.310050 0.475684 0.330364 0.484043 0.352815 0.508359 0.353172 0.534195 0.343906 0.560030 0.336066 0.568389 0.281540 0.677052 0.261226 0.642857 0.297933 0.530395
