0 0.456832 0.534195 0.483005 0.534195 0.483005 0.469605 0.476886 0.297872 0.463630 0.287994 0.458532 0.421733
0 0.433379 0.506839 0.440857 0.534195 0.449014 0.534195 0.458532 0.532675 0.459891 0.450608 0.459211 0.306231 0.439837 0.306231 0.434738 0.487842
0 0.414004 0.509878 0.423521 0.537994 0.432019 0.536474 0.440857 0.487842 0.439157 0.462006 0.437118 0.401976 0.432019 0.272036 0.405167 0.284954 0.412644 0.465046
0 0.392590 0.481763 0.396329 0.511398 0.409585 0.515957 0.417063 0.500000 0.425221 0.474924 0.425901 0.425532 0.422842 0.369301 0.410605 0.284954 0.397689 0.306231
0 0.373555 0.470365 0.372876 0.484802 0.385112 0.503040 0.397689 0.503040 0.404487 0.468085 0.410605 0.390578 0.411965 0.279635 0.390551 0.283435
0 0.334126 0.445289 0.337186 0.474924 0.346023 0.487842 0.358600 0.493161 0.375595 0.483283 0.379334 0.455167 0.377974 0.404255 0.367437 0.238602 0.339565 0.293313 0.343984 0.397416
0 0.301835 0.421733 0.313732 0.445289 0.322570 0.455167 0.334126 0.456687 0.339565 0.430091 0.343304 0.382219 0.342284 0.344225 0.331407 0.288754 0.315772 0.296353
0 0.485044 0.531155 0.511557 0.537994 0.513936 0.478723 0.508838 0.310030 0.492522 0.319909
0 0.507818 0.501520 0.516655 0.537994 0.525833 0.534195 0.536710 0.512918 0.536710 0.474924 0.530252 0.322948 0.511557 0.335866
0 0.533990 0.480243 0.540449 0.532675 0.549966 0.550912 0.558804 0.516717 0.561183 0.476444 0.557444 0.424012 0.547247 0.319909 0.536030 0.324468 0.533651 0.428571
0 0.566281 0.488602 0.565602 0.514438 0.578178 0.524316 0.591434 0.518237 0.600952 0.516717 0.601971 0.493161 0.600952 0.404255 0.596533 0.308511 0.570700 0.318389 0.570700 0.432371 0.564242 0.469605
0 0.595173 0.417173 0.585656 0.458207 0.587695 0.491641 0.592794 0.506079 0.613528 0.503040 0.624745 0.496201 0.627804 0.470365 0.628484 0.436930 0.628484 0.407295 0.630523 0.284954 0.607750 0.286474 0.596533 0.345745 0.596533 0.373860
0 0.633583 0.487842 0.621686 0.470365 0.619646 0.436930 0.623046 0.394377 0.621006 0.268237 0.658736 0.270517 0.657036 0.345745 0.660095 0.393617 0.663154 0.410334 0.662475 0.442249 0.647519 0.473404
0 0.666893 0.468085 0.651258 0.436930 0.652617 0.401976 0.652957 0.263678 0.671992 0.259878 0.692046 0.370821 0.697145 0.407295 0.701564 0.432371 0.692046 0.460486 0.674371 0.468085
0 0.476886 0.563830 0.497621 0.563830 0.498300 0.628419 0.494562 0.764438 0.481985 0.762158
0 0.494562 0.610182 0.492522 0.556231 0.513936 0.563830 0.515296 0.622340 0.510877 0.753799 0.496941 0.749240
0 0.516655 0.646657 0.516995 0.585866 0.518355 0.572188 0.527872 0.563830 0.537390 0.563830 0.541808 0.601824 0.535350 0.781915 0.513936 0.781915
0 0.542828 0.648176 0.539089 0.610182 0.543508 0.582827 0.558804 0.579027 0.567641 0.587386 0.568661 0.626900 0.566281 0.649696 0.561863 0.782675 0.543508 0.784195
0 0.566281 0.639818 0.558124 0.604103 0.555065 0.566109 0.579538 0.560790 0.589055 0.560790 0.589055 0.607143 0.600952 0.770517 0.578858 0.778875
0 0.592114 0.623860 0.576479 0.590426 0.579538 0.550912 0.590075 0.541033 0.609109 0.541033 0.621686 0.544073 0.629164 0.574468 0.632223 0.626900 0.662475 0.736322 0.625425 0.754559 0.601632 0.698328
0 0.635622 0.605623 0.614548 0.575988 0.611489 0.559271 0.609789 0.542553 0.618967 0.532675 0.635962 0.524316 0.648199 0.512918 0.653637 0.509878 0.664514 0.537994 0.667573 0.572188 0.702923 0.673252 0.669952 0.711246 0.645479 0.653495
0 0.677770 0.584347 0.663154 0.553951 0.657036 0.519757 0.660095 0.497720 0.662475 0.487842 0.677090 0.487842 0.691027 0.474924 0.699184 0.477964 0.708022 0.497720 0.711761 0.529635 0.715500 0.556231 0.742012 0.645137 0.715500 0.663374 0.689667 0.638298
0 0.461251 0.564590 0.479266 0.566109 0.481985 0.749240 0.467369 0.756079
0 0.441536 0.557751 0.465670 0.563830 0.471108 0.749240 0.456152 0.759119
0 0.421482 0.639818 0.423521 0.582827 0.432699 0.552432 0.436438 0.552432 0.445275 0.617021 0.454113 0.705927 0.452413 0.790274 0.433379 0.784195
0 0.403807 0.781915 0.397009 0.688450 0.403127 0.607143 0.404487 0.572188 0.410605 0.550912 0.424541 0.557751 0.428280 0.610182 0.422842 0.795593
0 0.371856 0.753799 0.380014 0.680091 0.383073 0.628419 0.383073 0.587386 0.384432 0.564590 0.393270 0.542553 0.405167 0.546353 0.415704 0.560790 0.412644 0.602584 0.406526 0.633739 0.392590 0.782675
0 0.311353 0.706687 0.327668 0.639818 0.336506 0.575988 0.337865 0.556231 0.346023 0.532675 0.354181 0.525836 0.383073 0.535714 0.391910 0.546353 0.398708 0.566109 0.383073 0.625380 0.339565 0.759119
0 0.274303 0.678571 0.276683 0.626900 0.287899 0.588906 0.295717 0.557751 0.301835 0.525836 0.315092 0.487842 0.327668 0.487842 0.349762 0.515957 0.355880 0.529635 0.343984 0.574468 0.336506 0.598784 0.290619 0.719605
0 0.245071 0.655015 0.247111 0.610182 0.255948 0.572188 0.258328 0.532675 0.258328 0.506839 0.262067 0.473404 0.271584 0.466565 0.298097 0.471884 0.309313 0.478723 0.307614 0.512918 0.295717 0.574468 0.267165 0.677812 0.247791 0.668693
