0 0.468238 0.418693 0.468238 0.479483 0.471653 0.503040 0.483948 0.509119 0.500000 0.509878 0.503415 0.466565 0.502391 0.360942 0.497268 0.286474 0.500342 0.200608 0.490096 0.142857 0.485656 0.142097 0.472678 0.172492 0.475751 0.275076 0.472678 0.363222
0 0.443989 0.412614 0.445014 0.459726 0.455943 0.488602 0.462432 0.488602 0.469262 0.454407 0.475068 0.343465 0.476434 0.258359 0.472678 0.199848 0.473702 0.164894 0.469604 0.156535 0.463798 0.170973 0.454918 0.284954
0 0.426230 0.406535 0.429303 0.474924 0.438525 0.490122 0.448429 0.487842 0.453210 0.461246 0.454918 0.403495 0.451161 0.301672 0.448770 0.202128 0.448429 0.133739 0.439891 0.112462 0.432036 0.127660 0.430669 0.222644
0 0.369877 0.401216 0.367145 0.441489 0.372951 0.462006 0.394809 0.463526 0.403689 0.437690 0.409836 0.351824 0.417008 0.286474 0.419057 0.237082 0.419057 0.199848 0.418033 0.160334 0.406421 0.153495 0.394126 0.167933 0.379781 0.240122 0.370902 0.377660
0 0.302254 0.335866 0.295423 0.378419 0.297473 0.400456 0.303279 0.410334 0.314549 0.412614 0.323770 0.428571 0.339822 0.411854 0.345287 0.395897 0.344945 0.350304 0.342896 0.322948 0.345970 0.236322 0.341872 0.175532 0.336407 0.155015 0.330601 0.148176 0.322404 0.150456 0.309768 0.196049 0.302596 0.282675 0.305669 0.315350
0 0.263661 0.314590 0.258197 0.354103 0.261612 0.376900 0.272541 0.384498 0.287910 0.392857 0.294057 0.389818 0.301230 0.365502 0.303962 0.316869 0.301571 0.215046 0.301230 0.182371 0.300546 0.151976 0.292691 0.134498 0.283811 0.133739 0.268443 0.163374 0.261612 0.206687 0.260929 0.259878 0.263661 0.285714
0 0.504098 0.440729 0.503415 0.487082 0.505464 0.507599 0.514003 0.511398 0.529372 0.510638 0.537568 0.496960 0.537910 0.452888 0.538593 0.351824 0.539959 0.275836 0.538251 0.216565 0.538251 0.186170 0.538593 0.167933 0.535178 0.135258 0.526298 0.135258 0.514003 0.221125
0 0.538934 0.446049 0.538934 0.496960 0.549180 0.505319 0.559426 0.500000 0.565915 0.474164 0.563525 0.411094 0.564549 0.268237 0.569331 0.212766 0.572746 0.174772 0.571038 0.145137 0.567281 0.144377 0.558402 0.142857 0.546790 0.189970 0.543033 0.239362 0.537568 0.352584
0 0.558402 0.433891 0.554986 0.468085 0.563525 0.495441 0.574112 0.515198 0.581284 0.503799 0.586749 0.471125 0.586407 0.419453 0.586407 0.325228 0.592213 0.194529 0.592896 0.169453 0.587773 0.156535 0.585383 0.154255 0.578552 0.161094 0.570697 0.195289 0.565915 0.263678 0.563866 0.354103
0 0.601434 0.407295 0.600410 0.414134 0.600068 0.441489 0.609290 0.475684 0.622268 0.484043 0.634221 0.481003 0.642760 0.461246 0.642760 0.440729 0.633197 0.375380 0.626708 0.294833 0.630806 0.236322 0.626025 0.177052 0.613730 0.184650 0.613388 0.191489 0.605874 0.315350 0.599044 0.386018
0 0.655738 0.370061 0.663934 0.427812 0.673839 0.427812 0.683402 0.424012 0.694331 0.411854 0.701503 0.383739 0.693989 0.310030 0.693989 0.213526 0.682377 0.142097 0.671107 0.148936 0.662568 0.161854 0.658470 0.241641 0.661544 0.292553 0.661544 0.344985
0 0.695355 0.316869 0.692623 0.332067 0.698087 0.401216 0.703893 0.408815 0.711066 0.405775 0.728142 0.384498 0.735314 0.370061 0.733265 0.332827 0.728484 0.297112 0.732582 0.262918 0.732923 0.220365 0.727459 0.164134 0.718238 0.140578 0.707650 0.140578 0.696721 0.183891 0.695014 0.245441
0 0.506831 0.511398 0.505806 0.579787 0.510246 0.641337 0.510246 0.706687 0.512637 0.734802 0.518101 0.748480 0.525273 0.750760 0.530738 0.732523 0.530396 0.655015 0.529372 0.590426 0.530055 0.550152 0.530055 0.520517 0.529372 0.509119 0.519467 0.512918
0 0.537227 0.510638 0.532787 0.516717 0.530738 0.533435 0.530396 0.551672 0.532104 0.607903 0.533811 0.676292 0.537227 0.731003 0.540984 0.746960 0.548156 0.753799 0.553620 0.741641 0.551571 0.640578 0.552254 0.563830 0.553620 0.528116 0.550888 0.510638 0.547131 0.507599
0 0.557719 0.506839 0.553962 0.521277 0.553620 0.570669 0.553962 0.648176 0.562158 0.700608 0.565232 0.779635 0.575137 0.797872 0.581626 0.794833 0.585041 0.750000 0.584016 0.702128 0.582992 0.606383 0.579577 0.541793 0.575137 0.522036 0.568648 0.510638
0 0.591189 0.498480 0.581967 0.534195 0.586407 0.564590 0.602117 0.632219 0.611680 0.721884 0.616462 0.753040 0.631831 0.763678 0.630806 0.711246 0.621926 0.615502 0.618169 0.592705 0.615096 0.544833 0.612363 0.515198 0.609631 0.499240 0.600410 0.492401
0 0.614071 0.493921 0.604850 0.501520 0.602459 0.528116 0.612705 0.564590 0.623634 0.631459 0.633197 0.693009 0.641052 0.723404 0.645492 0.742401 0.652322 0.744681 0.657104 0.732523 0.653347 0.674772 0.643101 0.597264 0.644467 0.553191 0.643101 0.529635 0.637978 0.491641 0.629440 0.480243
0 0.665301 0.428571 0.657787 0.440729 0.667008 0.493921 0.674180 0.520517 0.724385 0.641337 0.734973 0.640578 0.741462 0.613222 0.742486 0.588906 0.728142 0.519757 0.709358 0.448328 0.709699 0.427052 0.701503 0.405015 0.697746 0.405015
0 0.706967 0.413374 0.706967 0.449088 0.720970 0.478723 0.758197 0.535714 0.767760 0.560790 0.776981 0.559271 0.785519 0.537994 0.783128 0.491641 0.774249 0.458207 0.758880 0.421733 0.753415 0.398176 0.752732 0.367781 0.743852 0.363222 0.734973 0.366261 0.723019 0.388298
0 0.485656 0.506839 0.480191 0.515198 0.478825 0.566869 0.480533 0.668693 0.485997 0.723404 0.491803 0.748480 0.501025 0.735562 0.500342 0.650456 0.502391 0.566869 0.504440 0.525836 0.502391 0.509119
0 0.463798 0.500000 0.455943 0.512918 0.457650 0.594225 0.462432 0.686170 0.469945 0.743161 0.478825 0.767477 0.487022 0.760638 0.482923 0.685410 0.479850 0.572948 0.478484 0.510638
0 0.432719 0.487082 0.427937 0.496960 0.425888 0.570669 0.434085 0.685410 0.438866 0.772036 0.447404 0.791033 0.454235 0.787234 0.456626 0.762158 0.455601 0.664894 0.454577 0.552432 0.454235 0.503040 0.448087 0.490881 0.442281 0.488602
0 0.404713 0.473404 0.399590 0.501520 0.395492 0.559271 0.392077 0.663374 0.408811 0.737842 0.424180 0.738602 0.420765 0.676292 0.416667 0.636018 0.418033 0.588146 0.425888 0.535714 0.428962 0.509119 0.427937 0.489362 0.422814 0.474164 0.415642 0.468085
0 0.376366 0.461246 0.370902 0.483283 0.362363 0.556991 0.353142 0.625380 0.362705 0.715046 0.377049 0.724164 0.384221 0.696049 0.383197 0.629179 0.393784 0.560790 0.400273 0.518997 0.408128 0.490881 0.407104 0.469605 0.397883 0.462006 0.385929 0.459726 0.383197 0.462006
0 0.345287 0.410334 0.334016 0.417933 0.328210 0.435410 0.324454 0.469605 0.317964 0.490122 0.300888 0.537994 0.295082 0.604103 0.295423 0.632979 0.302937 0.653495 0.319672 0.642857 0.336407 0.611702 0.355191 0.553191 0.364413 0.518237 0.377732 0.490881 0.381148 0.471125 0.376366 0.452888 0.367828 0.428571 0.361339 0.430851 0.352801 0.416413
0 0.287227 0.387538 0.277322 0.392857 0.268784 0.434650 0.254440 0.475684 0.242486 0.544073 0.251025 0.566109 0.265027 0.566109 0.283470 0.541033 0.303962 0.498480 0.319331 0.471884 0.327186 0.454407 0.329577 0.438450 0.327869 0.424012 0.317964 0.420973 0.312500 0.410334 0.298839 0.404255 0.298839 0.390578
