0 0.473193 0.353343 0.476306 0.405775 0.475268 0.457447 0.471463 0.499240 0.468350 0.527356 0.471463 0.550912 0.491180 0.550912 0.498098 0.537994 0.500173 0.505319 0.497060 0.468845 0.494984 0.429331 0.494984 0.416413 0.494984 0.370821 0.493947 0.348784
0 0.457627 0.347264 0.455552 0.370821 0.454514 0.405775 0.449671 0.462006 0.447596 0.490122 0.446558 0.527356 0.466275 0.548632 0.472501 0.520517 0.468350 0.408055 0.468350 0.348784
0 0.417848 0.333587 0.416119 0.379179 0.417157 0.431611 0.419924 0.470365 0.420962 0.512158 0.433760 0.546353 0.450709 0.537994 0.451747 0.449088 0.448634 0.392857 0.443791 0.333587
0 0.400208 0.310030 0.399170 0.335866 0.401245 0.451368 0.401245 0.468845 0.402283 0.490122 0.408163 0.527356 0.420962 0.525076 0.430993 0.507599 0.430993 0.481763 0.430993 0.420973 0.424767 0.348784 0.423037 0.303191
0 0.381529 0.314590 0.382567 0.353343 0.378416 0.411854 0.372535 0.436170 0.372535 0.481763 0.373573 0.527356 0.402283 0.522796 0.409201 0.500760 0.411968 0.464286 0.406088 0.398936 0.401245 0.338146 0.400208 0.301672
0 0.350744 0.305471 0.349014 0.357903 0.349014 0.398936 0.344863 0.439970 0.336908 0.485562 0.345901 0.505319 0.373573 0.505319 0.385334 0.484043 0.387409 0.429331 0.377378 0.366261 0.372535 0.290274 0.360775 0.281915 0.353857 0.281915
0 0.323072 0.262158 0.324109 0.286474 0.324109 0.325228 0.319267 0.368541 0.313386 0.411854 0.308198 0.442249 0.308198 0.470365 0.313386 0.494681 0.331027 0.494681 0.337945 0.462006 0.341058 0.394377 0.341058 0.340426 0.345901 0.290274 0.347976 0.262158
0 0.501902 0.325228 0.505016 0.405775 0.505016 0.431611 0.505016 0.481763 0.502940 0.525076 0.509858 0.550912 0.520927 0.553191 0.527845 0.540274 0.529575 0.500760 0.526807 0.416413 0.523694 0.340426
0 0.532688 0.320669 0.528537 0.353343 0.526807 0.431611 0.530612 0.472644 0.533725 0.515957 0.536493 0.553191 0.545486 0.555471 0.552404 0.533435 0.551366 0.481763 0.546524 0.411854 0.540643 0.342705
0 0.553442 0.318389 0.549291 0.360182 0.549291 0.420973 0.551366 0.466565 0.553442 0.512158 0.559322 0.548632 0.576271 0.540274 0.580076 0.500760 0.576271 0.420973 0.572120 0.370821 0.570045 0.325228
0 0.573158 0.348784 0.572120 0.370821 0.572120 0.420973 0.572120 0.481763 0.578001 0.522796 0.593912 0.527356 0.602906 0.499240 0.598755 0.436170 0.593912 0.357903 0.590107 0.303191 0.578001 0.301672 0.572120 0.318389
0 0.593912 0.301672 0.593912 0.325228 0.594950 0.379179 0.594950 0.423252 0.594950 0.455167 0.594950 0.500760 0.612591 0.518237 0.622622 0.514438 0.624697 0.484043 0.620547 0.429331 0.611553 0.383739 0.606710 0.318389 0.607748 0.292553
0 0.655137 0.325228 0.650294 0.362462 0.643376 0.416413 0.642338 0.451368 0.640263 0.485562 0.647181 0.503040 0.665168 0.499240 0.671048 0.472644 0.671048 0.416413 0.670010 0.327508 0.670010 0.301672 0.656174 0.294833
0 0.671048 0.292553 0.668973 0.351064 0.666897 0.403495 0.666897 0.446809 0.671048 0.474924 0.680042 0.492401 0.690764 0.492401 0.702525 0.470365 0.704600 0.453647 0.696645 0.409574 0.689727 0.344985 0.684884 0.290274
0 0.514701 0.728723 0.507783 0.661854 0.503978 0.616261 0.501902 0.579027 0.515738 0.570669 0.526807 0.585866 0.525770 0.623100 0.525770 0.668693 0.526807 0.698328 0.527845 0.728723 0.529575 0.763678 0.519889 0.770517 0.507783 0.765957
0 0.538568 0.772796 0.534763 0.727204 0.529575 0.664134 0.526807 0.598784 0.526807 0.566109 0.540643 0.579027 0.542373 0.603343 0.545486 0.644377 0.547561 0.681611 0.548599 0.720365 0.551366 0.757599 0.551366 0.772796
0 0.563127 0.791793 0.560360 0.768237 0.555517 0.722644 0.552404 0.679331 0.549291 0.629179 0.548599 0.596505 0.548599 0.579027 0.555517 0.575228 0.566240 0.585866 0.570045 0.613982 0.574196 0.670213 0.579038 0.720365 0.579038 0.746201 0.579038 0.776596 0.572120 0.806991
0 0.591837 0.798632 0.590107 0.783435 0.581114 0.724924 0.578001 0.696809 0.574196 0.638298 0.573158 0.605623 0.578001 0.579027 0.593912 0.577508 0.597025 0.616261 0.597717 0.666413 0.597717 0.705167 0.599792 0.748480
0 0.632307 0.768237 0.625389 0.735562 0.617779 0.702888 0.606710 0.670213 0.597025 0.624620 0.588032 0.594225 0.590107 0.566109 0.603943 0.550912 0.616742 0.557751 0.620547 0.601064 0.621584 0.646657 0.626427 0.689970 0.631615 0.720365 0.638533 0.750760
0 0.654099 0.735562 0.645451 0.712006 0.641301 0.683891 0.637496 0.644377 0.624697 0.590426 0.620547 0.572948 0.640263 0.553191 0.657212 0.550912 0.663092 0.592705 0.668973 0.648936 0.674853 0.681611 0.679004 0.707447 0.679004 0.727204
0 0.702525 0.687690 0.681771 0.636018 0.671048 0.605623 0.666897 0.581307 0.661017 0.560030 0.666205 0.533435 0.682809 0.522796 0.697682 0.518237 0.704600 0.572948 0.710481 0.618541 0.719474 0.657295 0.718437 0.683891
0 0.500173 0.748480 0.501902 0.692249 0.501902 0.646657 0.501902 0.607903 0.501902 0.585866 0.488066 0.583587 0.485299 0.603343 0.488066 0.646657 0.490142 0.677052 0.490142 0.713526 0.490142 0.755319 0.490142 0.778875
0 0.478381 0.783435 0.482186 0.750760 0.486337 0.702888 0.490142 0.639818 0.491180 0.603343 0.479419 0.590426 0.471463 0.590426 0.471463 0.613982 0.472501 0.646657 0.473193 0.689970 0.472501 0.727204 0.469388 0.772796
0 0.453476 0.803191 0.461432 0.759119 0.463507 0.712006 0.466275 0.668693 0.469388 0.603343 0.464545 0.570669 0.454514 0.570669 0.447596 0.596505 0.445521 0.644377 0.444829 0.672492 0.444829 0.724924 0.443791 0.768237
0 0.427880 0.785714 0.431685 0.761398 0.439640 0.700608 0.440678 0.655015 0.441716 0.605623 0.442753 0.585866 0.433760 0.575228 0.425804 0.577508 0.421999 0.596505 0.419924 0.646657 0.420962 0.670213 0.421999 0.696809 0.421999 0.735562 0.418886 0.774316
0 0.403321 0.781155 0.410239 0.742401 0.420962 0.666413 0.425804 0.607903 0.429955 0.581307 0.413006 0.575228 0.404012 0.575228 0.397440 0.583587 0.392252 0.626900 0.392252 0.648936 0.387409 0.728723 0.385334 0.743921 0.384296 0.783435
0 0.363542 0.557751 0.353857 0.561550 0.352819 0.594225 0.352819 0.620821 0.349706 0.674772 0.343826 0.700608 0.340021 0.746201 0.374611 0.774316 0.381529 0.728723 0.391214 0.664134 0.396403 0.605623 0.402283 0.575228 0.386371 0.557751
0 0.337945 0.525076 0.324109 0.527356 0.317191 0.540274 0.313386 0.579027 0.305431 0.638298 0.305431 0.674772 0.311311 0.715805 0.331027 0.666413 0.342788 0.624620 0.352819 0.583587 0.353857 0.553191
