0 0.340689 0.238602 0.341692 0.305471 0.340689 0.334347 0.331996 0.365502 0.331996 0.398936 0.341692 0.432371 0.351722 0.434650 0.358409 0.436930 0.367436 0.436930 0.375125 0.424012 0.383149 0.394377 0.383149 0.354863 0.378134 0.307751 0.375125 0.269757 0.372116 0.236322 0.365430 0.220365 0.347710 0.218085
0 0.378134 0.365502 0.370445 0.410334 0.374122 0.448328 0.382146 0.448328 0.395854 0.459726 0.405550 0.450608 0.415580 0.430851 0.415580 0.381459 0.416583 0.343465 0.408559 0.319149 0.408559 0.294073 0.408559 0.258359 0.406553 0.229483 0.394851 0.231763 0.382146 0.244681 0.381143 0.298632
0 0.399866 0.450608 0.410565 0.484043 0.423270 0.481763 0.436309 0.466565 0.437312 0.426292 0.436309 0.370061 0.433300 0.322948 0.432297 0.281155 0.430291 0.236322 0.416583 0.234043 0.411568 0.240881 0.411568 0.294073 0.414577 0.341185 0.413574 0.392857 0.407556 0.426292
0 0.422267 0.468845 0.433300 0.500000 0.443999 0.481763 0.453026 0.477204 0.456703 0.446049 0.456703 0.405775 0.455032 0.365502 0.455032 0.329787 0.454029 0.303191 0.454029 0.265198 0.448011 0.246960 0.435306 0.240881 0.433300 0.269757 0.433300 0.332067 0.433300 0.365502 0.430291 0.410334
0 0.443999 0.493161 0.455032 0.517477 0.461718 0.477204 0.464728 0.421733 0.465731 0.372340 0.464728 0.334347 0.465731 0.300912 0.466734 0.267477 0.457706 0.253799 0.451020 0.260638 0.450017 0.312310 0.449014 0.365502 0.448011 0.419453
0 0.456703 0.490881 0.473420 0.493161 0.477432 0.455167 0.479438 0.396657 0.479438 0.350304 0.479438 0.314590 0.481444 0.282675 0.476429 0.256079 0.469743 0.251520 0.462721 0.276596 0.463725 0.338906 0.461718 0.396657
0 0.471749 0.477204 0.482447 0.500000 0.491140 0.495441 0.496155 0.474924 0.497158 0.426292 0.497158 0.363222 0.499164 0.296353 0.491140 0.265198 0.478435 0.253799 0.470746 0.276596 0.469743 0.329787 0.469743 0.392857 0.469743 0.443769
0 0.495152 0.466565 0.502173 0.500000 0.515881 0.504559 0.523571 0.488602 0.523571 0.452888 0.523571 0.394377 0.523571 0.350304 0.525577 0.312310 0.527583 0.282675 0.522568 0.249240 0.518890 0.224924 0.507857 0.227204 0.498161 0.246960 0.494149 0.298632 0.496155 0.350304 0.496155 0.417173
0 0.523571 0.432371 0.523571 0.484043 0.531595 0.493161 0.541291 0.479483 0.545303 0.457447 0.540288 0.421733 0.541291 0.386018 0.543297 0.348024 0.543297 0.305471 0.544300 0.284954 0.543297 0.236322 0.532598 0.231763 0.524574 0.269757 0.524574 0.316869 0.524574 0.374620
0 0.538282 0.430851 0.545303 0.477204 0.554998 0.500000 0.560013 0.486322 0.562019 0.459726 0.562019 0.428571 0.560013 0.379179 0.563022 0.332067 0.566031 0.296353 0.566031 0.244681 0.549315 0.236322 0.544300 0.282675 0.540288 0.354863
0 0.556001 0.430851 0.559010 0.470365 0.567034 0.490881 0.573721 0.490881 0.588432 0.457447 0.583751 0.410334 0.582748 0.376900 0.580742 0.338906 0.576730 0.312310 0.576730 0.274316 0.573721 0.256079 0.566031 0.256079 0.560013 0.316869 0.560013 0.396657
0 0.574724 0.419453 0.577733 0.470365 0.589435 0.486322 0.604480 0.464286 0.601471 0.410334 0.599465 0.367781 0.599465 0.332067 0.597459 0.289514 0.593447 0.253799 0.578736 0.253799 0.575727 0.320669
0 0.589435 0.360942 0.588432 0.401216 0.593447 0.450608 0.603477 0.455167 0.623872 0.450608 0.628887 0.417173 0.627884 0.383739 0.621197 0.341185 0.613173 0.307751 0.611167 0.276596 0.610164 0.249240 0.600468 0.234043 0.590438 0.260638 0.588432 0.320669
0 0.619191 0.358663 0.621197 0.414894 0.633902 0.448328 0.644600 0.439210 0.658308 0.424012 0.664326 0.408055 0.658308 0.345745 0.653628 0.316869 0.648613 0.282675 0.639585 0.249240 0.626881 0.236322 0.616182 0.256079 0.616182 0.310030
0 0.650619 0.298632 0.649616 0.354863 0.653628 0.392857 0.663323 0.410334 0.677031 0.414894 0.691742 0.390578 0.696757 0.370061 0.690739 0.325228 0.684052 0.287234 0.677031 0.258359 0.673019 0.231763 0.668338 0.196049 0.654631 0.191489 0.641591 0.227204 0.641591 0.269757
0 0.505851 0.573708 0.508860 0.609422 0.511869 0.640578 0.514878 0.687690 0.517887 0.738602 0.522568 0.787994 0.513875 0.797112 0.505182 0.801672 0.499164 0.747720 0.494149 0.683131 0.494149 0.633739 0.490137 0.582827 0.488465 0.564590
0 0.486459 0.569149 0.493146 0.623100 0.493146 0.667173 0.500167 0.718845 0.502173 0.772796 0.498161 0.808511 0.484453 0.776596 0.482447 0.721125 0.476429 0.642857 0.469743 0.593465 0.465731 0.555471 0.474423 0.555471
0 0.469743 0.553191 0.476429 0.626900 0.482447 0.674012 0.482447 0.730243 0.482447 0.778875 0.474423 0.814590 0.455032 0.750000 0.455032 0.699088 0.455032 0.631459 0.452023 0.573708 0.458709 0.540274
0 0.437312 0.557751 0.433300 0.604863 0.437312 0.656535 0.437312 0.694529 0.437312 0.750000 0.438315 0.783435 0.450017 0.803951 0.462721 0.785714 0.460715 0.727964 0.460715 0.656535 0.462721 0.595745 0.458709 0.560030 0.451020 0.535714
0 0.418589 0.553191 0.409562 0.585106 0.406553 0.626900 0.406553 0.680851 0.402875 0.716565 0.403878 0.756839 0.421598 0.776596 0.433300 0.727964 0.435306 0.676292 0.439987 0.642857 0.450017 0.607143 0.458709 0.573708 0.455700 0.548632 0.449014 0.544833 0.440990 0.519757 0.432297 0.519757
0 0.385155 0.504559 0.374122 0.519757 0.369442 0.564590 0.363424 0.598024 0.348713 0.636018 0.342695 0.658815 0.337011 0.692249 0.343698 0.723404 0.353728 0.732523 0.372116 0.725684 0.384152 0.685410 0.400869 0.638298 0.427282 0.586626 0.433300 0.566869 0.440990 0.542553 0.437312 0.522036 0.424273 0.524316 0.417586 0.504559 0.408559 0.504559 0.401872 0.488602
0 0.336008 0.457447 0.325978 0.481763 0.321966 0.506839 0.308258 0.535714 0.297559 0.564590 0.289535 0.586626 0.299565 0.636018 0.314276 0.629179 0.339686 0.613982 0.357406 0.585106 0.375125 0.550912 0.392845 0.519757 0.394851 0.488602 0.381143 0.470365 0.365430 0.455167 0.347710 0.443769
0 0.505851 0.573708 0.509863 0.623100 0.513875 0.664894 0.514878 0.712006 0.515881 0.756839 0.521565 0.792553 0.532598 0.803951 0.538282 0.770517 0.534604 0.699088 0.528586 0.649696 0.525577 0.600304 0.525577 0.560030
0 0.524574 0.578267 0.524574 0.623100 0.537613 0.770517 0.542294 0.792553 0.552324 0.801672 0.559010 0.772796 0.551321 0.694529 0.547309 0.642857 0.545303 0.602584 0.545303 0.564590
0 0.546306 0.569149 0.545303 0.629179 0.549315 0.674012 0.552324 0.732523 0.561016 0.783435 0.570043 0.806231 0.577733 0.813070 0.580742 0.763678 0.574724 0.680851 0.571046 0.629179 0.565028 0.585106 0.563022 0.550912 0.548312 0.544833
0 0.565028 0.547112 0.566031 0.593465 0.571715 0.662614 0.579739 0.730243 0.586760 0.787994 0.596456 0.810790 0.607155 0.781155 0.598462 0.694529 0.593447 0.626900 0.587763 0.550912 0.575727 0.535714
0 0.581745 0.540274 0.576730 0.573708 0.589435 0.631459 0.601471 0.732523 0.608158 0.770517 0.620194 0.770517 0.615179 0.645137 0.613173 0.595745 0.612170 0.540274 0.599465 0.510638 0.585757 0.508359
0 0.615179 0.493161 0.609161 0.531155 0.624875 0.591185 0.643597 0.636018 0.670344 0.671733 0.685055 0.680851 0.695754 0.658815 0.689067 0.607143 0.676028 0.566869 0.665329 0.526596 0.654631 0.488602 0.643597 0.462006 0.632899 0.462006 0.627884 0.479483
0 0.668338 0.448328 0.649616 0.457447 0.649616 0.477204 0.663323 0.537994 0.675025 0.548632 0.701772 0.591185 0.713474 0.604863 0.729188 0.609422 0.739886 0.578267 0.742895 0.540274 0.739218 0.508359 0.720495 0.497720 0.701772 0.472644 0.691742 0.426292 0.680040 0.421733
