0 0.467105 0.474385 0.461032 0.534836 0.491903 0.537910 0.493927 0.454918 0.507085 0.363730 0.510628 0.326844 0.484312 0.341189 0.472672 0.436475
0 0.501012 0.475410 0.493927 0.540984 0.522267 0.543033 0.529352 0.412910 0.537449 0.341189 0.512652 0.340164 0.506579 0.436475
0 0.526316 0.538934 0.547065 0.545082 0.548583 0.493852 0.551619 0.400615 0.560729 0.348361 0.540992 0.347336 0.532389 0.452869 0.525810 0.520492 0.524291 0.538934
0 0.560223 0.382172 0.554150 0.477459 0.550607 0.512295 0.551113 0.537910 0.563259 0.545082 0.569838 0.533811 0.575405 0.516393 0.573381 0.491803 0.572874 0.472336 0.574393 0.433402 0.577935 0.394467 0.584514 0.350410 0.577429 0.332992 0.570850 0.334016 0.565283 0.349385 0.561741 0.367828
0 0.590587 0.533811 0.587551 0.547131 0.579960 0.544057 0.571862 0.533811 0.568320 0.524590 0.568320 0.495902 0.575911 0.444672 0.582996 0.369877 0.586538 0.356557 0.591599 0.356557 0.594130 0.363730 0.596154 0.372951 0.596154 0.392418 0.595648 0.412910 0.592611 0.497951 0.592105 0.527664
0 0.595142 0.518443 0.601215 0.506148 0.611336 0.501025 0.614372 0.481557 0.615385 0.361680 0.599190 0.359631 0.596660 0.452869
0 0.609312 0.524590 0.611336 0.545082 0.637652 0.553279 0.648279 0.539959 0.648279 0.488730 0.647773 0.380123 0.623988 0.377049 0.617915 0.433402 0.617409 0.476434
0 0.665992 0.379098 0.681680 0.529713 0.661943 0.550205 0.650810 0.542008 0.648785 0.512295 0.652328 0.380123
0 0.683704 0.380123 0.677632 0.455943 0.679150 0.503074 0.710526 0.497951 0.697874 0.349385 0.683704 0.349385
0 0.467105 0.330943 0.445850 0.418033 0.431680 0.497951 0.430668 0.529713 0.460020 0.533811 0.485830 0.318648 0.470648 0.311475
0 0.403340 0.521516 0.415992 0.531762 0.428644 0.518443 0.433704 0.528689 0.442308 0.516393 0.446862 0.475410 0.418522 0.301230 0.397267 0.300205
0 0.321356 0.336066 0.341599 0.455943 0.336032 0.508197 0.352227 0.536885 0.394737 0.528689 0.383097 0.304303
0 0.280870 0.315574 0.276316 0.497951 0.319838 0.521516 0.327935 0.468238 0.311235 0.324795
0 0.495951 0.570697 0.517206 0.569672 0.516700 0.787910 0.501012 0.785861 0.497470 0.607582
0 0.534919 0.569672 0.540992 0.569672 0.534919 0.623975 0.538462 0.776639 0.524291 0.774590 0.515688 0.675205 0.513158 0.569672
0 0.557692 0.569672 0.562247 0.804303 0.544028 0.807377 0.534413 0.610656 0.532895 0.589139 0.533401 0.573770 0.547571 0.566598
0 0.556680 0.578893 0.580466 0.579918 0.582490 0.602459 0.581478 0.618852 0.589069 0.796107 0.565789 0.798156
0 0.577935 0.573770 0.603745 0.569672 0.602227 0.609631 0.618927 0.786885 0.593117 0.795082 0.582490 0.614754 0.581984 0.599385
0 0.643219 0.565574 0.665486 0.775615 0.618421 0.789959 0.601215 0.571721
0 0.693826 0.523566 0.650810 0.577869 0.697874 0.717213 0.716093 0.727459 0.732794 0.712090 0.751518 0.671107
0 0.495445 0.569672 0.498482 0.695697 0.500506 0.771516 0.483300 0.769467 0.479757 0.633197 0.476721 0.605533 0.475202 0.565574
0 0.454453 0.556352 0.481275 0.560451 0.481275 0.585041 0.480263 0.615779 0.478745 0.644467 0.485324 0.785861 0.465587 0.789959 0.457490 0.627049 0.457996 0.589139 0.453947 0.567623
0 0.428644 0.557377 0.454453 0.555328 0.456984 0.585041 0.457490 0.602459 0.456478 0.613730 0.455972 0.622951 0.456984 0.651639 0.455466 0.814549 0.419028 0.795082 0.428138 0.607582 0.425607 0.586066 0.428138 0.568648
0 0.402328 0.571721 0.411943 0.559426 0.421559 0.561475 0.427126 0.567623 0.432692 0.577869 0.432186 0.599385 0.427632 0.609631 0.425607 0.653689 0.425101 0.695697 0.421559 0.743852 0.414474 0.796107 0.391194 0.796107 0.399798 0.602459 0.400304 0.570697
0 0.369433 0.562500 0.402834 0.557377 0.391700 0.794057 0.359818 0.792008
0 0.323887 0.523566 0.367409 0.566598 0.363866 0.614754 0.282895 0.750000 0.244939 0.679303 0.275810 0.645492 0.297065 0.606557 0.312753 0.572746 0.317308 0.555328 0.317308 0.545082
0 0.271255 0.500000 0.315283 0.529713 0.317814 0.548156 0.316296 0.559426 0.314271 0.570697 0.308198 0.582992 0.302126 0.595287 0.296559 0.611680 0.277328 0.645492 0.218623 0.703893 0.205972 0.645492
