0 0.483453 0.406535 0.481295 0.452128 0.480576 0.496960 0.497842 0.523556 0.513669 0.517477 0.511511 0.478723 0.514388 0.437690 0.515468 0.373860 0.510791 0.330547 0.496043 0.318389 0.487410 0.351064
0 0.466906 0.318389 0.458993 0.357903 0.458273 0.420973 0.450360 0.482523 0.460072 0.523556 0.474820 0.505319 0.478417 0.446049 0.481295 0.376140 0.483453 0.330547 0.478417 0.318389
0 0.453237 0.322948 0.440647 0.316109 0.429137 0.330547 0.428058 0.365502 0.425899 0.431611 0.429856 0.488602 0.441727 0.507599 0.457194 0.468085 0.458273 0.408815 0.457194 0.357903
0 0.411511 0.302432 0.410432 0.324468 0.409353 0.359422 0.405755 0.388298 0.401799 0.427052 0.400719 0.478723 0.413309 0.495441 0.430935 0.482523 0.439568 0.455927 0.435612 0.427052 0.430935 0.382219 0.429137 0.329027 0.429856 0.291793
0 0.386331 0.283435 0.384173 0.300152 0.381295 0.357903 0.379496 0.420973 0.375540 0.464286 0.386331 0.503040 0.406475 0.490881 0.408633 0.449848 0.406475 0.392097 0.406475 0.326748 0.406475 0.287994
0 0.366906 0.283435 0.351079 0.283435 0.346403 0.300152 0.344245 0.349544 0.337410 0.400456 0.331655 0.447568 0.340647 0.476444 0.362950 0.484802 0.380216 0.470365 0.380216 0.431611 0.377338 0.373860 0.376619 0.324468
0 0.332734 0.262918 0.321942 0.268997 0.317266 0.285714 0.312230 0.332827 0.309353 0.357903 0.303597 0.392097 0.299640 0.431611 0.298561 0.455927 0.321942 0.472644 0.342446 0.472644 0.341367 0.429331 0.340647 0.357903 0.341367 0.306231
0 0.528058 0.302432 0.521223 0.306231 0.513669 0.329027 0.515468 0.370061 0.516547 0.423252 0.514388 0.466565 0.519424 0.501520 0.535971 0.519757 0.552518 0.507599 0.553237 0.474924 0.550360 0.441489 0.550360 0.384498 0.538849 0.316109
0 0.555396 0.310030 0.552518 0.322948 0.549640 0.392097 0.549640 0.447568 0.555396 0.513678 0.570863 0.505319 0.571942 0.462006 0.573022 0.402736 0.570863 0.349544 0.567986 0.324468
0 0.584532 0.324468 0.577698 0.338906 0.575899 0.370061 0.578777 0.414894 0.582734 0.490881 0.588489 0.507599 0.600000 0.488602 0.597122 0.441489 0.595324 0.390578 0.596043 0.341185
0 0.598921 0.318389 0.593165 0.363982 0.592446 0.427052 0.601079 0.482523 0.613669 0.499240 0.622302 0.464286 0.621583 0.411094 0.624460 0.338906 0.616547 0.310030
0 0.635971 0.314590 0.627338 0.326748 0.623381 0.379939 0.623381 0.429331 0.622302 0.481003 0.634892 0.509878 0.645683 0.496960 0.645683 0.446049 0.651439 0.388298 0.649640 0.332827
0 0.665108 0.314590 0.656475 0.320669 0.650719 0.349544 0.646763 0.406535 0.639928 0.452128 0.645683 0.499240 0.676978 0.509878 0.690647 0.495441 0.687410 0.460486 0.682734 0.419453 0.682734 0.367781
0 0.702158 0.306231 0.689568 0.306231 0.681655 0.324468 0.682734 0.396657 0.685612 0.455927 0.708993 0.474924 0.726619 0.462006 0.729496 0.420973 0.720504 0.376140 0.720504 0.320669
0 0.514388 0.667933 0.508633 0.642857 0.502878 0.585866 0.506835 0.536474 0.521223 0.517477 0.523381 0.569149 0.522302 0.610182
0 0.539928 0.710486 0.532014 0.659574 0.529137 0.585866 0.526978 0.531915 0.540647 0.525836 0.548561 0.554711 0.547482 0.604103 0.547482 0.663374 0.549640 0.698328
0 0.557194 0.702888 0.558273 0.680091 0.549640 0.595745 0.548561 0.552432 0.557194 0.523556 0.570863 0.534195 0.573022 0.595745 0.574820 0.653495 0.571942 0.696049
0 0.584532 0.702888 0.583453 0.624620 0.581655 0.587386 0.576619 0.554711 0.580576 0.517477 0.598201 0.525836 0.602878 0.569149 0.598201 0.622340 0.603957 0.694529 0.605755 0.735562
0 0.615468 0.704407 0.607914 0.651216 0.606835 0.583587 0.602158 0.546353 0.611871 0.536474 0.624460 0.581307 0.624460 0.628419 0.631295 0.683891 0.638849 0.727204 0.629137 0.745441
0 0.697122 0.653495 0.682734 0.616261 0.671942 0.577508 0.663309 0.540274 0.663309 0.513678 0.684532 0.505319 0.703957 0.505319 0.721583 0.531915 0.724460 0.583587 0.737050 0.632979 0.730216 0.661854 0.706115 0.677812
0 0.497122 0.694529 0.494964 0.674012 0.488129 0.607903 0.483453 0.550912 0.484532 0.523556 0.497122 0.534195 0.501799 0.587386 0.501799 0.640578 0.508633 0.702888 0.502878 0.723404
0 0.484532 0.683891 0.482374 0.604103 0.477698 0.560790 0.481295 0.534195 0.471583 0.530395 0.458273 0.525836 0.458993 0.560790 0.470863 0.612462 0.469784 0.655015 0.467986 0.692249 0.473741 0.721125 0.485252 0.716565
0 0.454317 0.715046 0.462950 0.700608 0.465827 0.674012 0.461151 0.622340 0.460072 0.585866 0.455036 0.554711 0.455036 0.525836 0.443525 0.519757 0.442446 0.550912 0.441727 0.566869 0.439568 0.599544 0.443525 0.634498 0.445324 0.663374 0.446403 0.698328
0 0.435612 0.708967 0.435612 0.682371 0.430935 0.622340 0.435612 0.546353 0.434892 0.519757 0.422302 0.517477 0.416187 0.530395 0.415468 0.563070 0.411511 0.601824 0.412590 0.655015 0.414388 0.692249 0.425180 0.715046
0 0.383094 0.682371 0.381295 0.628419 0.387050 0.579027 0.394964 0.542553 0.391007 0.522036 0.371583 0.522036 0.357194 0.517477 0.355036 0.542553 0.353237 0.579027 0.344245 0.624620 0.338489 0.665653 0.350360 0.692249
0 0.288849 0.626900 0.291007 0.587386 0.300719 0.534195 0.312230 0.487082 0.327698 0.476444 0.349281 0.495441 0.358993 0.517477 0.358993 0.554711 0.347122 0.613982 0.327698 0.688450 0.307554 0.663374 0.296763 0.645137
