0 0.464946 0.533435 0.501221 0.533435 0.500523 0.451368 0.487967 0.256839 0.470875 0.256839 0.467039 0.388298 0.464248 0.488602
0 0.442972 0.451368 0.440181 0.508359 0.442972 0.516717 0.456924 0.518237 0.461807 0.510638 0.467039 0.474924 0.474015 0.270517 0.455528 0.273556
0 0.412975 0.443009 0.412975 0.513678 0.426230 0.522036 0.442274 0.512158 0.444018 0.488602 0.448552 0.427052 0.431461 0.229483 0.416812 0.226444 0.414370 0.360182
0 0.362400 0.400456 0.354726 0.476444 0.356470 0.501520 0.370422 0.513678 0.381235 0.513678 0.392745 0.494681 0.398326 0.446049 0.398326 0.417173 0.390303 0.218085 0.366236 0.224924
0 0.336240 0.275076 0.327520 0.404255 0.319847 0.464286 0.322986 0.486322 0.330659 0.488602 0.345309 0.500000 0.360307 0.505319 0.366585 0.496960 0.368678 0.466565 0.367283 0.368541 0.356121 0.236322 0.337635 0.253040
0 0.289501 0.272036 0.288804 0.327508 0.289850 0.373100 0.282874 0.419453 0.282874 0.446049 0.285664 0.462766 0.289850 0.472644 0.306941 0.476444 0.319149 0.476444 0.326822 0.427052 0.326822 0.389058 0.328566 0.240122 0.311475 0.231763
0 0.497384 0.527356 0.509243 0.528875 0.521451 0.525076 0.532264 0.522036 0.532264 0.447568 0.520753 0.265198 0.498082 0.268237 0.498082 0.427052 0.496686 0.480243
0 0.531566 0.455927 0.532264 0.520517 0.539937 0.525836 0.558075 0.495441 0.558772 0.469605 0.558772 0.425532 0.541681 0.244681 0.529125 0.248480 0.523893 0.368541
0 0.557028 0.405775 0.557028 0.449848 0.551796 0.491641 0.564004 0.503040 0.575514 0.508359 0.581793 0.510638 0.587374 0.488602 0.585630 0.420973 0.588071 0.227964 0.572027 0.226444
0 0.573422 0.414134 0.573422 0.458207 0.575863 0.498480 0.584234 0.506839 0.592954 0.508359 0.600628 0.508359 0.612138 0.510638 0.616672 0.481763 0.613882 0.322948 0.613533 0.194529 0.585630 0.212766
0 0.603767 0.353343 0.603418 0.398936 0.600628 0.455927 0.608999 0.472644 0.621556 0.479483 0.634810 0.465046 0.638298 0.422492 0.638298 0.367021 0.629229 0.206687 0.602721 0.234802
0 0.638647 0.294073 0.631322 0.410334 0.628532 0.439210 0.631671 0.461246 0.649459 0.472644 0.661667 0.476444 0.677363 0.473404 0.682595 0.459726 0.672480 0.395137 0.676666 0.266717 0.645623 0.256839
0 0.673178 0.278875 0.667248 0.319149 0.668643 0.379939 0.674922 0.436170 0.685734 0.469605 0.709104 0.458207 0.725148 0.425532 0.721311 0.376900 0.708057 0.310790 0.707360 0.215046 0.676666 0.245441
0 0.497384 0.553951 0.519707 0.552432 0.522149 0.809271 0.501918 0.813830
0 0.517614 0.620061 0.515173 0.566109 0.526683 0.542553 0.532961 0.545593 0.543076 0.557751 0.543774 0.594985 0.530869 0.849544 0.513080 0.849544
0 0.544123 0.642097 0.534008 0.589666 0.532961 0.553951 0.537844 0.525836 0.553191 0.530395 0.562609 0.572948 0.581095 0.687690 0.583537 0.820669 0.554587 0.832827
0 0.583537 0.683891 0.574119 0.642097 0.565051 0.594985 0.562609 0.564590 0.570283 0.530395 0.575863 0.520517 0.594349 0.540274 0.596442 0.579787 0.603767 0.685410 0.607604 0.783435 0.591210 0.783435
0 0.603767 0.683891 0.600628 0.632979 0.592606 0.609422 0.583537 0.577508 0.577956 0.541033 0.595745 0.535714 0.610394 0.534195 0.620858 0.542553 0.627834 0.609422 0.648413 0.783435 0.629927 0.787234
0 0.633764 0.663374 0.629229 0.621581 0.616672 0.589666 0.605860 0.550912 0.602721 0.525076 0.608301 0.513678 0.629229 0.510638 0.650157 0.505319 0.666202 0.512158 0.669341 0.592705 0.697593 0.712766 0.676666 0.758359 0.639344 0.702888
0 0.686432 0.624620 0.669341 0.584347 0.661667 0.552432 0.660970 0.505319 0.664109 0.490122 0.676666 0.488602 0.686432 0.487842 0.698988 0.480243 0.713638 0.496960 0.717475 0.522036 0.758633 0.705927 0.711196 0.734802 0.687129 0.640578
0 0.474712 0.549392 0.498779 0.548632 0.503662 0.800152 0.480293 0.805471
0 0.453087 0.562310 0.476456 0.548632 0.480991 0.646657 0.488315 0.797112 0.468783 0.807751
0 0.433205 0.613222 0.440879 0.544073 0.450296 0.535714 0.459365 0.589666 0.459365 0.820669 0.439833 0.831307 0.433903 0.686170
0 0.405302 0.788754 0.414370 0.626900 0.409836 0.599544 0.409836 0.559271 0.415068 0.542553 0.425881 0.542553 0.431461 0.542553 0.439135 0.566109 0.439135 0.638298 0.419951 0.817629
0 0.368678 0.775076 0.377049 0.729483 0.377049 0.687690 0.377049 0.638298 0.377398 0.596505 0.382630 0.562310 0.391350 0.538754 0.400419 0.534195 0.424486 0.556231 0.418905 0.584347 0.414370 0.625380 0.405999 0.674012 0.381235 0.794073
0 0.258110 0.679331 0.281130 0.624620 0.286711 0.586626 0.296477 0.537234 0.297524 0.518997 0.305895 0.505319 0.326125 0.508359 0.346355 0.525076 0.349494 0.567629 0.341821 0.604863 0.276596 0.718085
