0 0.488360 0.326844 0.489879 0.482582 0.490385 0.555328 0.459514 0.547131 0.457996 0.523566 0.458502 0.469262 0.462045 0.325820
0 0.456478 0.316598 0.459514 0.387295 0.459514 0.473361 0.459514 0.533811 0.442308 0.536885 0.435729 0.520492 0.434211 0.504098 0.438765 0.483607 0.439271 0.469262 0.436235 0.446721 0.435729 0.402664 0.435223 0.315574
0 0.425607 0.286885 0.433704 0.393443 0.438259 0.452869 0.439777 0.474385 0.436741 0.487705 0.436235 0.503074 0.434211 0.514344 0.430668 0.528689 0.426113 0.537910 0.420040 0.534836 0.414474 0.522541 0.412955 0.513320 0.410425 0.494877 0.410425 0.476434 0.411943 0.453893 0.412449 0.429303 0.408907 0.289959
0 0.406377 0.298156 0.411943 0.408811 0.411943 0.457992 0.415486 0.476434 0.414980 0.487705 0.411943 0.505123 0.406883 0.516393 0.400810 0.519467 0.392206 0.510246 0.389676 0.498975 0.388158 0.485656 0.388158 0.471311 0.389170 0.448770 0.388158 0.360656 0.389170 0.283811 0.404858 0.279713
0 0.359818 0.282787 0.364372 0.400615 0.365891 0.445697 0.363360 0.464139 0.362854 0.472336 0.362854 0.490779 0.365385 0.503074 0.372470 0.513320 0.376518 0.514344 0.382591 0.502049 0.386134 0.491803 0.388158 0.476434 0.389170 0.452869 0.389170 0.433402 0.387652 0.278689
0 0.331984 0.279713 0.329960 0.383197 0.328947 0.417008 0.326923 0.436475 0.324393 0.451844 0.321862 0.465164 0.320850 0.479508 0.326923 0.496926 0.336032 0.508197 0.348684 0.512295 0.356781 0.510246 0.361842 0.501025 0.365385 0.487705 0.364879 0.464139 0.363360 0.444672 0.365385 0.278689
0 0.299089 0.260246 0.293522 0.371926 0.282389 0.423156 0.278846 0.442623 0.281883 0.459016 0.287449 0.478484 0.301113 0.492828 0.306680 0.492828 0.312753 0.486680 0.321356 0.471311 0.325911 0.441598 0.329453 0.388320 0.335020 0.308402 0.333502 0.277664
0 0.489372 0.325820 0.489879 0.485656 0.490385 0.549180 0.503036 0.547131 0.515182 0.546107 0.520749 0.535861 0.521255 0.509221 0.519231 0.403689 0.517713 0.315574 0.488866 0.319672
0 0.518725 0.308402 0.519231 0.462090 0.518725 0.504098 0.522267 0.533811 0.530364 0.542008 0.537449 0.537910 0.542004 0.522541 0.542510 0.497951 0.542510 0.478484 0.544534 0.310451
0 0.549089 0.304303 0.542510 0.395492 0.542004 0.449795 0.542510 0.497951 0.545040 0.517418 0.549595 0.533811 0.554150 0.540984 0.558198 0.540984 0.561235 0.533811 0.563765 0.522541 0.565283 0.510246 0.566296 0.501025 0.565789 0.479508 0.563259 0.379098 0.568320 0.290984 0.553138 0.288934
0 0.567308 0.286885 0.562247 0.380123 0.559211 0.459016 0.559717 0.495902 0.560729 0.508197 0.564271 0.515369 0.567308 0.520492 0.571356 0.523566 0.575405 0.524590 0.578441 0.523566 0.580972 0.519467 0.584008 0.512295 0.585526 0.501025 0.585526 0.489754 0.583502 0.439549 0.580972 0.377049 0.579960 0.294057 0.569332 0.290984
0 0.581478 0.297131 0.582996 0.390369 0.582996 0.459016 0.582996 0.476434 0.582996 0.489754 0.584514 0.502049 0.586032 0.510246 0.591093 0.514344 0.597672 0.516393 0.602227 0.514344 0.605263 0.508197 0.606781 0.502049 0.606781 0.495902 0.604757 0.487705 0.604251 0.479508 0.604251 0.471311 0.604251 0.455943 0.605769 0.442623 0.599190 0.288934
0 0.607794 0.279713 0.605769 0.409836 0.605263 0.431352 0.603745 0.445697 0.603239 0.454918 0.602733 0.467213 0.603745 0.478484 0.605769 0.490779 0.609312 0.501025 0.614372 0.508197 0.625506 0.507172 0.631073 0.506148 0.639170 0.498975 0.642206 0.476434 0.641194 0.454918 0.640182 0.429303 0.636134 0.373975 0.634615 0.324795 0.633097 0.277664
0 0.634109 0.282787 0.636640 0.387295 0.639170 0.425205 0.640688 0.444672 0.641194 0.457992 0.641700 0.466189 0.643219 0.473361 0.646255 0.483607 0.652834 0.488730 0.659919 0.489754 0.668016 0.482582 0.675101 0.473361 0.680162 0.454918 0.681174 0.432377 0.675101 0.407787 0.671559 0.378074 0.669534 0.342213 0.666498 0.311475 0.661943 0.284836 0.648279 0.273566
0 0.493927 0.573770 0.492915 0.610656 0.487348 0.741803 0.503036 0.743852 0.513158 0.612705 0.513158 0.570697 0.495445 0.572746
0 0.517206 0.567623 0.512652 0.577869 0.513158 0.614754 0.513664 0.747951 0.530364 0.747951 0.533401 0.608607 0.531377 0.597336 0.530870 0.591189 0.532895 0.586066 0.533401 0.578893 0.530364 0.572746 0.524291 0.569672
0 0.540486 0.562500 0.537449 0.562500 0.535931 0.570697 0.534919 0.576844 0.533401 0.580943 0.531883 0.587090 0.530870 0.591189 0.531377 0.599385 0.533401 0.607582 0.537955 0.792008 0.566296 0.781762 0.555668 0.616803 0.553644 0.596311 0.553644 0.585041 0.553644 0.575820 0.549089 0.568648 0.546053 0.564549
0 0.566296 0.569672 0.560729 0.571721 0.558198 0.577869 0.555668 0.584016 0.553644 0.595287 0.565283 0.773566 0.584514 0.764344 0.577429 0.604508 0.576417 0.587090 0.575911 0.577869 0.569332 0.573770
0 0.588563 0.559426 0.581478 0.560451 0.578947 0.566598 0.576923 0.575820 0.575911 0.585041 0.575911 0.595287 0.595648 0.778689 0.619433 0.759221 0.605263 0.595287 0.603239 0.578893 0.602227 0.567623 0.599190 0.562500 0.593623 0.561475
0 0.607287 0.550205 0.603239 0.556352 0.601215 0.562500 0.599696 0.574795 0.602227 0.585041 0.604251 0.596311 0.606275 0.607582 0.634615 0.781762 0.679150 0.740779 0.644231 0.581967 0.644231 0.571721 0.644231 0.563525 0.643219 0.556352 0.641700 0.549180 0.636134 0.540984 0.632085 0.534836 0.626012 0.533811 0.618927 0.537910 0.611336 0.546107
0 0.651316 0.522541 0.644231 0.529713 0.640182 0.535861 0.639676 0.543033 0.639676 0.550205 0.639676 0.560451 0.640688 0.570697 0.643725 0.580943 0.646761 0.592213 0.686235 0.753074 0.721660 0.691598 0.687753 0.566598 0.682692 0.543033 0.678644 0.525615 0.676113 0.517418 0.672571 0.508197 0.665992 0.504098 0.659413 0.504098 0.655870 0.509221
0 0.689271 0.483607 0.682186 0.486680 0.677632 0.493852 0.676113 0.502049 0.676619 0.511270 0.677632 0.524590 0.689271 0.569672 0.715587 0.659836 0.752024 0.609631 0.728239 0.524590 0.723684 0.498975 0.720648 0.488730 0.716599 0.476434 0.710526 0.470287 0.703947 0.468238 0.697368 0.476434
0 0.493927 0.571721 0.492915 0.614754 0.486842 0.753074 0.466093 0.746926 0.472166 0.616803 0.475709 0.573770
0 0.469130 0.569672 0.453947 0.571721 0.451923 0.590164 0.450911 0.617828 0.449899 0.648566 0.443320 0.731557 0.462551 0.736680 0.473178 0.613730 0.475709 0.570697
0 0.443826 0.561475 0.436741 0.556352 0.432186 0.560451 0.429150 0.565574 0.427126 0.574795 0.425101 0.588115 0.424089 0.621926 0.420547 0.653689 0.410425 0.761270 0.435223 0.764344 0.449899 0.645492 0.450911 0.604508 0.449899 0.574795 0.447874 0.564549
0 0.408401 0.565574 0.405364 0.569672 0.402834 0.576844 0.400810 0.591189 0.398785 0.609631 0.388158 0.756148 0.410931 0.762295 0.423077 0.629098 0.424595 0.604508 0.426113 0.589139 0.426619 0.578893 0.423077 0.569672 0.418522 0.564549
0 0.391194 0.545082 0.379555 0.548156 0.375506 0.555328 0.372470 0.565574 0.371457 0.589139 0.373988 0.622951 0.371964 0.654713 0.355263 0.746926 0.373988 0.759221 0.394737 0.655738 0.399291 0.607582 0.402328 0.584016 0.404352 0.567623 0.401822 0.553279 0.398279 0.547131 0.393219 0.544057
0 0.261640 0.483607 0.252024 0.501025 0.246457 0.516393 0.241397 0.533811 0.235324 0.556352 0.213057 0.640369 0.254555 0.681352 0.285425 0.580943 0.288462 0.570697 0.289980 0.563525 0.290992 0.557377 0.292004 0.549180 0.293522 0.543033 0.294534 0.532787 0.293522 0.521516 0.287955 0.511270 0.277834 0.502049 0.271255 0.492828
0 0.301113 0.515369 0.296559 0.529713 0.294028 0.536885 0.292004 0.544057 0.291498 0.549180 0.290486 0.563525 0.259109 0.699795 0.296559 0.718238 0.315283 0.636270 0.322874 0.607582 0.326417 0.596311 0.331478 0.582992 0.336032 0.566598 0.337045 0.551230 0.334008 0.531762 0.320850 0.521516 0.311741 0.519467 0.307692 0.516393
