0 0.470945 0.599544 0.488414 0.601824 0.504100 0.594225 0.504100 0.566869 0.489483 0.368541 0.479144 0.373860 0.473440 0.551672 0.470232 0.573708
0 0.444920 0.599544 0.454545 0.604863 0.470588 0.599544 0.473440 0.523556 0.476292 0.466565 0.465954 0.399696 0.450624 0.408055 0.457041 0.471884 0.450624 0.516717 0.446702 0.558511
0 0.427807 0.601824 0.443137 0.587386 0.444207 0.579027 0.449554 0.568389 0.451693 0.553191 0.451693 0.487842 0.440285 0.356383 0.429590 0.361702 0.422460 0.518237 0.419964 0.565350 0.421034 0.594225
0 0.391087 0.589666 0.401783 0.606383 0.410695 0.596505 0.416756 0.604863 0.422816 0.601824 0.426738 0.587386 0.429234 0.541033 0.417469 0.366261 0.402139 0.370061 0.407130 0.435410 0.404635 0.485562 0.400000 0.527356 0.393226 0.560030 0.389305 0.580547
0 0.306239 0.558511 0.316578 0.579027 0.331194 0.589666 0.335116 0.573708 0.343316 0.565350 0.345098 0.554711 0.342959 0.532675 0.341176 0.520517 0.339394 0.435410 0.330125 0.399696 0.313012 0.368541 0.299109 0.397416 0.308378 0.446049 0.312299 0.496201 0.308021 0.518237 0.303743 0.542553
0 0.505526 0.594225 0.521569 0.601824 0.540107 0.601824 0.537968 0.553191 0.532620 0.373860 0.520499 0.378419 0.510160 0.506839 0.509447 0.542553 0.505526 0.560030
0 0.540820 0.606383 0.560428 0.604863 0.566488 0.594225 0.563280 0.532675 0.555793 0.375380 0.542602 0.376900 0.539394 0.485562 0.537255 0.542553 0.535829 0.566869 0.535829 0.589666 0.536185 0.599544
0 0.577184 0.610182 0.586453 0.604863 0.592870 0.594225 0.580036 0.342705 0.569697 0.340426 0.565419 0.454407 0.562210 0.523556 0.562567 0.541033 0.560071 0.558511 0.560428 0.573708 0.563636 0.580547 0.566132 0.589666 0.565775 0.594225 0.568271 0.601824
0 0.587522 0.603343 0.596078 0.601824 0.601426 0.608663 0.608200 0.610182 0.614973 0.601824 0.617112 0.589666 0.615330 0.547872 0.613547 0.503040 0.602139 0.354863 0.591800 0.361702 0.591444 0.494681 0.587522 0.537234 0.584314 0.565350 0.583957 0.577508
0 0.609269 0.598024 0.617112 0.601824 0.620321 0.601824 0.627807 0.610182 0.634225 0.606383 0.643137 0.598024 0.645276 0.580547 0.640285 0.549392 0.634225 0.475684 0.632799 0.375380 0.614260 0.373860 0.611408 0.489362 0.611052 0.542553 0.608556 0.563830 0.608556 0.584347
0 0.670588 0.589666 0.685205 0.575228 0.695900 0.563830 0.698396 0.537234 0.690553 0.503040 0.689840 0.492401 0.706239 0.366261 0.676649 0.370061 0.664528 0.433891 0.664171 0.487842 0.660963 0.522036 0.657041 0.553191 0.657754 0.568389 0.663458 0.584347
0 0.497326 0.622340 0.506239 0.615502 0.515865 0.617021 0.518360 0.625380 0.513012 0.658815 0.512656 0.682371 0.503387 0.819149 0.490553 0.813830
0 0.518004 0.624620 0.527273 0.621581 0.536898 0.624620 0.535829 0.676292 0.525134 0.859422 0.513012 0.857903 0.513369 0.743921 0.514082 0.654255
0 0.536898 0.621581 0.546881 0.621581 0.562210 0.636778 0.564706 0.657295 0.558645 0.693769 0.556863 0.735562 0.547950 0.852584 0.536542 0.851064 0.538324 0.764438 0.536898 0.673252 0.535829 0.657295
0 0.554367 0.647416 0.559715 0.638298 0.563636 0.626900 0.570410 0.624620 0.576827 0.626900 0.582888 0.640578 0.583957 0.661094 0.582888 0.695289 0.581462 0.842705 0.572549 0.844225 0.558645 0.688450
0 0.578610 0.688450 0.572193 0.652736 0.572549 0.631459 0.576471 0.626900 0.583957 0.635258 0.597861 0.621581 0.603565 0.626900 0.608200 0.640578 0.611408 0.659574 0.610339 0.686930 0.607487 0.766717 0.619964 0.847264 0.605348 0.852584
0 0.611052 0.693769 0.604635 0.664894 0.599643 0.644377 0.599287 0.630699 0.604278 0.623860 0.609982 0.620821 0.618895 0.630699 0.624599 0.625380 0.633512 0.618541 0.648485 0.618541 0.649911 0.632219 0.649911 0.655015 0.649554 0.689210 0.658111 0.744681 0.670232 0.806991 0.649198 0.825988 0.631373 0.787994 0.623173 0.755319 0.616043 0.708207
0 0.658467 0.681611 0.648485 0.657295 0.644207 0.636018 0.645633 0.616261 0.651693 0.609422 0.666310 0.598784 0.681640 0.597264 0.685561 0.601064 0.686988 0.619301 0.690909 0.638298 0.689840 0.650456 0.690909 0.670973 0.697683 0.687690 0.703387 0.718085 0.713725 0.800912 0.695187 0.814590 0.679857 0.757599 0.668806 0.721884
0 0.700178 0.658055 0.691979 0.635258 0.686631 0.616261 0.684135 0.589666 0.692335 0.578267 0.697683 0.569909 0.704813 0.563070 0.710517 0.557751 0.714439 0.553191 0.716934 0.551672 0.720499 0.558511 0.727629 0.582067 0.727986 0.599544 0.727986 0.611702 0.731194 0.636778 0.741889 0.668693 0.758289 0.736322 0.742602 0.756079 0.711943 0.699088 0.703743 0.675532
0 0.480570 0.617781 0.498396 0.617021 0.497683 0.644377 0.485205 0.794833 0.480214 0.794073
0 0.460250 0.619301 0.478788 0.622340 0.480570 0.666413 0.478788 0.682371 0.473084 0.816869 0.461319 0.819149
0 0.437077 0.627660 0.446702 0.620061 0.454902 0.617781 0.460250 0.623100 0.460606 0.671733 0.458111 0.684650 0.447772 0.866261 0.440285 0.866261 0.437077 0.688450 0.435651 0.670973 0.436364 0.634498 0.436720 0.632979
0 0.412834 0.639058 0.417469 0.626900 0.423529 0.620061 0.429590 0.623860 0.431373 0.626900 0.432086 0.641337 0.433868 0.643617 0.436364 0.640578 0.439216 0.643617 0.440285 0.646657 0.439929 0.667933 0.436720 0.679331 0.435651 0.682371 0.433868 0.714286 0.417469 0.839666 0.410695 0.835106 0.410695 0.763678 0.410695 0.720365 0.412834 0.687690 0.411052 0.668693 0.411765 0.654255
0 0.388948 0.638298 0.395722 0.623860 0.398217 0.620061 0.404635 0.617781 0.408913 0.623100 0.414260 0.630699 0.421390 0.628419 0.427807 0.629939 0.428877 0.633739 0.425668 0.660334 0.417469 0.687690 0.412834 0.708967 0.408913 0.747720 0.391800 0.822948 0.381105 0.813070 0.386809 0.758359 0.387879 0.724924 0.388592 0.686930 0.388592 0.656535
0 0.353654 0.613982 0.361854 0.610942 0.365775 0.616261 0.371123 0.617781 0.376114 0.615502 0.384314 0.615502 0.387166 0.622340 0.388948 0.626140 0.393939 0.626140 0.397861 0.626140 0.400357 0.636778 0.400000 0.652736 0.396078 0.671733 0.392157 0.683891 0.387522 0.692249 0.382531 0.705927 0.381105 0.723404 0.376114 0.756079 0.370410 0.770517 0.354011 0.823708 0.325134 0.784954 0.335116 0.756839 0.342602 0.731763 0.348663 0.710486 0.351515 0.689970 0.351159 0.660334 0.349733 0.645137 0.349733 0.631459 0.351515 0.622340
0 0.318360 0.597264 0.328699 0.598784 0.334046 0.605623 0.339750 0.605623 0.347950 0.617781 0.354011 0.625380 0.355793 0.642097 0.351159 0.660334 0.333690 0.714286 0.327986 0.735562 0.306239 0.808511 0.294831 0.799392 0.298396 0.740122 0.304813 0.699848 0.312299 0.668693 0.312299 0.625380 0.314795 0.608663
0 0.281640 0.554711 0.291266 0.560030 0.300891 0.573708 0.309804 0.582067 0.316934 0.594985 0.318360 0.604863 0.315508 0.626140 0.310517 0.639058 0.301961 0.658055 0.293761 0.692249 0.267380 0.767477 0.245989 0.733283 0.252763 0.680851 0.260250 0.655015 0.270588 0.628419 0.272727 0.615502 0.272014 0.585106 0.275223 0.572948
