0 0.292691 0.363982 0.286544 0.388298 0.283811 0.424012 0.302937 0.452128 0.315915 0.454407 0.337432 0.431611 0.350068 0.395137 0.363046 0.376140 0.363730 0.351824 0.354508 0.323708 0.329577 0.325228 0.309768 0.344225
0 0.308743 0.462766 0.292691 0.487842 0.298497 0.534954 0.313866 0.567629 0.336066 0.565350 0.345628 0.537234 0.354850 0.465046 0.364071 0.414894 0.365779 0.395137 0.359631 0.374620 0.346653 0.385258 0.335383 0.424012 0.325478 0.446049
0 0.349385 0.505319 0.341872 0.534954 0.342555 0.566869 0.351776 0.579787 0.373975 0.598024 0.388661 0.584347 0.396175 0.554711 0.393443 0.507599 0.400615 0.420213 0.400615 0.394377 0.392760 0.359422 0.385246 0.357903 0.374317 0.366261 0.364071 0.399696 0.357240 0.439970 0.355874 0.479483
0 0.391393 0.541033 0.385246 0.583587 0.391735 0.607903 0.402664 0.617021 0.419399 0.604863 0.427937 0.590426 0.423156 0.541033 0.420423 0.443769 0.421448 0.408815 0.421448 0.366261 0.416667 0.339666 0.407445 0.341945 0.400956 0.382979 0.398907 0.455927
0 0.409153 0.536474 0.407104 0.582067 0.408128 0.602584 0.427596 0.608663 0.446038 0.587386 0.451503 0.555471 0.446380 0.475684 0.445014 0.417933 0.445014 0.380699 0.438866 0.326748 0.425546 0.348024 0.422814 0.380699 0.410178 0.520517
0 0.436134 0.544833 0.433402 0.589666 0.452869 0.617021 0.459016 0.614742 0.476776 0.590426 0.474727 0.547112 0.473702 0.440729 0.475410 0.376140 0.472678 0.341185 0.461749 0.331307 0.457309 0.364742 0.451844 0.452888
0 0.470970 0.551672 0.468238 0.601824 0.473019 0.622340 0.488388 0.633739 0.497609 0.626900 0.501708 0.557751 0.511612 0.430091 0.511612 0.363982 0.503415 0.343465 0.493169 0.368541 0.484973 0.455927
0 0.498975 0.561550 0.500342 0.625380 0.505464 0.643617 0.528347 0.643617 0.535519 0.625380 0.529372 0.518237 0.525615 0.355623 0.521175 0.332827 0.513320 0.332827 0.506831 0.396657 0.501708 0.512158
0 0.528347 0.559271 0.525273 0.618541 0.539276 0.643617 0.555328 0.639818 0.561475 0.575988 0.554986 0.401216 0.552254 0.347264 0.540301 0.354103 0.533811 0.443769
0 0.555328 0.549392 0.561475 0.612462 0.565915 0.636778 0.584358 0.630699 0.588115 0.607903 0.582650 0.534954 0.565915 0.347264 0.556694 0.337386 0.547473 0.429331 0.550546 0.500000
0 0.580943 0.541033 0.590164 0.595745 0.599385 0.610942 0.611339 0.594225 0.618511 0.559271 0.599385 0.467325 0.600410 0.329027 0.596653 0.290274 0.591189 0.277356 0.581967 0.281915 0.577869 0.319149 0.572746 0.430091
0 0.600410 0.537234 0.601093 0.602584 0.613388 0.604863 0.623292 0.617021 0.633538 0.604863 0.639003 0.563830 0.633538 0.490881 0.634221 0.411094 0.630464 0.341185 0.627049 0.288754 0.617828 0.277356 0.608607 0.300912 0.604850 0.465046
0 0.627732 0.554711 0.629781 0.590426 0.639686 0.616261 0.647541 0.616261 0.661885 0.608663 0.663934 0.575988 0.656762 0.481763 0.651298 0.374620 0.643784 0.335866 0.633538 0.343465 0.628757 0.411854
0 0.648907 0.549392 0.650273 0.592705 0.662910 0.618541 0.686817 0.607903 0.696038 0.598784 0.699795 0.572188 0.697063 0.528116 0.680328 0.478723 0.658470 0.353343 0.647541 0.356383 0.640710 0.382219 0.646175 0.493161 0.648907 0.534195
0 0.691598 0.544833 0.700137 0.598784 0.703552 0.610182 0.715505 0.613222 0.725068 0.588146 0.735314 0.575988 0.735314 0.534954 0.718238 0.497720 0.700137 0.455927 0.681694 0.351824 0.672473 0.335106 0.661885 0.349544 0.663251 0.437690 0.679645 0.515957
0 0.680328 0.395137 0.686134 0.444529 0.697063 0.466565 0.713115 0.471125 0.732923 0.452888 0.737705 0.417173 0.731216 0.348024 0.698770 0.300152 0.685451 0.300152 0.673156 0.331307
0 0.702527 0.658055 0.701161 0.698328 0.727801 0.740122 0.748634 0.766717 0.759904 0.759878 0.771858 0.692249 0.755464 0.651976 0.742486 0.606383 0.720970 0.602584 0.713798 0.629179
0 0.510587 0.654255 0.508880 0.734043 0.505464 0.826748 0.506831 0.894377 0.516393 0.901976 0.523566 0.835866 0.531079 0.682371 0.533128 0.653495
0 0.537568 0.658055 0.533128 0.655775 0.530396 0.689210 0.528005 0.764438 0.523566 0.854863 0.528005 0.893617 0.542008 0.895897 0.544740 0.794833 0.557719 0.698328 0.558743 0.668693 0.551230 0.653495 0.543033 0.653495
0 0.563525 0.648176 0.552937 0.674012 0.543033 0.870821 0.542350 0.912614 0.548839 0.918693 0.557719 0.896657 0.574454 0.784954 0.586407 0.671733 0.580601 0.645137 0.573770 0.645137
0 0.588456 0.654255 0.580601 0.667933 0.578210 0.682371 0.580943 0.723404 0.578210 0.826748 0.568648 0.857143 0.558060 0.902736 0.560792 0.914894 0.574454 0.920213 0.597678 0.830547 0.612363 0.712766 0.616120 0.686930 0.610656 0.660334 0.607582 0.657295
0 0.614071 0.664134 0.603825 0.684650 0.607582 0.729483 0.620560 0.805471 0.628074 0.867021 0.643784 0.896657 0.653689 0.875380 0.644467 0.783435 0.647199 0.698328 0.643443 0.661854 0.632514 0.657295
0 0.496243 0.648936 0.491803 0.648176 0.489754 0.654255 0.489754 0.756079 0.490096 0.851064 0.490437 0.884498 0.497609 0.892857 0.505464 0.862462 0.507514 0.775076 0.512295 0.659574 0.508880 0.651976
0 0.465847 0.642857 0.459358 0.670213 0.464481 0.720365 0.470628 0.798632 0.470628 0.841945 0.472336 0.876900 0.479167 0.890578 0.485656 0.889818 0.490096 0.868541 0.489413 0.753040 0.489413 0.681611 0.489071 0.645897
0 0.445014 0.639818 0.434426 0.649696 0.428620 0.677812 0.435109 0.723404 0.437500 0.803191 0.437842 0.833587 0.437842 0.840426 0.439891 0.874620 0.449112 0.902736 0.457992 0.891337 0.460041 0.796353 0.465164 0.696809 0.465847 0.664134 0.460041 0.642097 0.454918 0.631459
0 0.417350 0.635258 0.400615 0.668693 0.401981 0.700608 0.408128 0.760638 0.409153 0.831307 0.412568 0.873860 0.416667 0.882219 0.430328 0.869301 0.428279 0.794073 0.432036 0.716565 0.438525 0.674012 0.437158 0.651216
0 0.380123 0.633739 0.373292 0.643617 0.371243 0.659574 0.370902 0.703647 0.367145 0.848784 0.375000 0.870061 0.388320 0.854103 0.401981 0.701368 0.401981 0.644377 0.391052 0.641337
0 0.340164 0.604863 0.328552 0.610182 0.322404 0.641337 0.312158 0.665653 0.293033 0.708967 0.281079 0.725684 0.276981 0.748480 0.281762 0.778875 0.292008 0.791033 0.316598 0.775076 0.344262 0.727964 0.365779 0.701368 0.372951 0.673252 0.372951 0.636778 0.362705 0.623100 0.352459 0.606383 0.347678 0.601064
0 0.280738 0.569909 0.270150 0.582827 0.266052 0.622340 0.256148 0.648176 0.245219 0.674012 0.256148 0.731003 0.280738 0.737082 0.298497 0.696809 0.319331 0.658055 0.324112 0.633739 0.317623 0.605623 0.301230 0.579027 0.287910 0.563070
