0 0.488145 0.587101 0.524059 0.588431 0.512204 0.358378 0.488494 0.362367 0.487448 0.510638
0 0.455021 0.575798 0.489191 0.587101 0.476639 0.341755 0.457462 0.351064 0.459554 0.544548
0 0.413180 0.363697 0.421548 0.535239 0.434100 0.587101 0.459554 0.577128 0.455718 0.529255 0.429219 0.352394
0 0.375872 0.368351 0.391213 0.515957 0.387378 0.565160 0.386681 0.590426 0.407601 0.590426 0.422594 0.575798 0.425384 0.542553 0.391213 0.334441
0 0.358787 0.380319 0.357392 0.542553 0.353556 0.557846 0.359833 0.581117 0.374477 0.583112 0.387378 0.569814 0.389121 0.539894 0.389121 0.517952 0.379707 0.359707
0 0.323919 0.358378 0.310669 0.420213 0.307183 0.489362 0.304742 0.539894 0.306137 0.569149 0.340307 0.590426 0.354951 0.584441 0.356346 0.516622 0.364365 0.450133 0.347280 0.346410
0 0.527197 0.587101 0.562064 0.601729 0.564854 0.547207 0.575662 0.350399 0.547071 0.351064 0.535565 0.519282 0.529289 0.555851
0 0.565202 0.547207 0.570432 0.594415 0.590656 0.594415 0.594491 0.543218 0.600070 0.373005 0.581241 0.377660
0 0.621688 0.355053 0.595886 0.567819 0.602859 0.597739 0.617503 0.601729 0.628661 0.600399 0.634937 0.566489 0.644003 0.358378
0 0.634589 0.377660 0.627964 0.543218 0.632497 0.575798 0.640865 0.582447 0.662483 0.596410 0.669456 0.577128 0.664226 0.556516 0.664226 0.535904 0.655509 0.365691
0 0.678173 0.371676 0.662831 0.517952 0.657252 0.554521 0.667364 0.577128 0.673291 0.582447 0.682008 0.600399 0.692120 0.597739 0.695258 0.575133 0.697699 0.532580 0.695258 0.376995
0 0.704672 0.414229 0.699791 0.485372 0.701185 0.517952 0.698396 0.539894 0.695955 0.582447 0.712343 0.590426 0.729079 0.585771 0.744770 0.577128 0.749303 0.560505 0.743026 0.476064 0.748605 0.400931
0 0.761158 0.380319 0.742329 0.451463 0.744073 0.488032 0.740934 0.517952 0.739191 0.541223 0.744770 0.562500 0.754881 0.569149 0.765690 0.566489 0.782078 0.561835 0.788006 0.525266 0.785914 0.492686 0.792190 0.380319
0 0.519177 0.609043 0.546374 0.609707 0.539400 0.791223 0.525453 0.787899
0 0.542538 0.616356 0.571827 0.605053 0.569735 0.791223 0.551953 0.795213
0 0.575662 0.742686 0.568689 0.613697 0.583682 0.600399 0.603905 0.635638 0.605300 0.715426 0.602162 0.819149 0.576011 0.810505
0 0.612273 0.706782 0.605997 0.626995 0.622385 0.611037 0.641911 0.634309 0.642608 0.674202 0.627964 0.848404 0.610879 0.832447
0 0.651674 0.692154 0.634589 0.634309 0.634589 0.607713 0.672594 0.606383 0.679568 0.652261 0.686541 0.811835 0.672594 0.819149
0 0.739191 0.681516 0.725244 0.648936 0.716876 0.607713 0.725244 0.589096 0.739191 0.581117 0.757322 0.572473 0.775105 0.587101 0.776499 0.600399 0.812762 0.722739 0.775802 0.746676
0 0.496862 0.609043 0.522315 0.612367 0.516039 0.793883 0.495119 0.789894 0.496862 0.623005
0 0.475244 0.603059 0.502441 0.612367 0.486750 0.815824 0.462692 0.823803
0 0.436541 0.612367 0.475244 0.601729 0.470363 0.671543 0.444212 0.849069 0.419456 0.837101
0 0.401325 0.611037 0.444212 0.612367 0.412483 0.833777 0.393654 0.829122
0 0.366806 0.605053 0.405160 0.615027 0.371339 0.823803 0.352510 0.811835
0 0.297768 0.563830 0.348675 0.603723 0.341004 0.630319 0.312413 0.672872 0.253487 0.742686 0.236402 0.692154 0.269177 0.622340
