0 0.480396 0.443009 0.482868 0.504559 0.475804 0.514438 0.462028 0.517477 0.454256 0.518997 0.446132 0.515957 0.446132 0.484802 0.446132 0.430091 0.446839 0.377660 0.446132 0.294833 0.455316 0.269757 0.464500 0.268237 0.470505 0.301672 0.475097 0.347264 0.477570 0.411854
0 0.418933 0.421733 0.421406 0.465046 0.422112 0.506079 0.436595 0.521277 0.446132 0.514438 0.446839 0.486322 0.446839 0.436930 0.445072 0.401976 0.441540 0.360942 0.438361 0.314590 0.429177 0.263678 0.416107 0.269757 0.416107 0.309271 0.418933 0.360942
0 0.393147 0.435410 0.393147 0.469605 0.394560 0.511398 0.406923 0.525836 0.420699 0.512918 0.421406 0.479483 0.421406 0.431611 0.421406 0.395137 0.419993 0.357143 0.418227 0.322948 0.414341 0.287994 0.407630 0.266717 0.399859 0.268237 0.389968 0.276596 0.391381 0.307751 0.392088 0.357143 0.392088 0.408815
0 0.480396 0.443769 0.483221 0.484802 0.486047 0.507599 0.503002 0.506079 0.512893 0.503040 0.515012 0.490881 0.516425 0.457447 0.515012 0.422492 0.512893 0.382979 0.509361 0.349544 0.507241 0.308511 0.502296 0.278116 0.483928 0.279635 0.481102 0.341945 0.480396 0.378419
0 0.514306 0.420973 0.516425 0.486322 0.524903 0.500000 0.540445 0.500000 0.548923 0.489362 0.546803 0.446809 0.544684 0.361702 0.542564 0.308511 0.539739 0.272036 0.535500 0.264438 0.524903 0.265957 0.515719 0.291793 0.515719 0.331307 0.515719 0.378419
0 0.545390 0.431611 0.547510 0.480243 0.550336 0.496960 0.562345 0.503040 0.572942 0.490881 0.580714 0.477204 0.580714 0.452888 0.580714 0.405775 0.575768 0.375380 0.573649 0.335866 0.573649 0.310030 0.577181 0.270517 0.577181 0.226444 0.570117 0.200608 0.560933 0.217325 0.548923 0.268997 0.546097 0.303951 0.544684 0.357143
0 0.596962 0.392097 0.600495 0.446809 0.604733 0.475684 0.620276 0.490881 0.630166 0.474164 0.636524 0.449848 0.632285 0.422492 0.630166 0.378419 0.625221 0.341945 0.627340 0.303951 0.632992 0.278116 0.633698 0.243161 0.618156 0.241641 0.609679 0.252280 0.604027 0.293313 0.601907 0.358663
0 0.681031 0.352584 0.678912 0.369301 0.677499 0.413374 0.695161 0.433131 0.719887 0.433131 0.730484 0.407295 0.731897 0.346505 0.736136 0.305471 0.739668 0.281155 0.741081 0.253799 0.737549 0.229483 0.719887 0.221884 0.702932 0.234043 0.695867 0.258359 0.691628 0.282675 0.688803 0.316109
0 0.486047 0.534954 0.488167 0.562310 0.491699 0.607903 0.503002 0.743161 0.513599 0.773556 0.518545 0.765957 0.519251 0.724924 0.510774 0.624620 0.509361 0.572948 0.508654 0.541033 0.508654 0.531915
0 0.507241 0.537994 0.511480 0.618541 0.516425 0.702128 0.522077 0.747720 0.526316 0.770517 0.536206 0.770517 0.536206 0.712766 0.533380 0.592705 0.534087 0.551672 0.519958 0.525836
0 0.531261 0.541033 0.524196 0.565350 0.522783 0.600304 0.529142 0.624620 0.537619 0.651976 0.546097 0.680851 0.551042 0.703647 0.555281 0.726444 0.559520 0.762918 0.563052 0.778116 0.570823 0.790274 0.580714 0.772036 0.580007 0.740122 0.575062 0.683891 0.569410 0.629179 0.560226 0.594225 0.552455 0.568389 0.547510 0.544073
0 0.555281 0.544073 0.553161 0.566869 0.560226 0.603343 0.563052 0.623100 0.567997 0.642857 0.572236 0.671733 0.577888 0.712766 0.582833 0.744681 0.588485 0.773556 0.603320 0.770517 0.605440 0.741641 0.596962 0.694529 0.592017 0.655015 0.588485 0.618541 0.584246 0.574468 0.582833 0.551672 0.572236 0.527356 0.561639 0.536474
0 0.573649 0.554711 0.572236 0.575988 0.580007 0.612462 0.592017 0.636778 0.604733 0.667173 0.638644 0.727964 0.645708 0.740122 0.657718 0.734043 0.657718 0.711246 0.647121 0.679331 0.640057 0.656535 0.630166 0.624620 0.621688 0.598784 0.613211 0.565350 0.608972 0.547112 0.601201 0.530395 0.584246 0.534954
0 0.606853 0.513678 0.604027 0.539514 0.615330 0.566869 0.625221 0.601824 0.640763 0.641337 0.655599 0.688450 0.669728 0.703647 0.684564 0.705167 0.692335 0.680851 0.695867 0.647416 0.688803 0.621581 0.676086 0.591185 0.664076 0.547112 0.657012 0.522796 0.652773 0.489362 0.635818 0.487842 0.625221 0.509119
0 0.654186 0.481763 0.653479 0.513678 0.659838 0.550152 0.673967 0.572948 0.690215 0.621581 0.704345 0.642857 0.715648 0.659574 0.727658 0.664134 0.743200 0.639818 0.740374 0.609422 0.732603 0.579027 0.719887 0.550152 0.712116 0.513678 0.707877 0.483283 0.695867 0.451368 0.678912 0.446809 0.674673 0.458967
0 0.701519 0.443769 0.707171 0.469605 0.712116 0.506079 0.716355 0.534954 0.724832 0.566869 0.732603 0.591185 0.743200 0.612462 0.755210 0.617021 0.766514 0.604863 0.767927 0.569909 0.759449 0.548632 0.754504 0.530395 0.750265 0.492401 0.752384 0.457447 0.749558 0.425532 0.739668 0.417933 0.731190 0.417933 0.719181 0.434650
0 0.464853 0.541033 0.467679 0.580547 0.476157 0.661094 0.483221 0.703647 0.488167 0.741641 0.493818 0.765957 0.502296 0.765957 0.503709 0.738602 0.497351 0.676292 0.494525 0.623100 0.491699 0.586626 0.488873 0.559271 0.488167 0.531915
0 0.442953 0.559271 0.445779 0.585106 0.454256 0.638298 0.459908 0.668693 0.462734 0.694529 0.466973 0.731003 0.471212 0.759878 0.483928 0.767477 0.487460 0.731003 0.483221 0.686930 0.476157 0.645897 0.471212 0.609422 0.469092 0.572948 0.464147 0.542553
0 0.423172 0.563830 0.416107 0.594225 0.415401 0.626140 0.418933 0.750760 0.423172 0.788754 0.432356 0.814590 0.448605 0.823708 0.454256 0.797872 0.451431 0.758359 0.450724 0.699088 0.455669 0.658055 0.450018 0.607903 0.440834 0.568389
0 0.348993 0.455927 0.352526 0.507599 0.365948 0.530395 0.377958 0.521277 0.377958 0.492401 0.382197 0.455927 0.377958 0.408815 0.374426 0.369301 0.362416 0.300912 0.357471 0.290274 0.352526 0.294833 0.349700 0.320669 0.348993 0.375380 0.349700 0.417933
0 0.264924 0.484802 0.261392 0.528875 0.271282 0.547112 0.283999 0.560790 0.295302 0.559271 0.310138 0.541033 0.310844 0.509119 0.308018 0.481763 0.307312 0.434650 0.305193 0.402736 0.303780 0.381459 0.300247 0.352584 0.297421 0.328267 0.292476 0.310030 0.281879 0.308511 0.272695 0.328267 0.272695 0.379939 0.273402 0.402736 0.273402 0.442249 0.269163 0.471125
0 0.310138 0.483283 0.312964 0.528875 0.328506 0.545593 0.344755 0.537994 0.358177 0.524316 0.360297 0.471125 0.357471 0.439210 0.352526 0.410334 0.347580 0.379939 0.346167 0.360182 0.344755 0.294833 0.339809 0.284195 0.328506 0.284195 0.323561 0.311550 0.317909 0.360182 0.317909 0.386018 0.316496 0.425532 0.309431 0.462006
0 0.235253 0.349544 0.235253 0.393617 0.231720 0.427052 0.230307 0.460486 0.242317 0.480243 0.252208 0.465046 0.259979 0.458967 0.264924 0.458967 0.275521 0.452888 0.278347 0.413374 0.271989 0.372340 0.264924 0.354103 0.264924 0.329787 0.256446 0.306991 0.244437 0.314590 0.233133 0.331307
0 0.394913 0.571429 0.394207 0.597264 0.392794 0.627660 0.399859 0.741641 0.406923 0.808511 0.421053 0.811550 0.423172 0.759878 0.418227 0.680851 0.421759 0.645897 0.425998 0.607903 0.424585 0.583587 0.423172 0.563830 0.410456 0.553191
0 0.377958 0.562310 0.370894 0.592705 0.372307 0.623100 0.370187 0.676292 0.369481 0.715805 0.369481 0.749240 0.372307 0.781155 0.376545 0.805471 0.387849 0.802432 0.394207 0.740122 0.398446 0.683891 0.402685 0.650456 0.411162 0.612462 0.418227 0.574468 0.409043 0.559271 0.397033 0.556231 0.392088 0.547112
