0 0.499274 0.685410 0.519956 0.681611 0.521045 0.918693 0.502903 0.913374
0 0.478229 0.681611 0.500000 0.681611 0.503628 0.920973 0.490929 0.917173 0.485486 0.823708 0.481132 0.759119
0 0.459361 0.674012 0.476415 0.674012 0.490929 0.920973 0.472061 0.909574 0.463716 0.785714
0 0.443033 0.675532 0.458273 0.666413 0.462990 0.728723 0.467344 0.914894 0.443033 0.917173 0.441945 0.799392
0 0.419448 0.679331 0.431060 0.667933 0.446662 0.694529 0.445573 0.770517 0.439405 0.913374 0.418360 0.899696 0.418360 0.755319
0 0.392235 0.679331 0.412917 0.666413 0.425617 0.700608 0.408563 0.905775 0.370464 0.886778
0 0.327649 0.643617 0.336720 0.626140 0.379536 0.670213 0.314224 0.857903 0.277939 0.810790 0.291364 0.757599 0.311321 0.721125
0 0.267054 0.643617 0.288824 0.629939 0.316038 0.700608 0.308781 0.738602 0.265965 0.774316 0.239840 0.686930
0 0.519956 0.681611 0.532656 0.677812 0.541727 0.686930 0.541727 0.913374 0.525399 0.913374 0.518142 0.778116
0 0.541001 0.683131 0.556241 0.666413 0.568940 0.690729 0.568215 0.932371 0.545356 0.930091 0.541001 0.844985
0 0.568215 0.683131 0.579826 0.664134 0.595428 0.681611 0.600871 0.933891 0.580914 0.933891 0.570029 0.780395
0 0.593614 0.679331 0.603411 0.656535 0.625181 0.681611 0.638970 0.909574 0.611756 0.903495 0.597968 0.751520
0 0.626996 0.683131 0.654209 0.662614 0.703193 0.854103 0.651669 0.898176 0.629898 0.774316
0 0.658926 0.652736 0.703193 0.620821 0.719521 0.693009 0.718795 0.719605 0.747823 0.818389 0.710450 0.842705 0.667997 0.709726
0 0.715167 0.679331 0.741292 0.643617 0.784833 0.717325 0.771408 0.787994 0.726052 0.743921 0.715893 0.712006
0 0.503628 0.446049 0.526488 0.446049 0.534470 0.599544 0.530842 0.666413 0.501814 0.664134 0.501814 0.601824
0 0.481858 0.443769 0.501814 0.443769 0.502903 0.629939 0.500000 0.660334 0.482946 0.667933 0.469158 0.656535 0.470972 0.614742
0 0.456459 0.447568 0.477504 0.447568 0.470972 0.652736 0.450290 0.651216 0.447388 0.620821
0 0.432874 0.442249 0.453919 0.439970 0.450290 0.624620 0.435776 0.658815 0.425617 0.622340
0 0.412192 0.432371 0.433962 0.432371 0.439405 0.595745 0.433962 0.639818 0.412917 0.639818 0.401306 0.603343
0 0.392961 0.432371 0.410377 0.432371 0.412917 0.622340 0.391147 0.637538 0.386792 0.618541
0 0.368650 0.423252 0.395864 0.420973 0.392235 0.610942 0.382075 0.641337 0.347605 0.628419 0.347605 0.601824
0 0.328737 0.404255 0.347605 0.424772 0.359579 0.575228 0.347605 0.617021 0.314224 0.601824 0.310595 0.567629 0.318578 0.510638 0.329463 0.503040
0 0.296807 0.381459 0.325835 0.392857 0.331277 0.506839 0.288824 0.506839 0.283382 0.447568
0 0.535559 0.442249 0.557329 0.446049 0.561684 0.643617 0.554427 0.662614 0.536284 0.658815 0.531930 0.607143
0 0.562772 0.439970 0.583454 0.438450 0.586357 0.569149 0.588171 0.632219 0.577286 0.655015 0.560958 0.632219 0.561684 0.550152
0 0.590711 0.434650 0.603411 0.434650 0.614296 0.527356 0.609942 0.582827 0.612482 0.629939 0.603411 0.648936 0.585269 0.620821
0 0.615385 0.434650 0.632438 0.438450 0.637155 0.624620 0.628084 0.641337 0.608853 0.617021 0.608128 0.584347
0 0.637155 0.430851 0.667997 0.434650 0.679608 0.620821 0.670537 0.643617 0.636067 0.628419
0 0.677794 0.423252 0.705007 0.417173 0.704282 0.477964 0.724238 0.603343 0.687954 0.622340 0.672351 0.563830
0 0.706096 0.409574 0.724964 0.409574 0.746734 0.491641 0.716981 0.533435 0.705007 0.491641
