0 0.478745 0.358607 0.474190 0.430328 0.474190 0.469262 0.474190 0.490779 0.472166 0.542008 0.492409 0.546107 0.505061 0.546107 0.500000 0.522541 0.494433 0.486680 0.495445 0.457992 0.498482 0.390369 0.498482 0.377049 0.498482 0.364754 0.495445 0.343238
0 0.464069 0.358607 0.461538 0.411885 0.455466 0.455943 0.455466 0.471311 0.453441 0.498975 0.452429 0.536885 0.463057 0.539959 0.472166 0.518443 0.472166 0.469262 0.475709 0.426230 0.476721 0.381148 0.476721 0.358607
0 0.440789 0.349385 0.440789 0.368852 0.437753 0.402664 0.436741 0.441598 0.432186 0.477459 0.431174 0.503074 0.442814 0.534836 0.458502 0.494877 0.459514 0.432377 0.457490 0.372951 0.458502 0.341189
0 0.415486 0.339139 0.411437 0.483607 0.415486 0.518443 0.430162 0.507172 0.440789 0.485656 0.446862 0.426230 0.443826 0.372951 0.438765 0.339139
0 0.399798 0.337090 0.392206 0.455943 0.392206 0.485656 0.398279 0.501025 0.419534 0.467213 0.424089 0.418033 0.424089 0.370902 0.424089 0.321721
0 0.359312 0.339139 0.356275 0.426230 0.354251 0.467213 0.367915 0.496926 0.385628 0.494877 0.394231 0.469262 0.395243 0.439549 0.396255 0.388320 0.396255 0.332992 0.384615 0.329918
0 0.329960 0.302254 0.319332 0.426230 0.314271 0.443648 0.324899 0.461066 0.337551 0.475410 0.349190 0.471311 0.356275 0.430328 0.356275 0.379098 0.354251 0.313525
0 0.289980 0.300205 0.284413 0.383197 0.278340 0.411885 0.279352 0.432377 0.288968 0.441598 0.303644 0.451844 0.318320 0.439549 0.322874 0.392418 0.322874 0.347336 0.324899 0.304303
0 0.507085 0.366803 0.502024 0.471311 0.502024 0.522541 0.504049 0.539959 0.518725 0.546107 0.530364 0.528689 0.524798 0.471311 0.522773 0.428279 0.522773 0.381148 0.522773 0.360656 0.521761 0.337090
0 0.524798 0.347336 0.523785 0.473361 0.526316 0.514344 0.531377 0.537910 0.548077 0.522541 0.540992 0.469262 0.538968 0.426230 0.536437 0.383197 0.537449 0.343238
0 0.556680 0.372951 0.558704 0.473361 0.559717 0.507172 0.569332 0.526639 0.586032 0.518443 0.584008 0.483607 0.581984 0.443648 0.581984 0.398566 0.581984 0.357582 0.581984 0.339139 0.557692 0.341189
0 0.591599 0.364754 0.584008 0.460041 0.588563 0.512295 0.601215 0.518443 0.607287 0.492828 0.606275 0.460041 0.606275 0.408811 0.612348 0.355533 0.613360 0.339139 0.593623 0.335041
0 0.614879 0.345287 0.611336 0.392418 0.608300 0.439549 0.608300 0.479508 0.612348 0.505123 0.623988 0.509221 0.632591 0.507172 0.642206 0.492828 0.642206 0.471311 0.642206 0.437500 0.642206 0.406762 0.642206 0.364754 0.644231 0.347336 0.644231 0.335041
0 0.652834 0.337090 0.645243 0.424180 0.645243 0.457992 0.648279 0.485656 0.658907 0.488730 0.666498 0.488730 0.674595 0.479508 0.678138 0.463115 0.679150 0.409836 0.676619 0.379098 0.676619 0.337090 0.677126 0.319672
0 0.683198 0.319672 0.678138 0.384221 0.678138 0.437500 0.685223 0.471311 0.699899 0.461066 0.708502 0.441598 0.709514 0.420082 0.706478 0.384221 0.706478 0.362705 0.706478 0.335041 0.706478 0.302254
0 0.507085 0.588115 0.506073 0.676230 0.514676 0.714139 0.530364 0.719262 0.531377 0.682377 0.529352 0.639344 0.528340 0.616803 0.528340 0.601434 0.521761 0.584016
0 0.530364 0.579918 0.531377 0.616803 0.530364 0.658811 0.533401 0.701844 0.544028 0.725410 0.551619 0.716189 0.552632 0.682377 0.549089 0.652664 0.546053 0.616803 0.544028 0.593238 0.544028 0.579918 0.543016 0.558402
0 0.551619 0.586066 0.552632 0.563525 0.563259 0.567623 0.568320 0.589139 0.568320 0.625000 0.572368 0.654713 0.573381 0.680328 0.574393 0.710041 0.573381 0.767418 0.563259 0.748975 0.559717 0.717213 0.557692 0.680328 0.555668 0.654713 0.546053 0.607582
0 0.568320 0.579918 0.574393 0.558402 0.585020 0.556352 0.588563 0.569672 0.588563 0.595287 0.590587 0.629098 0.592611 0.668033 0.601215 0.727459 0.596660 0.741803 0.587045 0.721311 0.581984 0.664959 0.581984 0.631148
0 0.590587 0.575820 0.597672 0.556352 0.609312 0.554303 0.614879 0.565574 0.614879 0.607582 0.630567 0.712090 0.633603 0.746926 0.613866 0.701844 0.608300 0.644467
0 0.613360 0.539959 0.632591 0.537910 0.648279 0.536885 0.658907 0.562500 0.659919 0.605533 0.662955 0.629098 0.669534 0.654713 0.677126 0.688525 0.681174 0.716189 0.657895 0.742828 0.641194 0.682377 0.628543 0.635246 0.623988 0.595287 0.615891 0.565574
0 0.654858 0.532787 0.670547 0.518443 0.683198 0.507172 0.690789 0.507172 0.705466 0.581967 0.715081 0.613730 0.729757 0.664959 0.704453 0.701844 0.696862 0.684426 0.688259 0.660861 0.676619 0.614754 0.668522 0.579918 0.659919 0.558402
0 0.739879 0.639344 0.721154 0.605533 0.708502 0.571721 0.695850 0.514344 0.696862 0.498975 0.714575 0.496926 0.729757 0.481557 0.737854 0.492828 0.736842 0.534836 0.747470 0.575820 0.751518 0.611680
0 0.489372 0.584016 0.487348 0.609631 0.488360 0.646516 0.489372 0.682377 0.490385 0.707992 0.500000 0.716189 0.502024 0.665984 0.502024 0.618852 0.502024 0.589139
0 0.459514 0.579918 0.474696 0.567623 0.481781 0.573770 0.481781 0.629098 0.477733 0.682377 0.479757 0.729508 0.469130 0.703893 0.465081 0.664959 0.465081 0.633197 0.463057 0.603484
0 0.438765 0.556352 0.431174 0.678279 0.444838 0.757172 0.455466 0.735656 0.455466 0.668033 0.460526 0.586066 0.448887 0.562500
0 0.404858 0.735656 0.409919 0.591189 0.413462 0.544057 0.427126 0.548156 0.436741 0.567623 0.436235 0.613730 0.435223 0.646516 0.431174 0.695697 0.425101 0.725410 0.415486 0.739754
0 0.385628 0.550205 0.370951 0.635246 0.365891 0.686475 0.366903 0.712090 0.381579 0.705943 0.390182 0.664959 0.398785 0.625000 0.409919 0.573770 0.412449 0.556352 0.404858 0.532787
0 0.302632 0.494877 0.295040 0.532787 0.277328 0.575820 0.259615 0.614754 0.261640 0.665984 0.275304 0.662910 0.294028 0.637295 0.312247 0.609631 0.326923 0.571721 0.337551 0.536885 0.341599 0.511270 0.316296 0.505123
0 0.259109 0.463115 0.252024 0.524590 0.246457 0.584016 0.246457 0.614754 0.272267 0.609631 0.283401 0.591189 0.285931 0.563525 0.296053 0.520492 0.298583 0.501025 0.297065 0.485656 0.284413 0.475410 0.272267 0.469262
