0 0.458745 0.465805 0.456982 0.523556 0.469323 0.541033 0.489774 0.539514 0.493653 0.512158 0.492243 0.376140 0.492243 0.289514 0.491185 0.221884 0.482370 0.189970 0.476375 0.192249 0.461566 0.288754 0.460508 0.347264
0 0.433004 0.443769 0.430889 0.515198 0.437236 0.531915 0.451693 0.534954 0.462623 0.499240 0.462623 0.398176 0.463681 0.320669 0.463681 0.258359 0.467207 0.197568 0.467207 0.175532 0.458745 0.172492 0.447109 0.226444 0.438293 0.320669
0 0.402680 0.450608 0.402680 0.498480 0.401975 0.516717 0.421368 0.525836 0.431594 0.512918 0.436883 0.462766 0.431946 0.351064 0.425247 0.266717 0.420663 0.220365 0.418547 0.166413 0.408674 0.155015 0.399859 0.202128 0.395275 0.281915
0 0.346615 0.431611 0.341678 0.501520 0.354725 0.532675 0.374824 0.516717 0.382934 0.448328 0.376587 0.334347 0.373766 0.255319 0.368829 0.230243 0.362130 0.231003 0.351904 0.310790
0 0.307123 0.443769 0.302891 0.501520 0.314880 0.516717 0.345910 0.515198 0.355078 0.503799 0.351904 0.458967 0.346615 0.313070 0.339563 0.250760 0.329337 0.230243 0.317348 0.232523 0.304302 0.284195 0.300071 0.348784
0 0.258463 0.431611 0.254231 0.478723 0.269041 0.503040 0.290903 0.505319 0.300776 0.498480 0.307123 0.468085 0.305007 0.376140 0.300776 0.293313 0.299718 0.231003 0.290550 0.195289 0.275035 0.195289 0.268688 0.233283
0 0.494006 0.458207 0.492243 0.498480 0.492948 0.528875 0.506347 0.530395 0.511283 0.522036 0.520804 0.533435 0.526798 0.532675 0.529972 0.517477 0.531030 0.439210 0.535261 0.325988 0.540903 0.253799 0.539140 0.229483 0.535261 0.199088 0.521157 0.200608 0.496121 0.414134
0 0.529619 0.469605 0.527504 0.498480 0.527856 0.527356 0.537377 0.532675 0.550776 0.525836 0.556065 0.506839 0.559591 0.389058 0.564175 0.294073 0.563470 0.221884 0.551128 0.207447 0.539140 0.284195
0 0.555360 0.452888 0.556417 0.484043 0.559591 0.515198 0.571932 0.528875 0.588858 0.522796 0.594852 0.476444 0.594852 0.338906 0.595557 0.265957 0.598731 0.234043 0.597320 0.194529 0.584979 0.186930 0.577221 0.241641
0 0.581805 0.458207 0.579337 0.498480 0.587800 0.517477 0.597320 0.528875 0.606488 0.541793 0.622355 0.519757 0.626939 0.493921 0.621650 0.427812 0.622003 0.338906 0.623413 0.307751 0.622355 0.275076 0.618124 0.227964 0.608604 0.218085 0.603315 0.264438
0 0.617066 0.461246 0.617066 0.498480 0.624824 0.531915 0.651622 0.519757 0.653738 0.472644 0.650564 0.398176 0.644217 0.290274 0.641044 0.253799 0.639986 0.206687 0.630818 0.203647 0.619182 0.250760
0 0.690762 0.427812 0.694288 0.503799 0.717913 0.522796 0.738364 0.497720 0.742595 0.468845 0.736601 0.333587 0.734133 0.255319 0.730606 0.202888 0.709450 0.221125
0 0.738364 0.427052 0.738364 0.465805 0.749295 0.501520 0.764810 0.506839 0.776446 0.474924 0.779972 0.443769 0.771157 0.366261 0.772567 0.297112 0.769394 0.247720 0.758463 0.219605 0.744711 0.259119 0.739774 0.333587
0 0.269041 0.507599 0.251410 0.515198 0.235543 0.559271 0.210155 0.590426 0.202398 0.619301 0.214034 0.649696 0.258815 0.648176 0.277504 0.601824 0.292313 0.558511 0.292666 0.530395 0.282440 0.515957
0 0.299013 0.529635 0.292666 0.530395 0.287729 0.566869 0.272214 0.613982 0.244358 0.677052 0.235190 0.712006 0.240127 0.755319 0.265867 0.751520 0.314528 0.659574 0.339563 0.601064 0.339915 0.560030 0.326869 0.541793 0.309944 0.528875
0 0.385402 0.564590 0.374824 0.586626 0.369535 0.631459 0.363540 0.712006 0.359661 0.793313 0.363540 0.825228 0.377997 0.819909 0.392454 0.726444 0.401622 0.624620 0.407264 0.581307 0.404090 0.566109 0.391396 0.561550
0 0.412553 0.561550 0.400212 0.572188 0.398449 0.652736 0.400564 0.734802 0.389633 0.816109 0.398096 0.844985 0.413963 0.808511 0.422073 0.705927 0.424894 0.623100 0.433357 0.588906 0.430889 0.573708 0.423836 0.554711
0 0.427010 0.569149 0.424894 0.606383 0.421721 0.720365 0.433357 0.840426 0.440409 0.863982 0.452398 0.857903 0.457334 0.802432 0.455924 0.692249 0.457687 0.634498 0.451693 0.575988 0.444993 0.550912 0.433709 0.554711
0 0.452045 0.552432 0.449577 0.561550 0.455571 0.624620 0.461213 0.759878 0.464034 0.812310 0.473554 0.825228 0.482722 0.813070 0.479549 0.706687 0.473554 0.628419 0.473554 0.582827 0.474612 0.555471 0.466150 0.545593
0 0.475317 0.551672 0.474612 0.566109 0.474612 0.669453 0.482722 0.794073 0.488717 0.805471 0.496121 0.804711 0.497884 0.727964 0.491537 0.612462 0.495416 0.556231 0.490480 0.545593
0 0.507405 0.551672 0.496474 0.551672 0.491185 0.553951 0.488011 0.566869 0.491537 0.591185 0.492243 0.670973 0.495769 0.762158 0.502821 0.783435 0.516573 0.772036 0.511283 0.697568 0.510578 0.607903 0.510931 0.570669
0 0.515515 0.539514 0.504937 0.548632 0.509873 0.620821 0.511636 0.743921 0.514457 0.779635 0.527856 0.800912 0.538434 0.790274 0.534908 0.720365 0.530677 0.642857 0.531030 0.598784 0.534908 0.557751 0.533498 0.545593 0.526798 0.537994
0 0.539140 0.547872 0.531030 0.550152 0.527504 0.579027 0.529619 0.667173 0.535966 0.767477 0.545134 0.819909 0.547602 0.841185 0.555007 0.837386 0.561001 0.763678 0.559944 0.671733 0.561707 0.569909 0.559591 0.553951 0.551481 0.547112
