0 0.472621 0.335866 0.469541 0.368541 0.467488 0.403495 0.464750 0.449088 0.461670 0.485562 0.459617 0.515957 0.463723 0.546353 0.478439 0.553191 0.489049 0.540274 0.491102 0.515957 0.491102 0.470365 0.489049 0.424772 0.489049 0.366261 0.489049 0.342705 0.489049 0.307751 0.475359 0.303191
0 0.452088 0.297112 0.445927 0.472644 0.445927 0.494681 0.445927 0.529635 0.452772 0.544833 0.463723 0.533435 0.468515 0.507599 0.465777 0.457447 0.462697 0.408055 0.463723 0.360182 0.469541 0.290274
0 0.432238 0.312310 0.435318 0.351064 0.436345 0.403495 0.433265 0.438450 0.431554 0.481763 0.431554 0.535714 0.435318 0.550912 0.445927 0.512158 0.445927 0.479483 0.445927 0.449088 0.445927 0.375380 0.447981 0.305471
0 0.407940 0.316869 0.408966 0.340426 0.408966 0.390578 0.408966 0.439970 0.408966 0.462006 0.407940 0.496960 0.409993 0.535714 0.416838 0.550912 0.426420 0.548632 0.435318 0.537994 0.437372 0.514438 0.436345 0.485562 0.432238 0.457447 0.430527 0.408055 0.430527 0.351064 0.430527 0.303191
0 0.390486 0.322948 0.390486 0.342705 0.390486 0.377660 0.390486 0.423252 0.389459 0.462006 0.388433 0.479483 0.387406 0.507599 0.387406 0.537994 0.395277 0.557751 0.408966 0.560030 0.418549 0.540274 0.417864 0.505319 0.412731 0.472644 0.408966 0.424772 0.406913 0.351064 0.406913 0.312310
0 0.365845 0.325228 0.364819 0.353343 0.364819 0.396657 0.364134 0.427052 0.361054 0.464286 0.357974 0.494681 0.356263 0.514438 0.363107 0.546353 0.374743 0.560030 0.389459 0.557751 0.395277 0.542553 0.396304 0.512158 0.393224 0.446809 0.391513 0.409574 0.391513 0.353343 0.391513 0.307751
0 0.336413 0.318389 0.334702 0.329787 0.328884 0.373100 0.324778 0.392857 0.322040 0.429331 0.319986 0.455167 0.317933 0.481763 0.317933 0.507599 0.326831 0.527356 0.337440 0.533435 0.347365 0.540274 0.356263 0.537994 0.360027 0.518237 0.360027 0.481763 0.360027 0.431611 0.361054 0.386018 0.364819 0.347264 0.366872 0.320669
0 0.503765 0.305471 0.501711 0.332067 0.494867 0.386018 0.493840 0.420973 0.488022 0.494681 0.486311 0.529635 0.501711 0.546353 0.511636 0.546353 0.517454 0.540274 0.517454 0.520517 0.520534 0.490122 0.519507 0.457447 0.516427 0.416413 0.516427 0.381459 0.520534 0.310030
0 0.528063 0.297112 0.526352 0.320669 0.524298 0.340426 0.520534 0.379179 0.523272 0.505319 0.528063 0.533435 0.537988 0.542553 0.545859 0.518237 0.541752 0.487842 0.541068 0.464286 0.541068 0.408055 0.540041 0.381459 0.541068 0.333587
0 0.543806 0.310030 0.543806 0.333587 0.542779 0.368541 0.540041 0.405775 0.539014 0.439970 0.536961 0.485562 0.536961 0.515957 0.544832 0.537994 0.552704 0.542553 0.560575 0.522796 0.558522 0.481763 0.557495 0.455167 0.557495 0.383739 0.557495 0.310030
0 0.569131 0.307751 0.566393 0.344985 0.563313 0.386018 0.561602 0.414134 0.561602 0.446809 0.559548 0.485562 0.559548 0.522796 0.563313 0.535714 0.577002 0.542553 0.592745 0.522796 0.592745 0.479483 0.589665 0.439970 0.586927 0.368541 0.583847 0.301672
0 0.592745 0.301672 0.588980 0.347264 0.584873 0.396657 0.584873 0.444529 0.584873 0.487842 0.584873 0.525076 0.598563 0.540274 0.609514 0.533435 0.614305 0.503040 0.612252 0.464286 0.608487 0.409574 0.606434 0.340426
0 0.634839 0.335866 0.630732 0.381459 0.630048 0.420973 0.626968 0.492401 0.629021 0.529635 0.652293 0.520517 0.671116 0.494681 0.667009 0.444529 0.665982 0.401216 0.663244 0.362462 0.660164 0.316869 0.635866 0.307751
0 0.506845 0.761398 0.494867 0.677052 0.492129 0.601064 0.496920 0.583587 0.508556 0.579027 0.512663 0.616261 0.511636 0.661854 0.518480 0.768237 0.517454 0.794073 0.506845 0.798632
0 0.534223 0.798632 0.535934 0.765957 0.534908 0.724924 0.532170 0.692249 0.532170 0.664134 0.534223 0.636018 0.534223 0.601064 0.527379 0.579027 0.513689 0.579027 0.511636 0.596505 0.512663 0.633739 0.513689 0.657295 0.513689 0.683891 0.515400 0.722644 0.517454 0.759119 0.519507 0.783435
0 0.550650 0.804711 0.550650 0.787994 0.551677 0.700608 0.554757 0.620821 0.554757 0.594225 0.547912 0.577508 0.540041 0.570669 0.532170 0.592705 0.532170 0.609422 0.535934 0.681611 0.535934 0.713526 0.535934 0.755319 0.540041 0.798632
0 0.568446 0.804711 0.568446 0.783435 0.563313 0.746201 0.561602 0.724924 0.559548 0.692249 0.556468 0.636018 0.556468 0.609422 0.555441 0.577508 0.560575 0.557751 0.575975 0.563830 0.580082 0.590426 0.580082 0.623100 0.580082 0.661854 0.579055 0.727204 0.579055 0.765957
0 0.597536 0.774316 0.593771 0.759119 0.582136 0.718085 0.578029 0.674772 0.578029 0.644377 0.579055 0.609422 0.582136 0.575228 0.590691 0.563830 0.598563 0.572948 0.603354 0.592705 0.604381 0.642097 0.603354 0.685410 0.603354 0.731003
0 0.693361 0.712006 0.669062 0.700608 0.662218 0.685410 0.654346 0.666413 0.646475 0.644377 0.637577 0.626900 0.625941 0.607903 0.622177 0.579027 0.626968 0.566109 0.638604 0.553191 0.647502 0.544833 0.659138 0.563830 0.669062 0.598784 0.676934 0.626900 0.688569 0.655015 0.696441 0.674772
0 0.716975 0.664134 0.702259 0.661854 0.689596 0.638298 0.679671 0.603343 0.671116 0.581307 0.655373 0.544833 0.679671 0.514438 0.694387 0.494681 0.709103 0.522796 0.712183 0.550912 0.718001 0.581307 0.727584 0.616261 0.738535 0.655015 0.730664 0.679331
0 0.494867 0.774316 0.493840 0.727204 0.493155 0.687690 0.490075 0.642097 0.490075 0.601064 0.479466 0.590426 0.473306 0.607903 0.475359 0.655015 0.477413 0.692249 0.479466 0.746201 0.481177 0.783435
0 0.471595 0.789514 0.472621 0.768237 0.473306 0.705167 0.474333 0.674772 0.472621 0.624620 0.472621 0.596505 0.461670 0.577508 0.452772 0.592705 0.455852 0.626900 0.457906 0.659574 0.457906 0.707447 0.456879 0.753040 0.456879 0.787994
0 0.452772 0.785714 0.452772 0.763678 0.453799 0.715805 0.454825 0.664134 0.455852 0.611702 0.452772 0.583587 0.435318 0.590426 0.434292 0.620821 0.435318 0.666413 0.435318 0.712006 0.434292 0.759119 0.434292 0.798632 0.445243 0.804711
0 0.430527 0.791793 0.430527 0.753040 0.432238 0.707447 0.435318 0.661854 0.436345 0.626900 0.434292 0.596505 0.424709 0.588146 0.417864 0.607903 0.417864 0.639818 0.417864 0.679331 0.417864 0.715805 0.414784 0.763678 0.413758 0.803191
0 0.404860 0.789514 0.414784 0.731003 0.416838 0.692249 0.416838 0.664134 0.417864 0.633739 0.419576 0.603343 0.414784 0.585866 0.404175 0.581307 0.394251 0.598784 0.393224 0.616261 0.396304 0.638298 0.397331 0.674772 0.397331 0.705167 0.397331 0.746201 0.392197 0.770517
0 0.322724 0.761398 0.335729 0.731003 0.345311 0.698328 0.353183 0.668693 0.362081 0.636018 0.371663 0.611702 0.370979 0.592705 0.360027 0.581307 0.343258 0.566109 0.332649 0.561550 0.319986 0.642097 0.313142 0.670213 0.296372 0.698328 0.296372 0.713526 0.298426 0.743921 0.308350 0.757599
0 0.272074 0.707447 0.280972 0.694529 0.292608 0.670213 0.300479 0.646657 0.307324 0.629179 0.316906 0.611702 0.326831 0.598784 0.335729 0.570669 0.323751 0.546353 0.314168 0.535714 0.301506 0.522796 0.291581 0.531155 0.288501 0.550912 0.283710 0.568389 0.274127 0.603343 0.262149 0.631459 0.248460 0.653495 0.246749 0.672492 0.261123 0.712006
