0 0.458333 0.536474 0.477778 0.541033 0.491667 0.534954 0.492361 0.463526 0.479167 0.272796 0.455208 0.271277 0.458333 0.448328
0 0.427778 0.482523 0.428472 0.531155 0.446181 0.544833 0.455556 0.541033 0.460764 0.518237 0.460069 0.457447 0.452431 0.246201 0.438542 0.250760 0.433681 0.436930
0 0.397569 0.497720 0.409722 0.547872 0.420486 0.561550 0.428472 0.537994 0.433681 0.528116 0.432986 0.443769 0.427431 0.250760 0.408333 0.256079 0.404514 0.421733 0.398958 0.482523
0 0.379167 0.478723 0.382986 0.548632 0.393056 0.566869 0.409028 0.558511 0.410069 0.509119 0.408333 0.448328 0.403819 0.267477 0.387500 0.272796 0.384375 0.433131
0 0.294792 0.462006 0.293403 0.518237 0.304167 0.546353 0.322917 0.554711 0.333333 0.561550 0.344444 0.533435 0.338194 0.470365 0.331944 0.421733 0.300347 0.296353 0.283333 0.313070 0.290972 0.434650
0 0.490278 0.528116 0.529514 0.528116 0.525000 0.458967 0.529514 0.283435 0.504861 0.279635 0.494792 0.443769
0 0.523958 0.478723 0.529514 0.541793 0.549653 0.548632 0.556597 0.463526 0.556597 0.268237 0.535764 0.262918 0.529514 0.427052
0 0.542014 0.478723 0.553472 0.547872 0.577431 0.548632 0.581944 0.500760 0.580556 0.439970 0.583681 0.265957 0.567361 0.260638 0.549653 0.445289
0 0.657639 0.450608 0.648958 0.487842 0.647569 0.529635 0.661458 0.544833 0.673611 0.537994 0.682292 0.525836 0.697569 0.503040 0.694792 0.453647 0.702431 0.340426 0.669792 0.352584
0 0.525000 0.565350 0.542708 0.569909 0.530208 0.830547 0.521875 0.835106
0 0.535069 0.651216 0.540972 0.591945 0.545833 0.569909 0.562847 0.578267 0.565972 0.604103 0.562500 0.673252 0.544097 0.838146 0.531250 0.833587
0 0.565625 0.674772 0.562847 0.586626 0.579861 0.583587 0.590278 0.612462 0.590625 0.684650 0.579861 0.793313 0.565625 0.794833
0 0.679861 0.647416 0.672222 0.598784 0.676042 0.572188 0.697917 0.568389 0.709375 0.576748 0.717708 0.605623 0.759375 0.659574 0.740278 0.727204 0.705556 0.683131
0 0.474653 0.572188 0.496181 0.580547 0.496181 0.804711 0.477083 0.799392
0 0.455208 0.569909 0.474653 0.568389 0.484028 0.819909 0.463194 0.814590
0 0.430903 0.686930 0.430556 0.594225 0.443056 0.575228 0.452431 0.582067 0.458333 0.610942 0.465278 0.684650 0.468403 0.870821 0.441319 0.872340
0 0.410069 0.718845 0.403125 0.673252 0.404514 0.591945 0.410069 0.586626 0.425347 0.591945 0.429861 0.632219 0.432986 0.696809 0.434722 0.752280 0.420486 0.868541 0.409028 0.848784
0 0.262500 0.724164 0.311111 0.659574 0.318750 0.656535 0.323611 0.601824 0.320486 0.566869 0.292708 0.546353 0.278125 0.587386 0.238542 0.636018
