0 0.519150 0.537234 0.520543 0.575133 0.487813 0.575798 0.479109 0.565824 0.483287 0.497340 0.483983 0.362367 0.483983 0.316489 0.496518 0.311170 0.517061 0.356383
0 0.438022 0.515957 0.442201 0.537234 0.457869 0.577128 0.473886 0.565824 0.480850 0.523936 0.472841 0.469415 0.466922 0.392952 0.460655 0.349734 0.447772 0.322473 0.435585 0.321144 0.421657 0.355718 0.437326 0.416223
0 0.407730 0.505319 0.405641 0.545213 0.410167 0.569149 0.427577 0.572473 0.439763 0.553856 0.436978 0.509309 0.432103 0.448803 0.429318 0.400931 0.423398 0.354388 0.412604 0.337766 0.401462 0.361037 0.400766 0.422207
0 0.373607 0.517287 0.372563 0.551862 0.377786 0.570479 0.403900 0.570479 0.412604 0.555186 0.409123 0.522606 0.401462 0.485372 0.397284 0.426197 0.390320 0.363032 0.385097 0.344415 0.378830 0.339761 0.367688 0.354388 0.369081 0.392952
0 0.316156 0.523936 0.315111 0.545878 0.318593 0.575133 0.339485 0.588431 0.355153 0.585771 0.371866 0.565824 0.369081 0.512633 0.369081 0.466090 0.369429 0.426197 0.369429 0.397606 0.364206 0.374335 0.350975 0.356383 0.331825 0.349734 0.311978 0.377660 0.313370 0.397606 0.318942 0.422207
0 0.275418 0.511968 0.263231 0.547207 0.268106 0.579122 0.297702 0.590426 0.315460 0.573803 0.320334 0.541888 0.316852 0.513963 0.312674 0.454122 0.315111 0.416223 0.310933 0.385638 0.303273 0.361037 0.291783 0.356383 0.276811 0.366356 0.264972 0.399601 0.271936 0.440824
0 0.521588 0.535904 0.519847 0.575798 0.538301 0.581782 0.558844 0.572473 0.560933 0.560505 0.556407 0.455452 0.557103 0.377660 0.557103 0.344415 0.548398 0.316489 0.536212 0.323138 0.533078 0.355718
0 0.560933 0.501995 0.557451 0.519282 0.560585 0.551862 0.565111 0.571809 0.584262 0.571809 0.586003 0.530585 0.586003 0.490691 0.583217 0.468750 0.587047 0.380984 0.580780 0.332447 0.569638 0.332447 0.561630 0.369016
0 0.590529 0.500665 0.584958 0.529255 0.588788 0.568484 0.609680 0.572473 0.621866 0.548537 0.621518 0.507314 0.625000 0.444149 0.629526 0.387633 0.634749 0.352394 0.636490 0.325798 0.627786 0.317819 0.607939 0.335771 0.601671 0.369016
0 0.617340 0.497340 0.609331 0.533910 0.613162 0.555851 0.626741 0.555851 0.634749 0.573803 0.648677 0.567154 0.652159 0.532580 0.649373 0.470745 0.653900 0.420878 0.660864 0.356383 0.651114 0.325798 0.630571 0.346410 0.622563 0.390957
0 0.646240 0.513963 0.641713 0.529255 0.644499 0.565824 0.658078 0.570479 0.675487 0.579122 0.681755 0.561835 0.682451 0.521941 0.679318 0.469415 0.684192 0.408910 0.691504 0.374335 0.692897 0.349069 0.688719 0.324468 0.680014 0.322473 0.670265 0.347739 0.653900 0.419548
0 0.678969 0.527261 0.672354 0.549202 0.682451 0.578457 0.705432 0.578457 0.718315 0.582447 0.735724 0.561835 0.732242 0.521941 0.726323 0.492686 0.731546 0.414229 0.731198 0.372340 0.721100 0.342420 0.708565 0.333112 0.689763 0.349734 0.684540 0.379654 0.684540 0.419548 0.689763 0.468750
0 0.730501 0.510638 0.730501 0.527261 0.736421 0.569149 0.757660 0.578457 0.773329 0.578457 0.785167 0.552527 0.785167 0.509309 0.774025 0.486037 0.773329 0.426197 0.778203 0.386303 0.775766 0.369681 0.754875 0.344415 0.741992 0.346410 0.729805 0.372340 0.734680 0.418883 0.735724 0.497340
0 0.522284 0.591755 0.522632 0.638298 0.522632 0.671543 0.521588 0.730053 0.524025 0.783245 0.532033 0.793218 0.544220 0.744681 0.545961 0.635638 0.547702 0.603723 0.537953 0.585106
0 0.545961 0.585771 0.543524 0.605718 0.544916 0.641622 0.544916 0.708112 0.544220 0.745346 0.543175 0.779920 0.551880 0.801197 0.563370 0.791888 0.567549 0.748670 0.571379 0.642287 0.575557 0.588431 0.564415 0.577128
0 0.565111 0.595745 0.567897 0.635638 0.574513 0.690160 0.572772 0.731383 0.571031 0.771277 0.572075 0.798537 0.582521 0.813165 0.595752 0.801862 0.600627 0.736702 0.599930 0.658245 0.603412 0.605053 0.597145 0.581782 0.583565 0.577128
0 0.599930 0.607048 0.595404 0.622340 0.595404 0.654920 0.600975 0.704787 0.599234 0.761968 0.603412 0.794548 0.613162 0.816489 0.623607 0.821809 0.635446 0.811170 0.636490 0.784574 0.630571 0.754654 0.627089 0.706782 0.627089 0.668883 0.629526 0.641622 0.630571 0.617021 0.627786 0.605718 0.613858 0.591755 0.605153 0.595080
0 0.623607 0.602394 0.619777 0.615027 0.625000 0.656915 0.634053 0.722074 0.635794 0.741356 0.641713 0.779920 0.646936 0.801862 0.655641 0.819814 0.666086 0.829787 0.677228 0.829787 0.682451 0.813165 0.677577 0.779920 0.661908 0.716755 0.661560 0.661569 0.660864 0.615027 0.653203 0.595745 0.643454 0.589096
0 0.656337 0.598404 0.652159 0.612367 0.655641 0.651596 0.665042 0.695479 0.666086 0.720080 0.670613 0.761303 0.682799 0.805186 0.687674 0.817819 0.702646 0.825133 0.719359 0.825133 0.732939 0.809840 0.738510 0.789894 0.738510 0.748670 0.714136 0.676862 0.712047 0.660239 0.712047 0.636968 0.713092 0.602394 0.708565 0.597074 0.693245 0.592420 0.674791 0.593750 0.662604 0.597074
0 0.713788 0.601729 0.708914 0.609043 0.703343 0.633644 0.714833 0.663564 0.724234 0.685505 0.745474 0.744681 0.760097 0.773271 0.779944 0.795213 0.799443 0.798537 0.806058 0.754654 0.800139 0.703457 0.781685 0.671543 0.776462 0.658245 0.771240 0.631649 0.762535 0.589096 0.753134 0.581782 0.729805 0.585106
0 0.500696 0.581782 0.497214 0.585106 0.500000 0.640293 0.497911 0.714761 0.499652 0.751330 0.504178 0.784574 0.513579 0.801197 0.525070 0.794548 0.522284 0.690160 0.524025 0.608378 0.520891 0.580452 0.507660 0.571809
0 0.469359 0.608378 0.472841 0.671543 0.471797 0.735372 0.470404 0.777926 0.472841 0.809840 0.486769 0.818484 0.499652 0.779920 0.499652 0.670213 0.500000 0.597074 0.493036 0.582447 0.475279 0.575798
0 0.440808 0.605053 0.443245 0.668218 0.444986 0.753324 0.444986 0.777926 0.444986 0.821809 0.457173 0.836436 0.470404 0.829787 0.473538 0.738697 0.473538 0.622340 0.471100 0.595080 0.463440 0.583777 0.452646 0.582447
0 0.410864 0.605718 0.410864 0.642287 0.417131 0.698803 0.415390 0.738697 0.407730 0.777926 0.405641 0.819814 0.412953 0.838431 0.428621 0.834441 0.440460 0.786569 0.444986 0.712101 0.444986 0.645612 0.444290 0.611702 0.435237 0.595080 0.430362 0.592420
0 0.379526 0.609043 0.376045 0.618351 0.380571 0.670213 0.377089 0.774601 0.374304 0.798537 0.369081 0.825133 0.371170 0.855053 0.389276 0.855053 0.402507 0.801862 0.412604 0.681516 0.421309 0.625665 0.416086 0.600399 0.402507 0.595080 0.385794 0.600399
0 0.327298 0.625665 0.327298 0.673537 0.319638 0.704787 0.304666 0.765293 0.299443 0.799867 0.302925 0.836436 0.330780 0.849734 0.352716 0.833112 0.372563 0.748670 0.376393 0.671543 0.385097 0.622340 0.374652 0.610372 0.353760 0.608378
0 0.278900 0.591755 0.273677 0.612367 0.269847 0.651596 0.254178 0.702128 0.242340 0.736702 0.244777 0.798537 0.271588 0.801862 0.298050 0.756649 0.316852 0.688830 0.334262 0.641622 0.330084 0.612367 0.317201 0.598404 0.298050 0.588431 0.287604 0.588431
