0 0.454208 0.488602 0.452856 0.555471 0.457249 0.565350 0.475498 0.562310 0.481920 0.551672 0.480906 0.461246 0.480906 0.370821 0.480906 0.321429 0.478878 0.261398 0.474485 0.238602 0.465698 0.241641 0.460629 0.303191 0.456911 0.389818
0 0.434268 0.498480 0.436634 0.549392 0.442041 0.566869 0.452518 0.560030 0.457925 0.490881 0.460629 0.337386 0.461304 0.291793 0.460291 0.249240 0.450490 0.246201 0.443731 0.283435
0 0.415005 0.507599 0.419736 0.559271 0.429537 0.574468 0.444069 0.525076 0.438662 0.412614 0.439676 0.319909 0.438662 0.289514 0.434268 0.247720 0.426495 0.237842 0.415681 0.253799 0.415005 0.314590
0 0.397432 0.508359 0.400473 0.561550 0.409260 0.573708 0.424468 0.540274 0.429875 0.509878 0.427509 0.469605 0.422440 0.395137 0.422440 0.325228 0.421426 0.299392 0.413653 0.258359 0.405542 0.248480 0.397094 0.267477 0.398107 0.354103
0 0.378844 0.495441 0.376479 0.534954 0.386279 0.563830 0.408922 0.539514 0.413315 0.477204 0.409936 0.287234 0.405542 0.256079 0.397432 0.226444 0.386279 0.234043 0.383238 0.281915
0 0.357215 0.476444 0.353836 0.515957 0.358229 0.547872 0.376141 0.551672 0.391010 0.512918 0.391686 0.449848 0.387293 0.386018 0.385265 0.347264 0.381886 0.314590 0.376479 0.299392 0.366678 0.285714 0.354512 0.278116 0.348429 0.287994 0.346739 0.324468 0.356877 0.392857
0 0.321054 0.439210 0.315309 0.488602 0.321730 0.511398 0.341332 0.523556 0.356539 0.522796 0.360257 0.463526 0.361947 0.388298 0.359243 0.338906 0.355863 0.303191 0.342345 0.280395 0.334235 0.284954 0.326462 0.324468 0.321054 0.420213
0 0.294694 0.261398 0.302129 0.341185 0.312944 0.386018 0.329503 0.408055 0.352146 0.385258 0.355526 0.336626 0.347077 0.297872 0.333897 0.229483 0.325448 0.196809 0.303819 0.185410 0.289287 0.209726
0 0.478878 0.490881 0.481244 0.547872 0.492058 0.560030 0.507604 0.552432 0.514025 0.518237 0.511321 0.413374 0.511321 0.343465 0.510645 0.294833 0.504224 0.258359 0.493410 0.268237 0.486313 0.349544
0 0.511997 0.487842 0.510645 0.537234 0.516053 0.556991 0.529233 0.550152 0.534302 0.471884 0.532612 0.373860 0.532612 0.326748 0.532612 0.273556 0.526191 0.238602 0.517067 0.262918 0.510645 0.336626
0 0.528895 0.481763 0.526867 0.506079 0.530923 0.547112 0.543427 0.556991 0.555255 0.534954 0.557283 0.441489 0.552214 0.338906 0.552889 0.285714 0.550862 0.249240 0.538020 0.251520 0.530923 0.321429
0 0.548496 0.484043 0.549510 0.519757 0.548496 0.543313 0.562014 0.552432 0.575194 0.537994 0.580264 0.486322 0.577898 0.408055 0.574856 0.349544 0.574856 0.314590 0.570801 0.265957 0.566408 0.248480 0.560662 0.249240 0.553903 0.301672
0 0.590402 0.463526 0.588712 0.507599 0.593444 0.541793 0.608990 0.553191 0.625887 0.543313 0.632308 0.528116 0.625211 0.491641 0.627577 0.427052 0.631294 0.359422 0.631294 0.329027 0.630618 0.290274 0.621832 0.267477 0.608652 0.284954 0.594796 0.360942
0 0.627239 0.468845 0.629605 0.522796 0.634674 0.539514 0.646840 0.529635 0.660696 0.520517 0.662386 0.495441 0.659006 0.429331 0.652585 0.339666 0.648868 0.283435 0.642447 0.247720 0.635012 0.238602 0.628591 0.272796
0 0.633660 0.551672 0.629267 0.566869 0.633660 0.628419 0.659006 0.694529 0.677256 0.748480 0.698209 0.757599 0.706996 0.680091 0.688070 0.601824 0.672187 0.537234 0.661372 0.523556
0 0.529233 0.575228 0.523488 0.588906 0.526191 0.649696 0.530923 0.737842 0.533626 0.789514 0.541399 0.819909 0.553227 0.807751 0.553903 0.675532 0.552889 0.585866 0.544441 0.567629
0 0.514701 0.581307 0.508280 0.579787 0.505238 0.591945 0.509632 0.663374 0.511321 0.733283 0.511659 0.794833 0.518080 0.829787 0.527881 0.824468 0.531261 0.756079 0.526867 0.641337 0.526191 0.585866 0.523826 0.579027
0 0.495100 0.575228 0.489692 0.574468 0.487665 0.601064 0.490030 0.682371 0.496452 0.773556 0.498817 0.825228 0.508280 0.819149 0.512673 0.763678 0.510308 0.649696 0.507604 0.588906 0.504224 0.573708
0 0.479216 0.579027 0.471105 0.581307 0.470091 0.598784 0.473809 0.696809 0.477526 0.789514 0.483271 0.814590 0.491720 0.801672 0.496452 0.743161 0.493072 0.637538 0.490706 0.588906 0.484285 0.573708
0 0.462656 0.575228 0.453870 0.575228 0.452856 0.635258 0.452856 0.731003 0.455897 0.810030 0.464684 0.824468 0.472457 0.822188 0.478878 0.787994 0.473809 0.662614 0.472795 0.591945 0.470429 0.577508
0 0.443055 0.566869 0.428861 0.584347 0.429875 0.631459 0.428861 0.686930 0.428523 0.757599 0.444069 0.811550 0.453870 0.811550 0.455897 0.755319 0.456235 0.638298 0.458601 0.585866 0.451504 0.571429
0 0.424130 0.569909 0.417709 0.585866 0.409260 0.613982 0.408246 0.677052 0.416019 0.758359 0.423116 0.792553 0.432917 0.787994 0.438662 0.733283 0.437310 0.611702 0.435620 0.588906 0.429537 0.575228
0 0.325448 0.531155 0.314295 0.537994 0.303481 0.594225 0.282528 0.692249 0.278135 0.723404 0.280838 0.758359 0.305509 0.770517 0.351470 0.633739 0.365326 0.579027 0.363636 0.552432 0.357891 0.543313 0.339642 0.535714
