0 0.491361 0.578267 0.493521 0.600304 0.493521 0.640578 0.497120 0.772036 0.528078 0.770517 0.512239 0.636778 0.511159 0.599544 0.507559 0.573708
0 0.508639 0.571429 0.510799 0.599544 0.512599 0.637538 0.529518 0.803191 0.559755 0.786474 0.532037 0.636018 0.531317 0.570669
0 0.531317 0.569149 0.531677 0.639058 0.570554 0.847264 0.604032 0.810790 0.575234 0.717325 0.562635 0.636778 0.557955 0.603343 0.548596 0.563830
0 0.548596 0.563070 0.569114 0.535714 0.574874 0.541793 0.578474 0.561550 0.584233 0.586626 0.587113 0.610182 0.619150 0.807751 0.595392 0.817629 0.562635 0.630699 0.558315 0.599544 0.556515 0.575228
0 0.573794 0.535714 0.581353 0.573708 0.586753 0.597264 0.598272 0.677812 0.611591 0.745441 0.624550 0.770517 0.641469 0.727964 0.628150 0.703647 0.617711 0.661854 0.615191 0.614742 0.609791 0.580547 0.602232 0.539514 0.598632 0.515198
0 0.597912 0.519757 0.637869 0.502280 0.639309 0.512158 0.648308 0.515198 0.649028 0.534954 0.649028 0.557751 0.653348 0.577508 0.682865 0.713526 0.636789 0.736322 0.628870 0.699848 0.620590 0.677812 0.618071 0.647416 0.618431 0.626140 0.615191 0.601824 0.610511 0.585866 0.606911 0.564590 0.604032 0.547112
0 0.637509 0.487842 0.680346 0.463526 0.722462 0.722644 0.690425 0.743921 0.649748 0.566109 0.647588 0.535714 0.641469 0.526596 0.638229 0.520517 0.637509 0.507599 0.637869 0.500760
0 0.476602 0.581307 0.493521 0.581307 0.493880 0.599544 0.497120 0.777356 0.471562 0.770517 0.477322 0.632219
0 0.461123 0.577508 0.476242 0.579787 0.476962 0.633739 0.472642 0.801672 0.448884 0.794073 0.459323 0.631459 0.458963 0.613222 0.459323 0.597264 0.457523 0.583587
0 0.441325 0.572948 0.457523 0.575988 0.458603 0.597264 0.460403 0.617781 0.459323 0.626140 0.458243 0.645137 0.448164 0.798632 0.415047 0.789514 0.435565 0.617781 0.438085 0.591185
0 0.414687 0.551672 0.443485 0.566109 0.439165 0.593465 0.434125 0.630699 0.418287 0.811550 0.383369 0.784195
0 0.411087 0.527356 0.368611 0.813830 0.305616 0.728723 0.323974 0.670213 0.332253 0.650456 0.337653 0.638298 0.341973 0.625380 0.346292 0.620061 0.350252 0.613222 0.353492 0.605623 0.354932 0.597264 0.355652 0.585866 0.356012 0.570669 0.356371 0.560790 0.357451 0.552432 0.357451 0.543313 0.357451 0.528116 0.358171 0.520517 0.361411 0.517477 0.367531 0.512918 0.371130 0.507599 0.377970 0.506079 0.389489 0.509878 0.399568 0.513678 0.408207 0.521277
0 0.321094 0.462766 0.375450 0.496960 0.371130 0.521277 0.367531 0.531155 0.367531 0.535714 0.365011 0.547112 0.361771 0.562310 0.357811 0.568389 0.355652 0.572188 0.353132 0.580547 0.351332 0.594225 0.348452 0.607143 0.339813 0.632219 0.333333 0.643617 0.327214 0.651216 0.323974 0.665653 0.322894 0.677812 0.316415 0.694529 0.310295 0.707447 0.307055 0.723404 0.301656 0.729483 0.284017 0.700608 0.294456 0.647416 0.302016 0.615502 0.308495 0.546353
0 0.256659 0.508359 0.276458 0.518997 0.301296 0.533435 0.306695 0.557751 0.301296 0.606383 0.289777 0.664894 0.275378 0.736322 0.268539 0.757599 0.236861 0.731003 0.223542 0.678571
