0 0.494421 0.596410 0.529986 0.592420 0.529986 0.525931 0.518480 0.352394 0.498954 0.357713 0.491283 0.522606
0 0.462343 0.581782 0.493375 0.590426 0.497211 0.505984 0.494421 0.354388 0.472106 0.363697 0.472106 0.424202 0.465132 0.446809 0.464086 0.515293
0 0.426081 0.566489 0.449093 0.611037 0.469665 0.573803 0.447350 0.330452 0.427824 0.332447 0.428870 0.515293
0 0.389121 0.575798 0.431660 0.590426 0.437587 0.555851 0.429916 0.511303 0.415272 0.365691 0.397838 0.369016 0.395049 0.513298 0.391213 0.529920
0 0.300907 0.551862 0.353208 0.573803 0.362971 0.515293 0.357392 0.487367 0.354254 0.456117 0.357392 0.424202 0.349372 0.352394 0.315551 0.367021 0.308926 0.440824 0.313808 0.496676 0.305788 0.498670
0 0.260460 0.527926 0.297071 0.557181 0.311715 0.531915 0.315551 0.383644 0.293236 0.387633
0 0.528591 0.590426 0.553696 0.599734 0.564505 0.579787 0.568340 0.531915 0.565551 0.515293 0.571130 0.448803 0.567294 0.347074 0.552999 0.349069 0.535565 0.459441 0.529637 0.515293
0 0.560669 0.572473 0.577057 0.592420 0.595537 0.568484 0.594491 0.509309 0.592748 0.424202 0.587866 0.409574 0.587866 0.371011 0.573222 0.365691 0.566597 0.424202 0.566597 0.518617
0 0.591353 0.568484 0.605300 0.603723 0.625523 0.575798 0.624477 0.507314 0.616806 0.352394 0.597280 0.352394 0.596583 0.463431
0 0.617852 0.585106 0.642957 0.598404 0.658298 0.585106 0.650628 0.374335 0.633194 0.371011
0 0.652720 0.589096 0.710600 0.575798 0.701883 0.494681 0.706067 0.394947 0.651674 0.396941 0.656555 0.520612 0.648884 0.523936
0 0.700139 0.559176 0.721409 0.575798 0.738842 0.563165 0.755230 0.546543 0.752441 0.492686 0.747559 0.485372 0.741632 0.382314 0.708856 0.382314 0.702929 0.476064 0.706067 0.485372
0 0.525802 0.613697 0.554393 0.609043 0.558577 0.810505 0.542190 0.815824
0 0.552650 0.621676 0.567294 0.607048 0.584379 0.613697 0.586123 0.813830 0.567294 0.817154
0 0.577406 0.636968 0.591353 0.592420 0.613668 0.610372 0.630753 0.837101 0.606695 0.848404 0.596583 0.761303
0 0.607741 0.617021 0.648884 0.607048 0.655858 0.712101 0.669456 0.803856 0.651674 0.815824 0.631799 0.735372 0.607741 0.639628
0 0.639470 0.615027 0.655858 0.597074 0.701534 0.593750 0.705021 0.677527 0.736053 0.754654 0.672245 0.810505 0.655858 0.687500
0 0.692120 0.597074 0.740237 0.565824 0.752441 0.599069 0.756625 0.638298 0.792887 0.725399 0.743724 0.771277 0.724895 0.732048 0.709205 0.662899
0 0.738494 0.579787 0.748954 0.545213 0.762552 0.543883 0.769526 0.533910 0.786611 0.527261 0.804045 0.581782 0.839958 0.656915 0.813459 0.711436 0.774756 0.647606 0.762552 0.627660
0 0.529289 0.609707 0.499303 0.613032 0.512204 0.819814 0.529289 0.819814
0 0.473501 0.613032 0.508717 0.607713 0.496513 0.817819 0.476639 0.814495
0 0.443166 0.621011 0.463040 0.597739 0.480126 0.621011 0.480126 0.660239 0.474198 0.694814 0.461994 0.841090 0.442469 0.842420 0.437238 0.752660
0 0.405160 0.619681 0.432008 0.606383 0.450139 0.632314 0.437238 0.684840 0.424338 0.749335 0.395049 0.821144 0.376220 0.808511 0.399233 0.709441
0 0.351813 0.585106 0.367503 0.585106 0.414923 0.606383 0.405160 0.656915 0.395049 0.675532 0.388075 0.714761 0.362971 0.808511 0.307880 0.755984 0.343445 0.650931 0.343445 0.637633
0 0.304742 0.563830 0.358089 0.588431 0.348326 0.632314 0.332985 0.668883 0.319386 0.736037 0.287308 0.777261 0.251046 0.734043 0.290795 0.630984
0 0.253835 0.539229 0.264993 0.527261 0.280335 0.547207 0.299512 0.547207 0.307183 0.579787 0.296025 0.617686 0.273710 0.655585 0.259066 0.691489 0.235007 0.712766 0.206416 0.663564 0.226987 0.607713 0.244421 0.578457
