0 0.475201 0.400456 0.470460 0.429331 0.465354 0.472644 0.458425 0.517477 0.454413 0.556991 0.466448 0.585866 0.480306 0.579027 0.489059 0.552432 0.487236 0.488602 0.491977 0.411094 0.491977 0.396657
0 0.449672 0.417173 0.449672 0.435410 0.442743 0.484802 0.433990 0.534195 0.440919 0.563070 0.454413 0.556991 0.460613 0.462006 0.462436 0.388298 0.469365 0.367781 0.451495 0.373860
0 0.425966 0.357903 0.424872 0.392097 0.423049 0.460486 0.411379 0.523556 0.408096 0.548632 0.419037 0.564590 0.432896 0.522036 0.434719 0.452128 0.448578 0.376140 0.440919 0.357903
0 0.411379 0.357903 0.403355 0.396657 0.399344 0.446049 0.397520 0.493161 0.396426 0.523556 0.394602 0.563070 0.412108 0.536474 0.417214 0.455927
0 0.381473 0.357903 0.373815 0.402736 0.371627 0.458207 0.370897 0.523556 0.370897 0.566869 0.385485 0.571429 0.395332 0.536474 0.395332 0.462006 0.399344 0.382219 0.402261 0.367781
0 0.355945 0.359422 0.345004 0.400456 0.334427 0.462006 0.329322 0.528116 0.338439 0.581307 0.361050 0.563070 0.369803 0.534195 0.369803 0.478723 0.377826 0.351064 0.368709 0.347264
0 0.324581 0.341185 0.305616 0.353343 0.299781 0.423252 0.303793 0.481003 0.293946 0.511398 0.296864 0.550912 0.319475 0.548632 0.334427 0.523556 0.333333 0.466565 0.334427 0.408815 0.340263 0.357903 0.336251 0.336626
0 0.284099 0.347264 0.265500 0.411094 0.258570 0.443769 0.251641 0.476444 0.251641 0.515957 0.277170 0.530395 0.288840 0.515957 0.292123 0.466565 0.297958 0.423252 0.298687 0.371581 0.303793 0.344985 0.302699 0.332827
0 0.500000 0.379939 0.501094 0.419453 0.491977 0.487082 0.490883 0.540274 0.498906 0.587386 0.516776 0.587386 0.521517 0.548632 0.519694 0.493161 0.518600 0.427052 0.518600 0.384498 0.518600 0.361702 0.509847 0.355623
0 0.530635 0.365502 0.527352 0.417173 0.527352 0.449848 0.525529 0.493161 0.525529 0.534195 0.540481 0.572948 0.550328 0.546353 0.545222 0.501520 0.540481 0.433891 0.542305 0.370061 0.543399 0.351064
0 0.553246 0.363982 0.551058 0.406535 0.550328 0.449848 0.544128 0.493161 0.548140 0.546353 0.566010 0.556991 0.567834 0.505319 0.560904 0.443769 0.567104 0.398936
0 0.593727 0.411094 0.593727 0.427052 0.581692 0.474924 0.574034 0.517477 0.580598 0.554711 0.608315 0.566869 0.612327 0.530395 0.612327 0.466565 0.619256 0.398936 0.603574 0.365502 0.595551 0.386018
0 0.636761 0.388298 0.632020 0.412614 0.622174 0.447568 0.615244 0.501520 0.615244 0.552432 0.636032 0.581307 0.642961 0.550912 0.643691 0.443769 0.654632 0.386018 0.644785 0.361702
0 0.668490 0.376140 0.658643 0.408815 0.651714 0.460486 0.651714 0.519757 0.660467 0.566869 0.679431 0.558511 0.683443 0.519757 0.676513 0.454407 0.685266 0.396657 0.689278 0.351064
0 0.509847 0.758359 0.505835 0.727204 0.497812 0.686170 0.497082 0.624620 0.506929 0.583587 0.516776 0.604103 0.519694 0.674012 0.524435 0.735562 0.524435 0.809271 0.510941 0.797112
0 0.531364 0.784954 0.530635 0.772036 0.526623 0.723404 0.518600 0.653495 0.516776 0.601824 0.525529 0.587386 0.539387 0.595745 0.539387 0.632979 0.536470 0.680091 0.541211 0.733283
0 0.542305 0.753799 0.560175 0.791033 0.560904 0.765957 0.560904 0.716565 0.563822 0.659574 0.567104 0.613982 0.563822 0.583587 0.549234 0.606383 0.547411 0.648936 0.542305 0.702888
0 0.568928 0.764438 0.563093 0.716565 0.563822 0.587386 0.567104 0.575228 0.578775 0.581307 0.590445 0.610182 0.591539 0.642857 0.589716 0.680091 0.589716 0.727204 0.589716 0.765957 0.580598 0.782675
0 0.594457 0.764438 0.595551 0.743921 0.587527 0.688450 0.584610 0.636778 0.586798 0.613982 0.586798 0.583587 0.607221 0.591945 0.613421 0.595745 0.618162 0.640578 0.617068 0.716565 0.608315 0.758359
0 0.716630 0.706687 0.694019 0.698328 0.656820 0.674012 0.646973 0.648936 0.649891 0.634498 0.657549 0.618541 0.670314 0.601824 0.688184 0.601824 0.712983 0.655015 0.732677 0.682371 0.738512 0.702888
0 0.745441 0.683891 0.722830 0.655015 0.702042 0.624620 0.690007 0.601824 0.692195 0.581307 0.700948 0.564590 0.715901 0.544073 0.732677 0.552432 0.750182 0.620061 0.761123 0.682371 0.772064 0.718845 0.740336 0.706687
0 0.500000 0.758359 0.500000 0.704407 0.495988 0.610182 0.487965 0.595745 0.477389 0.610182 0.472283 0.657295 0.477389 0.716565 0.476295 0.762158 0.486142 0.776596
0 0.468271 0.765957 0.469365 0.743921 0.469365 0.682371 0.470460 0.642857 0.466448 0.610182 0.452589 0.613982 0.450766 0.661854 0.452589 0.729483 0.454413 0.770517
0 0.445660 0.782675 0.447848 0.753799 0.448578 0.683891 0.448578 0.653495 0.448578 0.628419 0.438001 0.610182 0.429978 0.613982 0.428884 0.653495 0.427061 0.704407 0.428884 0.765957 0.431072 0.806991
0 0.420131 0.778875 0.417943 0.764438 0.424872 0.682371 0.427061 0.632979 0.417943 0.599544 0.406273 0.613982 0.401532 0.667933 0.403355 0.743921 0.397520 0.786474 0.417214 0.800912
0 0.380744 0.786474 0.386579 0.770517 0.399344 0.677812 0.406273 0.626900 0.397520 0.599544 0.383662 0.604103 0.377826 0.661854 0.375638 0.731003 0.365791 0.774316 0.366885 0.791033
0 0.354121 0.780395 0.374909 0.721125 0.382567 0.648936 0.382567 0.613982 0.358862 0.599544 0.344274 0.598024 0.340263 0.647416 0.333333 0.694529 0.326404 0.737842 0.329322 0.768237
0 0.302699 0.764438 0.321663 0.731003 0.330416 0.674012 0.337345 0.636778 0.340263 0.598024 0.327498 0.579027 0.313640 0.581307 0.302699 0.606383 0.289934 0.648936 0.281182 0.723404 0.282276 0.762158
0 0.269147 0.718845 0.275346 0.688450 0.289934 0.613982 0.295770 0.575228 0.295770 0.560790 0.270241 0.556991 0.259300 0.556991 0.243618 0.613982 0.240700 0.648936 0.240700 0.677812
