0 0.465347 0.550152 0.496110 0.541793 0.502122 0.525076 0.494342 0.453647 0.488685 0.303191 0.467822 0.312310 0.463579 0.449848
0 0.439533 0.543313 0.450141 0.552432 0.467115 0.541033 0.465347 0.460486 0.461103 0.296353 0.445191 0.300152 0.442716 0.457447 0.436351 0.489362
0 0.407709 0.522036 0.415488 0.548632 0.427864 0.548632 0.439533 0.537994 0.444484 0.512918 0.433522 0.350304 0.423975 0.287994 0.411245 0.287994 0.415488 0.371581 0.414781 0.473404
0 0.378006 0.535714 0.396393 0.556991 0.405587 0.547112 0.420438 0.559271 0.424682 0.510638 0.421146 0.457447 0.404526 0.319909 0.377298 0.322948 0.384017 0.487842
0 0.355728 0.541033 0.367397 0.556991 0.385431 0.551672 0.391089 0.527356 0.386139 0.481003 0.379774 0.376900 0.365629 0.326748 0.355375 0.333587 0.360679 0.374620 0.358911 0.464286 0.356436 0.496960 0.353253 0.535714
0 0.310820 0.544833 0.324611 0.566109 0.334512 0.556991 0.348656 0.564590 0.362093 0.547112 0.360325 0.512918 0.352900 0.464286 0.353960 0.433891 0.339109 0.334347 0.320721 0.342705 0.315771 0.496201
0 0.268388 0.509119 0.271216 0.532675 0.285007 0.534195 0.296676 0.553951 0.315064 0.546353 0.315064 0.491641 0.313296 0.450608 0.317539 0.409574 0.307638 0.344985 0.265205 0.301672 0.272631 0.375380 0.277935 0.449848 0.276874 0.468085 0.271924 0.474924
0 0.491513 0.528116 0.499646 0.537234 0.507072 0.545593 0.521570 0.534954 0.524045 0.450608 0.522277 0.293313 0.512023 0.296353 0.499293 0.341185 0.496818 0.416413 0.494342 0.459726 0.492574 0.490881
0 0.521216 0.538754 0.542079 0.540274 0.546676 0.506079 0.543140 0.351824 0.550212 0.316109 0.536775 0.307751 0.526167 0.352584 0.521924 0.376900 0.520509 0.482523
0 0.544201 0.518997 0.553041 0.544073 0.565064 0.548632 0.575318 0.528875 0.574257 0.458207 0.574611 0.362462 0.574611 0.284195 0.558345 0.285714 0.547383 0.385258 0.542079 0.482523
0 0.560113 0.512158 0.562942 0.549392 0.576379 0.537234 0.589109 0.556991 0.601132 0.549392 0.601839 0.474924 0.607143 0.291793 0.589109 0.287994 0.571782 0.437690
0 0.588402 0.529635 0.601839 0.554711 0.613508 0.568389 0.628006 0.556991 0.626238 0.453647 0.631895 0.340426 0.616337 0.338906 0.601839 0.453647
0 0.619873 0.541033 0.638260 0.568389 0.650990 0.563070 0.666195 0.560790 0.675389 0.531915 0.669731 0.455927 0.669731 0.367781 0.650990 0.340426 0.630835 0.401216 0.630835 0.465046
0 0.672560 0.537234 0.690594 0.547112 0.704385 0.533435 0.716054 0.525836 0.717822 0.492401 0.707214 0.443769 0.709689 0.357903 0.713225 0.313070 0.681754 0.326748 0.667256 0.406535 0.669731 0.477204
0 0.713225 0.513678 0.724187 0.527356 0.742574 0.509878 0.745050 0.490881 0.754243 0.482523 0.742574 0.428571 0.744342 0.367781 0.725955 0.315350 0.712518 0.361702 0.707214 0.418693 0.708982 0.467325
0 0.493989 0.561550 0.515912 0.560030 0.515205 0.762158 0.506011 0.763678
0 0.515205 0.570669 0.527228 0.555471 0.539250 0.561550 0.530764 0.772796 0.520863 0.769757 0.520156 0.620821
0 0.545615 0.556991 0.566124 0.569149 0.566832 0.614742 0.558345 0.686170 0.551980 0.806231 0.536421 0.806231 0.537836 0.696809 0.538543 0.598024
0 0.564003 0.587386 0.578147 0.567629 0.595120 0.599544 0.591584 0.628419 0.567539 0.804711 0.557638 0.797112 0.563296 0.643617 0.559760 0.610182
0 0.597949 0.601064 0.610679 0.596505 0.621994 0.582827 0.633310 0.617781 0.634017 0.652736 0.617044 0.824468 0.599364 0.819909 0.591584 0.751520 0.596535 0.701368 0.596535 0.643617 0.595120 0.623860
0 0.628359 0.634498 0.632603 0.607143 0.670792 0.570669 0.684229 0.598024 0.687765 0.651216 0.706860 0.702888 0.716054 0.778875 0.694837 0.801672 0.670085 0.765198 0.649576 0.702888 0.643211 0.677052
0 0.675743 0.596505 0.683522 0.560030 0.702617 0.543313 0.719590 0.538754 0.735149 0.605623 0.765912 0.704407 0.734795 0.751520 0.707921 0.693769 0.695191 0.655775 0.674682 0.610182
0 0.475248 0.564590 0.497878 0.569149 0.500000 0.777356 0.487977 0.780395
0 0.444837 0.584347 0.460396 0.566109 0.475248 0.575228 0.473126 0.643617 0.485149 0.791033 0.472419 0.797112 0.458982 0.710486
0 0.422207 0.593465 0.431400 0.569149 0.441301 0.566109 0.452617 0.581307 0.454738 0.622340 0.457567 0.708967 0.458274 0.842705 0.446959 0.847264 0.434229 0.757599 0.427157 0.652736
0 0.395332 0.601064 0.405233 0.578267 0.419378 0.582827 0.430693 0.602584 0.427864 0.649696 0.431400 0.718085 0.432815 0.766717 0.429279 0.829027 0.415842 0.830547 0.413720 0.780395 0.401697 0.664894
0 0.364215 0.596505 0.383310 0.585866 0.400990 0.596505 0.401697 0.623860 0.397454 0.654255 0.399576 0.708967 0.397454 0.759119 0.380481 0.832067 0.363508 0.821429 0.375530 0.751520 0.367751 0.667933 0.367751 0.645137 0.360679 0.619301
0 0.317893 0.607903 0.326733 0.580547 0.365629 0.599544 0.371994 0.645137 0.363154 0.674772 0.332037 0.826748 0.282178 0.804711 0.317185 0.667173
0 0.279349 0.552432 0.329562 0.593465 0.322489 0.630699 0.304102 0.677812 0.297030 0.717325 0.269095 0.770517 0.235502 0.711246 0.250354 0.649696 0.267680 0.623100 0.275106 0.557751
