0 0.486802 0.570669 0.507371 0.569909 0.514913 0.380699 0.498800 0.381459 0.487144 0.524316
0 0.519712 0.386018 0.540967 0.379939 0.530339 0.500000 0.534453 0.566109 0.520740 0.571429 0.513541 0.568389 0.519712 0.395137
0 0.546795 0.373100 0.560850 0.375380 0.553651 0.433131 0.555022 0.506839 0.559822 0.541793 0.555365 0.561550 0.544395 0.566109 0.537881 0.565350 0.535824 0.534195 0.539938 0.512918 0.539938 0.400456
0 0.568392 0.528116 0.570792 0.501520 0.572163 0.385258 0.589990 0.382979 0.592047 0.456687 0.597875 0.531915 0.594446 0.556991 0.585876 0.553951 0.582105 0.547872 0.579020 0.547872 0.574220 0.551672
0 0.621529 0.541793 0.649297 0.525836 0.644498 0.487842 0.639356 0.369301 0.607816 0.378419 0.611244 0.442249 0.617415 0.491641 0.616044 0.528875
0 0.661639 0.314590 0.680836 0.310030 0.688378 0.410334 0.700720 0.455927 0.701406 0.471125 0.681522 0.489362 0.670895 0.490122 0.661296 0.459726 0.664381 0.428571
0 0.465204 0.383739 0.480631 0.396657 0.486802 0.568389 0.467947 0.572948 0.463833 0.532675
0 0.444635 0.570669 0.444292 0.377660 0.455262 0.382219 0.459719 0.503799 0.466575 0.572188
0 0.423723 0.373100 0.440864 0.371581 0.444978 0.563070 0.439835 0.568389 0.424751 0.561550
0 0.412067 0.369301 0.424409 0.368541 0.426466 0.554711 0.407268 0.551672 0.409667 0.514438
0 0.489201 0.575228 0.504285 0.573708 0.512513 0.705927 0.494001 0.710486 0.491944 0.617781
0 0.510799 0.568389 0.523826 0.573708 0.534110 0.718085 0.517312 0.718085 0.510113 0.622340 0.504971 0.573708
0 0.534110 0.563830 0.532396 0.585866 0.540967 0.743161 0.563593 0.741641 0.552965 0.627660 0.550908 0.569909 0.547480 0.568389
0 0.562564 0.559271 0.554337 0.572948 0.566678 0.751520 0.582791 0.750760 0.583133 0.705167 0.575249 0.643617 0.575249 0.563070
0 0.474117 0.576748 0.487144 0.578267 0.491258 0.742401 0.474803 0.741641 0.476860 0.635258
0 0.460062 0.572948 0.472060 0.572948 0.473089 0.744681 0.453548 0.734043 0.461090 0.622340
0 0.438464 0.571429 0.457662 0.575228 0.449434 0.743161 0.427151 0.727964 0.436064 0.630699
0 0.416867 0.568389 0.433322 0.570669 0.437436 0.572948 0.426808 0.732523 0.405896 0.722644 0.414467 0.600304
0 0.395955 0.556991 0.418581 0.559271 0.404525 0.743161 0.385670 0.748480 0.393555 0.617781
0 0.310936 0.320669 0.306822 0.390578 0.303737 0.426292 0.294481 0.458207 0.295166 0.476444 0.334248 0.506079 0.336647 0.463526 0.337676 0.329027
0 0.296195 0.476444 0.336647 0.510638 0.334590 0.535714 0.287967 0.649696 0.245800 0.594985 0.284196 0.530395 0.292081 0.484802
0 0.700720 0.475684 0.686322 0.496201 0.668495 0.500000 0.663353 0.527356 0.704491 0.653495 0.744258 0.601064 0.708262 0.512918 0.705177 0.481003
