0 0.489383 0.557751 0.493091 0.544073 0.493091 0.500000 0.491743 0.459726 0.488709 0.389058 0.488372 0.351824 0.488372 0.322948 0.482642 0.304711 0.475902 0.299392 0.466801 0.321429 0.465453 0.373860 0.460061 0.433131 0.455005 0.474924 0.450961 0.513678 0.451972 0.541033 0.457701 0.553951
0 0.423323 0.487082 0.423997 0.524316 0.433771 0.549392 0.447927 0.546353 0.458713 0.535714 0.459387 0.508359 0.458375 0.474924 0.455679 0.303191 0.454668 0.274316 0.447253 0.265198 0.439164 0.272036 0.435457 0.309271
0 0.395012 0.480243 0.397034 0.530395 0.406808 0.553951 0.414560 0.559271 0.421301 0.557751 0.427705 0.541033 0.433771 0.520517 0.434783 0.484802 0.431412 0.422492 0.428042 0.386778 0.422649 0.350304 0.418942 0.321429 0.418268 0.300912 0.409168 0.275836 0.400067 0.270517 0.390967 0.309271
0 0.368723 0.486322 0.370071 0.522036 0.373104 0.544073 0.387260 0.564590 0.400741 0.550912 0.406808 0.528875 0.408493 0.496960 0.400067 0.452888 0.396360 0.439210 0.391978 0.395897 0.388945 0.361702 0.382878 0.336626 0.373104 0.328267 0.361308 0.354863 0.363330 0.414134
0 0.341759 0.466565 0.344119 0.518997 0.344793 0.553951 0.359623 0.561550 0.375463 0.556231 0.380856 0.503799 0.378497 0.478723 0.369397 0.439210 0.365689 0.404255 0.360297 0.380699 0.352208 0.361702 0.335693 0.367021 0.335693 0.395137
0 0.304348 0.549392 0.308055 0.556231 0.319852 0.560790 0.328952 0.566109 0.340074 0.563070 0.349174 0.532675 0.345467 0.506839 0.341085 0.462766 0.340074 0.404255 0.338726 0.375380 0.332659 0.357143 0.327604 0.341185 0.317155 0.343465 0.294574 0.350304 0.290192 0.372340 0.292888 0.417933 0.299966 0.459726 0.305696 0.486322
0 0.265925 0.484802 0.261544 0.501520 0.261544 0.525836 0.265251 0.545593 0.273677 0.553951 0.283451 0.559271 0.293900 0.559271 0.300640 0.556231 0.305696 0.541033 0.306370 0.481763 0.308055 0.454407 0.309740 0.425532 0.311763 0.401976 0.307381 0.385258 0.298281 0.370061 0.286485 0.370061 0.281092 0.380699 0.278733 0.404255 0.275025 0.448328
0 0.243680 0.376900 0.239973 0.401976 0.242332 0.419453 0.260195 0.432371 0.272666 0.432371 0.282440 0.427812 0.290192 0.414134 0.290192 0.386778 0.287833 0.351824 0.285474 0.322948 0.284125 0.291033 0.282440 0.268997 0.266936 0.253799 0.260195 0.256839 0.250421 0.291033 0.244355 0.360182
0 0.492417 0.498480 0.494439 0.535714 0.502865 0.549392 0.514661 0.549392 0.531850 0.546353 0.534210 0.525836 0.530502 0.476444 0.530502 0.452888 0.526795 0.402736 0.523761 0.358663 0.520728 0.325988 0.515672 0.297872 0.503539 0.296353 0.496124 0.331307
0 0.534210 0.538754 0.545332 0.547872 0.557465 0.547872 0.563532 0.542553 0.567914 0.524316 0.566566 0.490122 0.562858 0.459726 0.559825 0.430851 0.556791 0.395897 0.555106 0.338146 0.552073 0.303191 0.547017 0.281155 0.537243 0.278875 0.531850 0.302432 0.528143 0.350304 0.528143 0.395897 0.531176 0.516717
0 0.558814 0.476444 0.560499 0.517477 0.570273 0.542553 0.581395 0.560790 0.592518 0.547872 0.598584 0.523556 0.597910 0.483283 0.596225 0.436170 0.594203 0.401976 0.591844 0.368541 0.589821 0.341185 0.585103 0.281155 0.577014 0.263678 0.568588 0.267477 0.561173 0.299392
0 0.583081 0.478723 0.581395 0.512158 0.586788 0.549392 0.601618 0.553951 0.616448 0.547872 0.626559 0.532675 0.623188 0.495441 0.621840 0.454407 0.620492 0.407295 0.619818 0.372340 0.615099 0.326748 0.611392 0.302432 0.600944 0.297872 0.583081 0.314590 0.582069 0.363222 0.580047 0.446049
0 0.616785 0.486322 0.614425 0.522036 0.616785 0.552432 0.632963 0.563070 0.645096 0.550912 0.649478 0.493921 0.650152 0.440729 0.647455 0.402736 0.646781 0.371581 0.647455 0.346505 0.641389 0.321429 0.627907 0.325988 0.614425 0.339666 0.613751 0.378419
0 0.648129 0.502280 0.646444 0.531915 0.651837 0.557751 0.665993 0.560790 0.679474 0.554711 0.690934 0.534195 0.691608 0.512158 0.688574 0.474924 0.684193 0.420973 0.680485 0.392097 0.680148 0.360182 0.676441 0.336626 0.662285 0.335106 0.646444 0.372340 0.648129 0.429331
0 0.690597 0.491641 0.692956 0.534195 0.707112 0.545593 0.719245 0.547872 0.726660 0.538754 0.738119 0.516717 0.738793 0.491641 0.734749 0.452888 0.729019 0.436170 0.731041 0.417933 0.732053 0.397416 0.720593 0.361702 0.702730 0.344985 0.687226 0.356383 0.680485 0.382219 0.684193 0.433131
0 0.732727 0.447568 0.741827 0.443009 0.754297 0.427812 0.758342 0.398936 0.759690 0.363982 0.755982 0.341945 0.744860 0.324468 0.735760 0.311550 0.725986 0.303191 0.717897 0.296353 0.704078 0.294073 0.691608 0.306231 0.688574 0.341185 0.697337 0.379179 0.707786 0.408815 0.716886 0.427812
0 0.498483 0.567629 0.500506 0.607143 0.501180 0.651976 0.501180 0.696049 0.501854 0.721125 0.501854 0.762158 0.502865 0.782675 0.510280 0.797112 0.516346 0.788754 0.517695 0.765198 0.517695 0.713526 0.520728 0.654255 0.522413 0.618541 0.523087 0.589666 0.522076 0.567629 0.513987 0.563070
0 0.521402 0.567629 0.523761 0.618541 0.519380 0.765198 0.522413 0.785714 0.530502 0.794073 0.538928 0.768997 0.538928 0.741641 0.540950 0.682371 0.545669 0.637538 0.546343 0.596505 0.546343 0.560790 0.536569 0.557751 0.529828 0.563070
0 0.546343 0.561550 0.545332 0.608663 0.545332 0.652736 0.546343 0.704407 0.545332 0.765198 0.542636 0.799392 0.552073 0.816109 0.567240 0.799392 0.573306 0.726444 0.577688 0.676292 0.578362 0.637538 0.577014 0.596505 0.570273 0.553951 0.560499 0.552432
0 0.574655 0.581307 0.576003 0.604863 0.579036 0.636778 0.580047 0.684650 0.584429 0.736322 0.587462 0.767477 0.588810 0.794073 0.598584 0.799392 0.606336 0.773556 0.607685 0.726444 0.606336 0.675532 0.605999 0.632219 0.606336 0.601824 0.604651 0.564590 0.589484 0.554711
0 0.603303 0.575988 0.606336 0.615502 0.610044 0.662614 0.613077 0.705927 0.616448 0.751520 0.621166 0.772036 0.627907 0.788754 0.633974 0.780395 0.638355 0.775836 0.638355 0.711246 0.635996 0.617021 0.639029 0.581307 0.637007 0.564590 0.625548 0.559271 0.615774 0.557751 0.609707 0.561550
0 0.666667 0.575988 0.663970 0.604863 0.669700 0.639058 0.676441 0.670973 0.686889 0.704407 0.699023 0.727964 0.713852 0.741641 0.733401 0.738602 0.744523 0.705927 0.743175 0.672492 0.728008 0.640578 0.719245 0.606383 0.716212 0.572948 0.707112 0.546353 0.699023 0.539514 0.688574 0.550912 0.674419 0.569149
0 0.474890 0.566109 0.475228 0.598024 0.477250 0.658815 0.482642 0.743161 0.488372 0.794073 0.495450 0.795593 0.501180 0.765198 0.499831 0.719605 0.499831 0.676292 0.500506 0.621581 0.498483 0.567629 0.483316 0.563070
0 0.452646 0.561550 0.448264 0.591945 0.453320 0.626900 0.455679 0.664134 0.457701 0.698328 0.463094 0.759119 0.470509 0.795593 0.478935 0.795593 0.482642 0.766717 0.481968 0.716565 0.478261 0.664134 0.477250 0.623860 0.477924 0.586626 0.475228 0.569909
0 0.427031 0.567629 0.425008 0.593465 0.423323 0.643617 0.426357 0.704407 0.430738 0.740122 0.433097 0.774316 0.439164 0.797112 0.444894 0.821429 0.458713 0.816109 0.463094 0.782675 0.457701 0.721125 0.457701 0.674012 0.456353 0.615502 0.454668 0.571429 0.445231 0.557751
0 0.397034 0.572948 0.396360 0.613222 0.397034 0.664134 0.397034 0.706687 0.397034 0.745441 0.398719 0.797872 0.409168 0.814590 0.418268 0.792553 0.421301 0.756839 0.423997 0.699848 0.426357 0.643617 0.432423 0.606383 0.427031 0.571429 0.411527 0.559271
0 0.368723 0.582827 0.363330 0.610182 0.366363 0.654255 0.370071 0.748480 0.377823 0.780395 0.387260 0.778875 0.394338 0.752280 0.395686 0.697568 0.398719 0.617021 0.398719 0.576748 0.393327 0.561550
0 0.286485 0.563070 0.281766 0.598024 0.281766 0.630699 0.275025 0.652736 0.269296 0.696049 0.268284 0.724924 0.275025 0.752280 0.290192 0.766717 0.305022 0.756839 0.313448 0.724924 0.320863 0.687690 0.325918 0.636778 0.328278 0.601824 0.332659 0.579787 0.328952 0.560790 0.313111 0.560790 0.304348 0.557751
