0 0.474696 0.328893 0.482287 0.563525 0.447874 0.557377 0.449899 0.522541 0.448381 0.461066 0.447368 0.332992
0 0.446356 0.331967 0.450405 0.506148 0.448887 0.563525 0.434211 0.560451 0.427126 0.547131 0.426113 0.534836 0.426619 0.513320 0.427126 0.329918 0.447368 0.323770
0 0.402328 0.330943 0.401822 0.468238 0.398785 0.494877 0.397773 0.511270 0.398279 0.526639 0.400810 0.540984 0.407895 0.549180 0.412955 0.551230 0.417510 0.547131 0.421559 0.538934 0.425101 0.525615 0.427632 0.505123 0.425607 0.467213 0.424089 0.314549 0.402834 0.318648
0 0.395749 0.336066 0.401822 0.464139 0.402834 0.477459 0.404858 0.486680 0.404858 0.496926 0.404352 0.510246 0.402328 0.521516 0.395243 0.529713 0.390182 0.532787 0.383097 0.532787 0.380567 0.532787 0.378036 0.530738 0.377530 0.524590 0.377530 0.512295 0.375000 0.496926 0.373482 0.474385 0.373482 0.334016
0 0.377024 0.331967 0.373482 0.472336 0.375000 0.490779 0.377024 0.506148 0.377530 0.521516 0.376012 0.535861 0.369433 0.545082 0.359312 0.547131 0.352733 0.544057 0.350202 0.539959 0.349190 0.531762 0.349190 0.520492 0.348178 0.505123 0.344130 0.480533 0.350709 0.380123 0.353745 0.342213
0 0.340587 0.354508 0.345142 0.490779 0.348684 0.509221 0.348178 0.532787 0.343623 0.558402 0.328947 0.559426 0.315283 0.559426 0.310729 0.544057 0.307186 0.529713 0.309717 0.511270 0.304656 0.367828
0 0.271255 0.354508 0.274798 0.453893 0.268219 0.498975 0.274291 0.524590 0.285425 0.538934 0.297065 0.544057 0.306680 0.531762 0.310729 0.508197 0.310729 0.476434 0.306680 0.361680 0.286437 0.349385
0 0.480769 0.346311 0.482287 0.565574 0.508603 0.562500 0.512146 0.540984 0.511134 0.515369 0.508603 0.484631 0.504555 0.330943 0.480263 0.330943
0 0.506073 0.330943 0.508097 0.486680 0.512146 0.513320 0.513664 0.549180 0.523279 0.551230 0.529858 0.543033 0.534919 0.530738 0.536943 0.518443 0.534413 0.494877 0.530870 0.456967 0.526822 0.377049 0.523279 0.316598 0.504049 0.317623
0 0.529858 0.310451 0.529858 0.440574 0.527834 0.481557 0.529858 0.516393 0.536943 0.543033 0.547065 0.556352 0.554150 0.554303 0.558704 0.538934 0.561741 0.515369 0.558704 0.429303 0.557186 0.306352
0 0.562247 0.318648 0.554656 0.433402 0.552632 0.457992 0.548583 0.475410 0.548077 0.491803 0.550607 0.512295 0.557186 0.523566 0.569838 0.542008 0.579453 0.540984 0.582490 0.537910 0.586032 0.517418 0.588563 0.488730 0.588057 0.463115 0.587551 0.434426 0.585020 0.395492 0.583502 0.310451 0.562753 0.308402
0 0.585526 0.321721 0.584008 0.387295 0.584514 0.412910 0.585526 0.433402 0.585526 0.446721 0.581984 0.457992 0.579453 0.470287 0.577429 0.482582 0.576923 0.495902 0.578441 0.514344 0.581478 0.526639 0.587045 0.535861 0.591599 0.539959 0.599190 0.543033 0.603239 0.539959 0.610324 0.528689 0.612348 0.498975 0.611842 0.451844 0.608806 0.400615 0.610830 0.311475 0.587045 0.315574
0 0.609312 0.326844 0.604757 0.414959 0.603745 0.473361 0.607287 0.503074 0.615891 0.530738 0.629049 0.532787 0.643219 0.521516 0.646761 0.515369 0.649291 0.479508 0.644737 0.448770 0.640182 0.371926 0.638664 0.322746
0 0.644231 0.330943 0.642713 0.436475 0.638664 0.460041 0.638158 0.478484 0.638664 0.490779 0.642713 0.505123 0.648279 0.513320 0.656883 0.518443 0.675607 0.505123 0.683198 0.487705 0.684211 0.471311 0.678138 0.424180 0.682692 0.323770 0.668016 0.316598 0.652834 0.326844
0 0.473684 0.588115 0.474696 0.613730 0.472672 0.637295 0.470648 0.803279 0.484312 0.803279 0.490891 0.649590 0.493927 0.585041 0.486336 0.585041
0 0.500506 0.585041 0.491903 0.613730 0.488360 0.810451 0.500506 0.809426 0.508097 0.712090 0.511134 0.635246 0.512652 0.622951 0.513158 0.609631 0.513158 0.595287 0.511640 0.582992 0.505061 0.579918
0 0.517206 0.578893 0.511640 0.593238 0.509109 0.606557 0.509615 0.621926 0.511640 0.637295 0.504049 0.820697 0.525810 0.822746 0.535425 0.667008 0.537955 0.634221 0.538968 0.613730 0.538968 0.593238 0.536437 0.582992 0.529858 0.577869 0.523279 0.574795
0 0.539980 0.576844 0.536943 0.594262 0.533907 0.604508 0.530870 0.609631 0.529352 0.615779 0.529858 0.629098 0.532895 0.648566 0.542004 0.846311 0.568320 0.832992 0.562753 0.664959 0.562753 0.634221 0.564271 0.612705 0.559717 0.595287 0.554656 0.584016 0.548077 0.576844
0 0.566802 0.579918 0.562753 0.585041 0.559717 0.587090 0.556174 0.588115 0.552126 0.590164 0.550101 0.601434 0.560223 0.643443 0.562247 0.673156 0.569332 0.821721 0.588563 0.818648 0.585020 0.647541 0.586032 0.621926 0.587045 0.608607 0.585526 0.599385 0.582490 0.590164 0.578441 0.579918 0.572874 0.576844
0 0.590587 0.575820 0.587551 0.575820 0.584008 0.577869 0.579960 0.582992 0.578947 0.591189 0.580466 0.602459 0.583502 0.612705 0.584514 0.635246 0.603239 0.822746 0.669028 0.775615 0.634109 0.649590 0.634109 0.604508 0.631579 0.578893 0.621964 0.571721 0.612854 0.570697 0.603239 0.571721 0.595648 0.571721
0 0.669028 0.532787 0.663462 0.533811 0.654352 0.544057 0.649798 0.557377 0.648279 0.584016 0.657895 0.606557 0.691296 0.672131 0.740385 0.698770 0.747470 0.654713 0.727227 0.591189 0.717105 0.564549 0.707490 0.533811 0.699899 0.515369 0.689777 0.508197 0.680162 0.526639
0 0.472672 0.587090 0.474696 0.620902 0.472672 0.829918 0.463057 0.834016 0.459514 0.735656 0.457490 0.635246 0.457490 0.588115
0 0.454960 0.585041 0.447874 0.580943 0.441802 0.584016 0.436235 0.593238 0.435223 0.614754 0.440789 0.654713 0.448887 0.853484 0.464069 0.848361 0.459514 0.726434 0.457490 0.634221 0.457490 0.593238
0 0.434211 0.588115 0.436741 0.607582 0.436741 0.622951 0.440789 0.658811 0.446356 0.928279 0.423583 0.932377 0.412955 0.875000 0.411943 0.707992 0.411437 0.670082 0.415486 0.625000 0.421559 0.595287 0.426113 0.584016
0 0.415486 0.595287 0.420547 0.615779 0.423077 0.626025 0.423583 0.633197 0.422065 0.652664 0.408907 0.730533 0.402834 0.824795 0.380567 0.812500 0.391700 0.678279 0.395749 0.635246 0.402834 0.605533 0.410931 0.591189
0 0.391700 0.601434 0.380061 0.601434 0.372976 0.603484 0.370951 0.611680 0.369433 0.616803 0.366903 0.629098 0.367409 0.646516 0.360324 0.772541 0.350709 0.820697 0.366903 0.829918 0.389170 0.732582 0.391700 0.662910 0.396761 0.633197 0.397773 0.610656
0 0.359312 0.601434 0.340081 0.595287 0.333502 0.596311 0.328441 0.602459 0.326417 0.608607 0.324899 0.620902 0.324899 0.642418 0.297571 0.793033 0.340081 0.816598 0.362854 0.709016 0.367409 0.651639 0.370445 0.636270 0.370445 0.621926 0.369433 0.607582 0.367915 0.600410
0 0.311741 0.586066 0.301619 0.580943 0.293016 0.577869 0.288462 0.578893 0.285425 0.584016 0.282895 0.597336 0.277328 0.621926 0.257085 0.757172 0.287449 0.790984 0.320850 0.654713 0.326417 0.631148 0.328441 0.617828 0.327935 0.603484 0.324393 0.594262 0.318320 0.591189
0 0.266194 0.523566 0.254555 0.515369 0.247976 0.515369 0.240891 0.528689 0.235830 0.557377 0.216599 0.662910 0.238866 0.696721 0.276316 0.615779 0.282895 0.595287 0.287449 0.581967 0.289474 0.564549 0.285931 0.550205 0.281883 0.540984 0.277834 0.531762
