0 0.486655 0.608663 0.485962 0.547112 0.482842 0.468085 0.482149 0.425532 0.479029 0.373860 0.479029 0.351064 0.471404 0.321429 0.458579 0.321429 0.455806 0.387538 0.455806 0.451368 0.455113 0.487842 0.452686 0.527356 0.451993 0.569149 0.451993 0.598784 0.461005 0.613222
0 0.425650 0.537234 0.424957 0.573708 0.429463 0.598784 0.440555 0.607143 0.454073 0.594985 0.455806 0.549392 0.455806 0.496201 0.455806 0.458207 0.456499 0.413374 0.455806 0.377660 0.455113 0.354103 0.449567 0.313070 0.437782 0.309271 0.433969 0.365502 0.430156 0.466565
0 0.485615 0.545593 0.485269 0.598024 0.489428 0.613222 0.502253 0.610182 0.514731 0.608663 0.517158 0.581307 0.516118 0.528875 0.514038 0.495441 0.514038 0.446049 0.512652 0.401976 0.510919 0.371581 0.507106 0.348784 0.500867 0.331307 0.488388 0.335106 0.485615 0.443009
0 0.514731 0.531915 0.516464 0.572948 0.518544 0.593465 0.528596 0.599544 0.539341 0.594985 0.544887 0.571429 0.543154 0.523556 0.537955 0.466565 0.536915 0.427812 0.534835 0.400456 0.531716 0.354863 0.530329 0.333587 0.519584 0.303191 0.512652 0.307751 0.509185 0.336626
0 0.540381 0.522036 0.540035 0.553951 0.544194 0.579787 0.551127 0.596505 0.568804 0.588146 0.574697 0.569909 0.575043 0.538754 0.573310 0.495441 0.571924 0.455927 0.569497 0.425532 0.569497 0.386778 0.567071 0.344985 0.563951 0.316109 0.552513 0.299392 0.545581 0.314590
0 0.565685 0.505319 0.562565 0.534195 0.565685 0.553951 0.575043 0.578267 0.588562 0.572948 0.598614 0.566109 0.604853 0.563070 0.604159 0.532675 0.597920 0.503799 0.595841 0.451368 0.594801 0.408815 0.595841 0.383739 0.593414 0.363982 0.580936 0.351824 0.567764 0.356383 0.561179 0.380699
0 0.591681 0.493921 0.594801 0.538754 0.603466 0.559271 0.613518 0.556231 0.623570 0.547872 0.630156 0.546353 0.640901 0.538754 0.639515 0.510638 0.634315 0.484802 0.630503 0.468085 0.621837 0.422492 0.621837 0.402736 0.619411 0.383739 0.607279 0.372340 0.595494 0.376900 0.587175 0.392097 0.587175 0.437690
0 0.637088 0.490122 0.637435 0.518997 0.641248 0.527356 0.648180 0.532675 0.656499 0.531915 0.662738 0.525836 0.677296 0.517477 0.686655 0.508359 0.689775 0.488602 0.689428 0.466565 0.681802 0.444529 0.675910 0.420973 0.674870 0.404255 0.674870 0.385258 0.674870 0.360182 0.673484 0.341185 0.664125 0.317629 0.653380 0.311550 0.636395 0.322948 0.630156 0.353343 0.630156 0.389058 0.631889 0.419453 0.636395 0.443009
0 0.681802 0.441489 0.679029 0.469605 0.688735 0.495441 0.696360 0.495441 0.701906 0.491641 0.715771 0.490122 0.719584 0.476444 0.724437 0.465046 0.729636 0.443009 0.727903 0.424012 0.720971 0.395897 0.717158 0.376900 0.717158 0.361702 0.717158 0.333587 0.717158 0.310790 0.712652 0.275836 0.704333 0.259119 0.689428 0.253799 0.678683 0.278875 0.674870 0.329787 0.674870 0.365502 0.677990 0.397416 0.681109 0.417933
0 0.483189 0.625380 0.484575 0.662614 0.487002 0.689210 0.489428 0.716565 0.493241 0.751520 0.500173 0.780395 0.504679 0.797872 0.515425 0.812310 0.526170 0.802432 0.524090 0.778875 0.515425 0.765198 0.508492 0.730243 0.507106 0.702888 0.506412 0.682371 0.503986 0.651976 0.503986 0.625380 0.492548 0.621581
0 0.503986 0.623860 0.505373 0.660334 0.507106 0.683131 0.508492 0.718085 0.515425 0.767477 0.529289 0.800912 0.537955 0.806231 0.551820 0.806231 0.547314 0.777356 0.538648 0.759119 0.535529 0.738602 0.529983 0.702888 0.528596 0.675532 0.529289 0.635258 0.529289 0.622340 0.520971 0.615502
0 0.528596 0.629939 0.529983 0.658815 0.533449 0.684650 0.538648 0.709726 0.544194 0.746960 0.558752 0.797872 0.567764 0.817629 0.576430 0.816109 0.578856 0.791033 0.576430 0.760638 0.570191 0.721884 0.565685 0.684650 0.560139 0.658815 0.557712 0.636778 0.550087 0.601824 0.537955 0.600304
0 0.551127 0.620061 0.549393 0.632219 0.557712 0.655775 0.570191 0.705927 0.584055 0.752280 0.589601 0.774316 0.592721 0.784195 0.603466 0.790274 0.606239 0.762158 0.601040 0.738602 0.596534 0.711246 0.586482 0.652736 0.584749 0.599544 0.577123 0.584347 0.569497 0.585106 0.556326 0.593465 0.552513 0.599544
0 0.577123 0.579787 0.575043 0.599544 0.575043 0.610182 0.585442 0.626900 0.589601 0.637538 0.589601 0.658815 0.590988 0.690729 0.595494 0.704407 0.607279 0.716565 0.622530 0.721125 0.633969 0.696049 0.637088 0.650456 0.630503 0.626900 0.624957 0.610182 0.624263 0.589666 0.626343 0.569909 0.618718 0.552432 0.609705 0.552432 0.597920 0.567629
0 0.631196 0.548632 0.626690 0.547872 0.621837 0.549392 0.616984 0.553191 0.613518 0.559271 0.613172 0.566109 0.614905 0.579787 0.616638 0.591185 0.622530 0.596505 0.627036 0.606383 0.631542 0.617781 0.633969 0.627660 0.635009 0.638298 0.645754 0.684650 0.664471 0.720365 0.669324 0.729483 0.676603 0.741641 0.683882 0.749240 0.693934 0.754559 0.702253 0.753040 0.705719 0.740122 0.705026 0.721884 0.700173 0.702128 0.696360 0.688450 0.673830 0.606383 0.671404 0.597264 0.671057 0.586626 0.670364 0.576748 0.669671 0.558511 0.668631 0.545593 0.664471 0.532675 0.657192 0.530395 0.651993 0.537994 0.647834 0.543313 0.641941 0.544073 0.636742 0.556231
0 0.661698 0.526596 0.661352 0.549392 0.666551 0.570669 0.673137 0.580547 0.680763 0.598024 0.691508 0.619301 0.703293 0.640578 0.711612 0.661854 0.720277 0.679331 0.730329 0.693009 0.744541 0.703647 0.756326 0.702128 0.761525 0.676292 0.759792 0.646657 0.749047 0.623860 0.740035 0.603343 0.722704 0.557751 0.720277 0.544833 0.720277 0.521277 0.717504 0.503040 0.710225 0.490122 0.698440 0.491641 0.691508 0.507599 0.686655 0.512158 0.672790 0.518237 0.668284 0.522036
0 0.728596 0.452888 0.723050 0.465046 0.720277 0.483283 0.716464 0.499240 0.719237 0.520517 0.717851 0.534954 0.720971 0.549392 0.728943 0.560030 0.740381 0.555471 0.750433 0.555471 0.768458 0.562310 0.782322 0.563070 0.788562 0.557751 0.791334 0.531915 0.791334 0.500760 0.787175 0.477204 0.775390 0.474924 0.763258 0.471125 0.743847 0.457447
0 0.484229 0.624620 0.484229 0.666413 0.486655 0.694529 0.491161 0.742401 0.493934 0.778875 0.489081 0.793313 0.481109 0.795593 0.472790 0.743921 0.463432 0.667933 0.460659 0.650456 0.459619 0.620061 0.468631 0.618541
0 0.436049 0.609422 0.435355 0.633739 0.437435 0.663374 0.442634 0.700608 0.444714 0.724164 0.447834 0.751520 0.454073 0.777356 0.460312 0.797872 0.471057 0.804711 0.474870 0.772796 0.468977 0.724164 0.461698 0.670213 0.461698 0.641337 0.462392 0.611702
0 0.233276 0.474164 0.227036 0.502280 0.227383 0.530395 0.228769 0.550912 0.225650 0.568389 0.220797 0.580547 0.215945 0.591945 0.210745 0.603343 0.205893 0.613222 0.203813 0.625380 0.206586 0.643617 0.214905 0.660334 0.230849 0.649696 0.240555 0.636018 0.259272 0.611702 0.268977 0.578267 0.270364 0.557751 0.275217 0.537994 0.280763 0.515957 0.279723 0.492401 0.271404 0.480243 0.262738 0.478723 0.256153 0.481003 0.241941 0.468845
0 0.282842 0.505319 0.279376 0.525836 0.274523 0.544073 0.273137 0.563070 0.268977 0.582067 0.263432 0.598784 0.255459 0.616261 0.249220 0.630699 0.242634 0.651976 0.235702 0.672492 0.234315 0.685410 0.238128 0.699848 0.243328 0.715805 0.253033 0.716565 0.272097 0.708207 0.277643 0.683891 0.287348 0.665653 0.298440 0.647416 0.312652 0.611702 0.320277 0.596505 0.329636 0.585866 0.335182 0.563830 0.335875 0.544833 0.330329 0.536474 0.296360 0.506839
0 0.329983 0.549392 0.321664 0.564590 0.320277 0.595745 0.311265 0.619301 0.301560 0.644377 0.293241 0.667173 0.285615 0.687690 0.277296 0.706687 0.275217 0.727964 0.277296 0.747720 0.293588 0.760638 0.309532 0.754559 0.335182 0.725684 0.352166 0.667173 0.356326 0.644377 0.362565 0.636018 0.372270 0.622340 0.378856 0.599544 0.378510 0.580547 0.371924 0.574468 0.355633 0.575988 0.348354 0.570669 0.346967 0.560790 0.342461 0.550912
0 0.385442 0.588146 0.380243 0.623860 0.380589 0.651976 0.384055 0.708207 0.384749 0.724164 0.384055 0.744681 0.379896 0.762158 0.380243 0.782675 0.389255 0.802432 0.404159 0.794833 0.409705 0.765198 0.411785 0.737082 0.413172 0.699088 0.414558 0.677052 0.416984 0.644377 0.418371 0.613222 0.415945 0.596505 0.407626 0.594225 0.400000 0.580547
0 0.413172 0.594985 0.408666 0.617021 0.407279 0.643617 0.409359 0.677812 0.412132 0.712766 0.414905 0.748480 0.423917 0.806991 0.435355 0.817629 0.443674 0.819909 0.449913 0.798632 0.449567 0.766717 0.446794 0.713526 0.444367 0.688450 0.440901 0.655015 0.440208 0.626900 0.436742 0.607903 0.428769 0.598784 0.417678 0.594225
0 0.397920 0.528875 0.395494 0.557751 0.399653 0.584347 0.408319 0.597264 0.422184 0.595745 0.424957 0.588146 0.427730 0.575988 0.431196 0.566869 0.432582 0.541793 0.432582 0.518237 0.429809 0.481763 0.429809 0.447568 0.427730 0.374620 0.423224 0.335866 0.414905 0.326748 0.407972 0.326748 0.406239 0.352584 0.401386 0.395897
0 0.262392 0.433131 0.261005 0.462766 0.260659 0.477964 0.273137 0.484802 0.276950 0.488602 0.278336 0.493921 0.285269 0.501520 0.288735 0.503040 0.292894 0.504559 0.297054 0.506079 0.300173 0.501520 0.303640 0.498480 0.306412 0.492401 0.307106 0.483283 0.306412 0.444529 0.314038 0.403495 0.313345 0.360182 0.305026 0.316869 0.299827 0.286474 0.293241 0.270517 0.284922 0.262158 0.274523 0.268237 0.272097 0.282675 0.272097 0.309271 0.272790 0.339666 0.274523 0.378419 0.274177 0.401216 0.267591 0.424012
0 0.310225 0.462006 0.307799 0.470365 0.305026 0.487842 0.303986 0.503040 0.305026 0.511398 0.310225 0.516717 0.318544 0.525076 0.326516 0.531915 0.335875 0.537994 0.343501 0.542553 0.349047 0.542553 0.352166 0.536474 0.353206 0.525076 0.353206 0.506079 0.348354 0.406535 0.341421 0.366261 0.337955 0.351824 0.328250 0.346505 0.324090 0.360942 0.322704 0.386018 0.317851 0.428571
0 0.351127 0.515198 0.346274 0.533435 0.346274 0.550912 0.348007 0.566109 0.351127 0.573708 0.357712 0.578267 0.366031 0.574468 0.374003 0.572948 0.380243 0.563830 0.385095 0.542553 0.382322 0.519757 0.379203 0.499240 0.377470 0.493921 0.380243 0.468845 0.380936 0.449088 0.381282 0.436170 0.379896 0.419453 0.375043 0.404255 0.371924 0.386778 0.368804 0.379179 0.366724 0.367781 0.362218 0.361702 0.359792 0.355623 0.353553 0.370821 0.351473 0.390578 0.350780 0.412614 0.351473 0.443009 0.352860 0.492401
0 0.376083 0.512918 0.372270 0.539514 0.370884 0.558511 0.371924 0.569909 0.379203 0.579787 0.388215 0.582827 0.397574 0.578267 0.400000 0.571429 0.406586 0.569909 0.411785 0.560790 0.414905 0.536474 0.414905 0.512158 0.410745 0.494681 0.407626 0.459726 0.406586 0.436930 0.406586 0.418693 0.406586 0.400456 0.404853 0.378419 0.401386 0.365502 0.398614 0.359422 0.386828 0.363222 0.377816 0.373100 0.379896 0.399696 0.380589 0.420213 0.379549 0.458967
