0 0.505859 0.528875 0.507198 0.591185 0.485437 0.601824 0.478072 0.582827 0.480750 0.499240 0.484098 0.423252 0.484767 0.364742 0.485437 0.315350 0.500837 0.294833 0.506528 0.380699
0 0.459659 0.490881 0.454972 0.509878 0.452293 0.566869 0.466019 0.588906 0.478741 0.576748 0.482759 0.508359 0.486441 0.420213 0.487780 0.366261 0.489120 0.306231 0.487111 0.268237 0.477402 0.261398 0.466019 0.275836 0.459659 0.332827 0.461332 0.399696
0 0.434550 0.489362 0.431202 0.525836 0.433211 0.562310 0.439571 0.582827 0.452963 0.581307 0.466019 0.554711 0.467359 0.492401 0.465350 0.430851 0.469032 0.353343 0.464680 0.272796 0.457650 0.255319 0.438232 0.278875 0.433880 0.316869 0.435219 0.430851
0 0.411784 0.497720 0.410110 0.549392 0.422163 0.576748 0.436893 0.560790 0.445263 0.565350 0.454302 0.515198 0.451289 0.440729 0.451289 0.385258 0.451289 0.325228 0.448611 0.300912 0.443924 0.278875 0.435219 0.268237 0.426180 0.290274 0.415132 0.459726
0 0.397054 0.477204 0.388684 0.516717 0.401741 0.557751 0.422163 0.544833 0.431871 0.494681 0.437563 0.398936 0.436224 0.321429 0.434550 0.271277 0.425511 0.256839 0.413793 0.265957 0.407432 0.315350
0 0.502176 0.616261 0.499498 0.657295 0.501507 0.749240 0.500837 0.801672 0.494141 0.825228 0.485772 0.797872 0.484098 0.698328 0.478741 0.626900 0.477402 0.598784
0 0.460328 0.613222 0.458989 0.644377 0.463341 0.782675 0.462002 0.819149 0.469032 0.844225 0.481419 0.829787 0.482759 0.762158 0.482759 0.670213 0.482089 0.614742 0.471711 0.606383
0 0.445263 0.601824 0.438902 0.604863 0.435219 0.629179 0.435554 0.690729 0.431202 0.769757 0.431202 0.817629 0.434550 0.853343 0.443589 0.866261 0.455641 0.838146 0.458319 0.727204 0.462672 0.632219 0.455641 0.607903
0 0.420154 0.585866 0.413124 0.595745 0.411784 0.673252 0.404754 0.756839 0.399732 0.803191 0.407432 0.858663 0.427184 0.832827 0.433211 0.734802 0.439571 0.668693 0.445263 0.611702 0.438902 0.589666 0.429193 0.579787
0 0.389354 0.572188 0.382993 0.619301 0.380315 0.706687 0.371945 0.756839 0.371276 0.820669 0.395715 0.812310 0.406763 0.739362 0.415802 0.661854 0.423502 0.601824 0.418480 0.565350 0.399063 0.566869
0 0.338467 0.509878 0.323067 0.519757 0.319049 0.549392 0.304988 0.579787 0.274858 0.607903 0.260462 0.639818 0.270171 0.703647 0.305658 0.695289 0.343488 0.658815 0.357884 0.622340 0.376632 0.566869 0.368262 0.541793 0.346836 0.509878
0 0.267827 0.493921 0.252092 0.512918 0.221292 0.535714 0.216271 0.598784 0.236692 0.636778 0.263810 0.632219 0.285571 0.607903 0.310010 0.576748 0.312019 0.530395 0.297958 0.494681 0.278540 0.480243
0 0.354536 0.423252 0.350854 0.454407 0.352528 0.505319 0.372615 0.525836 0.399732 0.502280 0.400402 0.451368 0.396384 0.404255 0.397054 0.335866 0.395045 0.309271 0.384332 0.297872 0.364245 0.313830 0.358554 0.337386
0 0.319719 0.383739 0.313358 0.416413 0.312019 0.465805 0.328758 0.493921 0.346836 0.486322 0.361567 0.454407 0.368597 0.388298 0.373284 0.337386 0.373284 0.294833 0.361567 0.259878 0.350854 0.250760 0.330767 0.262918 0.327419 0.283435 0.325075 0.318389
0 0.506528 0.528875 0.505859 0.566869 0.506528 0.606383 0.527285 0.607903 0.534985 0.582827 0.535989 0.515198 0.534315 0.432371 0.535989 0.361702 0.532976 0.293313 0.525946 0.266717 0.514898 0.283435 0.510880 0.325228 0.510880 0.435410
0 0.534315 0.532675 0.534315 0.588906 0.547037 0.600304 0.559424 0.587386 0.562437 0.531915 0.556746 0.413374 0.556746 0.342705 0.553398 0.274316 0.546368 0.255319 0.532976 0.285714
0 0.552394 0.522796 0.558755 0.568389 0.571476 0.592705 0.583863 0.572188 0.586876 0.518237 0.579176 0.402736 0.574824 0.318389 0.573485 0.280395 0.563107 0.266717 0.558755 0.266717 0.551055 0.303951
0 0.573485 0.500760 0.568463 0.532675 0.576833 0.573708 0.583863 0.579787 0.597924 0.581307 0.609642 0.553191 0.602946 0.439210 0.594576 0.341945 0.583194 0.268237 0.569133 0.272796 0.567124 0.338906
0 0.610311 0.471884 0.609642 0.480243 0.610981 0.540274 0.623033 0.553191 0.644794 0.551672 0.657851 0.518237 0.652829 0.464286 0.637764 0.373860 0.631403 0.319909 0.621694 0.285714 0.609642 0.281915 0.594576 0.307751 0.597924 0.375380
0 0.641111 0.452888 0.646133 0.492401 0.662203 0.519757 0.681620 0.508359 0.690660 0.462766 0.682290 0.413374 0.661533 0.326748 0.646803 0.274316 0.639103 0.262918 0.629394 0.291793 0.629394 0.329787
0 0.660529 0.378419 0.671242 0.416413 0.688651 0.417933 0.711416 0.397416 0.710747 0.356383 0.697690 0.307751 0.687981 0.265957 0.667559 0.209726 0.657851 0.202888 0.646803 0.217325 0.645464 0.261398
0 0.502176 0.614742 0.502176 0.664894 0.501507 0.741641 0.501507 0.777356 0.505859 0.820669 0.513559 0.826748 0.522598 0.756839 0.522598 0.642857 0.523937 0.611702 0.512889 0.604863
0 0.525946 0.604863 0.520589 0.632219 0.523267 0.746201 0.523267 0.788754 0.530298 0.844225 0.543355 0.842705 0.550385 0.801672 0.546368 0.689210 0.545028 0.642857 0.545698 0.597264
0 0.543355 0.616261 0.551055 0.825228 0.561098 0.851824 0.574824 0.825228 0.574824 0.728723 0.571476 0.638298 0.569468 0.592705 0.555407 0.584347 0.543355 0.601824
0 0.579176 0.582827 0.569133 0.601824 0.567794 0.635258 0.572146 0.684650 0.573485 0.771277 0.573485 0.823708 0.581855 0.855623 0.599933 0.855623 0.603616 0.787234 0.600603 0.665653 0.595916 0.589666 0.586876 0.581307
0 0.595916 0.579787 0.595916 0.632219 0.598594 0.682371 0.600603 0.782675 0.616003 0.851824 0.631403 0.850304 0.635420 0.781155 0.625042 0.698328 0.628055 0.620821 0.628055 0.579787 0.617342 0.568389 0.601272 0.569909
0 0.643120 0.546353 0.639103 0.562310 0.646133 0.623860 0.671242 0.677812 0.703381 0.724164 0.723468 0.743161 0.741547 0.731763 0.751925 0.683891 0.739538 0.651216 0.712420 0.606383 0.699029 0.579787 0.689320 0.528875 0.675259 0.512918 0.658520 0.535714
0 0.690660 0.516717 0.689990 0.534195 0.706060 0.591185 0.728490 0.642857 0.749916 0.664894 0.765316 0.667173 0.763977 0.595745 0.748577 0.546353 0.742216 0.522796 0.730499 0.477204 0.722799 0.470365 0.715099 0.467325 0.704051 0.492401
