0 0.471066 0.575228 0.496785 0.579787 0.498816 0.496201 0.496785 0.311550 0.487310 0.316869 0.475804 0.497720 0.471743 0.544073
0 0.457191 0.568389 0.468697 0.572188 0.475127 0.453647 0.483249 0.322948 0.462267 0.337386 0.454484 0.515198
0 0.436210 0.570669 0.447039 0.568389 0.454484 0.552432 0.459222 0.531155 0.463621 0.319909 0.449408 0.327508 0.437902 0.442249 0.435533 0.497720 0.432149 0.555471
0 0.418274 0.553951 0.427750 0.573708 0.431472 0.565350 0.442301 0.565350 0.448731 0.549392 0.450761 0.531915 0.449408 0.496201 0.448731 0.321429 0.428426 0.316869 0.419966 0.408815 0.419966 0.447568 0.416920 0.483283 0.413875 0.516717
0 0.403384 0.565350 0.418274 0.568389 0.428426 0.569909 0.436210 0.556991 0.436548 0.533435 0.434179 0.493921 0.431134 0.439210 0.425381 0.329027 0.405415 0.322948 0.406091 0.439210 0.406091 0.457447 0.401015 0.490881 0.397631 0.509119 0.397631 0.536474
0 0.380372 0.562310 0.386125 0.565350 0.401692 0.563830 0.412521 0.562310 0.417597 0.550912 0.418274 0.507599 0.418274 0.496201 0.414213 0.357143 0.385787 0.355623 0.366497 0.361702 0.370897 0.455167 0.375973 0.506079 0.375973 0.528116 0.373604 0.553951 0.374619 0.569909
0 0.344162 0.553951 0.350592 0.559271 0.366497 0.562310 0.382403 0.565350 0.386802 0.555471 0.388156 0.515198 0.387479 0.468085 0.383080 0.417933 0.367174 0.338906 0.346531 0.355623 0.346193 0.440729 0.349239 0.479483 0.349915 0.494681 0.344162 0.529635
0 0.496785 0.576748 0.512014 0.582067 0.516413 0.581307 0.517766 0.557751 0.517766 0.533435 0.519797 0.506079 0.517090 0.316109 0.504907 0.316109 0.499154 0.473404 0.497462 0.516717 0.494755 0.534954 0.494078 0.560790
0 0.521489 0.575228 0.518443 0.562310 0.518443 0.502280 0.522166 0.460486 0.529272 0.337386 0.542809 0.361702 0.542132 0.429331 0.542132 0.474924 0.542132 0.522036 0.542132 0.556991 0.538748 0.572188 0.530626 0.573708
0 0.540778 0.576748 0.538071 0.549392 0.535702 0.523556 0.537056 0.496201 0.544501 0.439210 0.550254 0.384498 0.559391 0.366261 0.565821 0.381459 0.563113 0.442249 0.561083 0.481003 0.563113 0.515198 0.563113 0.542553 0.558714 0.578267 0.550254 0.585106
0 0.549239 0.579787 0.549239 0.560790 0.547885 0.518997 0.550254 0.493921 0.552961 0.453647 0.575296 0.357143 0.582403 0.364742 0.584095 0.397416 0.578342 0.466565 0.576650 0.506079 0.573942 0.542553 0.570897 0.573708 0.561760 0.585106
0 0.600677 0.596505 0.593909 0.583587 0.590525 0.556991 0.592555 0.526596 0.598308 0.483283 0.612860 0.379179 0.628765 0.382979 0.633503 0.410334 0.632826 0.473404 0.623689 0.542553 0.622673 0.575228 0.623012 0.592705
0 0.626396 0.568389 0.623012 0.522036 0.626396 0.487842 0.640948 0.367021 0.655161 0.389058 0.653807 0.447568 0.653807 0.486322 0.655838 0.512158 0.656853 0.531915 0.659560 0.555471 0.654484 0.576748 0.637225 0.588146 0.627750 0.586626
0 0.498139 0.589666 0.515736 0.588146 0.512690 0.652736 0.508291 0.783435 0.498139 0.770517 0.498139 0.657295 0.498139 0.623860
0 0.512014 0.588146 0.518443 0.586626 0.527919 0.583587 0.532995 0.589666 0.533672 0.617021 0.530626 0.645897 0.528596 0.664134 0.520474 0.811550 0.511337 0.806231 0.511337 0.775836 0.513367 0.733283 0.514044 0.686930 0.514044 0.654255 0.513367 0.618541
0 0.532995 0.670213 0.529272 0.633739 0.528596 0.607903 0.528596 0.599544 0.535702 0.588146 0.547208 0.588146 0.557360 0.607903 0.555330 0.642857 0.551607 0.683131 0.546531 0.728723 0.540778 0.844985 0.529949 0.838906 0.527242 0.804711 0.531303 0.746960 0.531303 0.702888
0 0.550254 0.709726 0.552961 0.655775 0.551607 0.628419 0.551607 0.620061 0.558037 0.594985 0.570897 0.591185 0.576650 0.598024 0.578342 0.613982 0.580372 0.642857 0.577665 0.670973 0.571912 0.705927 0.571574 0.761398 0.567513 0.859422 0.552284 0.846505 0.552284 0.746960
0 0.571574 0.712766 0.572589 0.688450 0.572589 0.672492 0.570897 0.655775 0.573266 0.612462 0.579019 0.602584 0.584772 0.599544 0.602030 0.625380 0.602707 0.645897 0.596277 0.672492 0.591878 0.724164 0.591878 0.778875 0.584772 0.861702 0.573266 0.840426 0.573942 0.780395
0 0.632826 0.730243 0.622673 0.715805 0.617259 0.701368 0.611168 0.683891 0.607107 0.661094 0.607783 0.633739 0.610491 0.622340 0.614213 0.615502 0.625719 0.609422 0.637225 0.605623 0.646701 0.610942 0.652453 0.639818 0.671066 0.702888 0.677496 0.728723 0.686294 0.781915 0.667343 0.814590 0.653130 0.798632
0 0.659560 0.680091 0.656514 0.670973 0.646024 0.651216 0.639594 0.629939 0.640271 0.604103 0.645008 0.585106 0.660914 0.582067 0.678173 0.578267 0.683926 0.576748 0.689679 0.598024 0.689679 0.632979 0.692724 0.649696 0.714382 0.693009 0.727242 0.756079 0.696447 0.757599 0.692047 0.748480 0.684602 0.733283 0.678173 0.721884 0.665313 0.698328
0 0.481895 0.592705 0.489679 0.589666 0.498139 0.596505 0.496785 0.677052 0.489679 0.800152 0.478849 0.784954 0.484602 0.698328 0.484602 0.639818
0 0.464975 0.636778 0.462267 0.615502 0.461591 0.602584 0.464975 0.588146 0.478849 0.589666 0.481557 0.602584 0.483249 0.655775 0.478849 0.814590 0.467343 0.811550 0.465313 0.688450
0 0.443655 0.670213 0.443655 0.631459 0.446362 0.601064 0.447039 0.592705 0.464975 0.598024 0.465990 0.617021 0.466667 0.668693 0.466667 0.728723 0.465990 0.770517 0.455161 0.817629 0.448731 0.794833 0.448054 0.754559 0.446362 0.699848
0 0.424027 0.658055 0.420643 0.628419 0.421997 0.605623 0.427073 0.583587 0.430457 0.575228 0.443655 0.576748 0.448054 0.588146 0.452115 0.620061 0.452792 0.645897 0.445008 0.681611 0.434856 0.813070 0.425381 0.809271 0.419628 0.768997 0.421997 0.725684 0.422673 0.681611
0 0.396616 0.798632 0.402707 0.738602 0.402707 0.689970 0.400338 0.654255 0.400338 0.615502 0.403384 0.594985 0.414213 0.581307 0.430457 0.589666 0.432826 0.613982 0.432149 0.639818 0.427750 0.677052 0.421997 0.724164 0.413875 0.807751 0.411844 0.832067
0 0.383080 0.788754 0.391540 0.772036 0.401015 0.696809 0.406091 0.667173 0.414213 0.632979 0.418274 0.612462 0.414890 0.594225 0.404738 0.583587 0.381726 0.585106 0.368528 0.583587 0.371574 0.628419 0.367174 0.659574 0.359391 0.699848 0.352284 0.756079 0.349915 0.780395 0.360745 0.814590
0 0.335702 0.787234 0.340440 0.743161 0.349915 0.712766 0.359391 0.677052 0.372250 0.651216 0.377327 0.628419 0.382403 0.585106 0.372927 0.575228 0.357022 0.570669 0.344839 0.562310 0.339086 0.562310 0.329611 0.589666 0.326904 0.645897 0.321151 0.670213 0.312352 0.780395
