0 0.484158 0.376900 0.489142 0.414894 0.489142 0.448328 0.487362 0.471884 0.484158 0.496960 0.480242 0.549392 0.479174 0.583587 0.483090 0.598024 0.504094 0.591945 0.510858 0.575228 0.511926 0.537234 0.508010 0.492401 0.508010 0.450608 0.508010 0.393617 0.506942 0.372340
0 0.467426 0.366261 0.470274 0.410334 0.471342 0.442249 0.471342 0.465046 0.470274 0.480243 0.468494 0.496960 0.466358 0.518237 0.464578 0.568389 0.478462 0.591945 0.493058 0.556231 0.490210 0.423252 0.489142 0.391337 0.488074 0.372340
0 0.448558 0.361702 0.447490 0.397416 0.446778 0.443769 0.446778 0.469605 0.446778 0.492401 0.446778 0.513678 0.451762 0.551672 0.457458 0.568389 0.468494 0.530395 0.468494 0.496960 0.469562 0.450608 0.469562 0.423252 0.467426 0.385258 0.466358 0.363982
0 0.431826 0.348784 0.430758 0.374620 0.429690 0.410334 0.429690 0.448328 0.427910 0.484043 0.429690 0.528875 0.438590 0.557751 0.452474 0.534954 0.454610 0.492401 0.449626 0.442249 0.446778 0.404255 0.445710 0.367781 0.444642 0.347264
0 0.419010 0.342705 0.419010 0.366261 0.417942 0.412614 0.417942 0.448328 0.416162 0.486322 0.414026 0.511398 0.414026 0.547872 0.429690 0.568389 0.437878 0.547872 0.436810 0.494681 0.433962 0.448328 0.433962 0.404255 0.433962 0.353343
0 0.395158 0.336626 0.393378 0.378419 0.386258 0.431611 0.382342 0.454407 0.380562 0.490881 0.382342 0.532675 0.396226 0.560030 0.416874 0.528875 0.416874 0.496960 0.416162 0.458967 0.414026 0.401976 0.414026 0.367781 0.414026 0.329787 0.404058 0.317629
0 0.369527 0.325988 0.359559 0.361702 0.354575 0.397416 0.348879 0.427052 0.345675 0.446049 0.341759 0.462766 0.337843 0.484043 0.339979 0.507599 0.355643 0.530395 0.373443 0.537234 0.384478 0.518237 0.384478 0.461246 0.383410 0.420973 0.384478 0.370061 0.394090 0.315350 0.391242 0.302432 0.376290 0.300912
0 0.357779 0.262918 0.350659 0.266717 0.332859 0.285714 0.323959 0.300912 0.316127 0.313070 0.312211 0.336626 0.313279 0.359422 0.322891 0.386778 0.336063 0.404255 0.347811 0.395897 0.353863 0.378419 0.361695 0.353343 0.368459 0.328267 0.373443 0.302432 0.375578 0.290274 0.374511 0.272796
0 0.510858 0.361702 0.510858 0.399696 0.510858 0.467325 0.510858 0.509878 0.508010 0.545593 0.505874 0.566869 0.509790 0.585866 0.521894 0.594225 0.534710 0.575228 0.536490 0.519757 0.534710 0.486322 0.530794 0.437690 0.529726 0.399696 0.529726 0.359422
0 0.539694 0.342705 0.537558 0.382979 0.528658 0.446049 0.527590 0.519757 0.529726 0.553951 0.539694 0.568389 0.550374 0.551672 0.552510 0.507599 0.550374 0.452888 0.548594 0.414894
0 0.555358 0.342705 0.555358 0.367781 0.549662 0.427052 0.545390 0.494681 0.545390 0.537234 0.550374 0.575228 0.565326 0.566869 0.572090 0.524316 0.572090 0.462766 0.569242 0.410334 0.567462 0.347264
0 0.573158 0.329787 0.572090 0.359422 0.567462 0.431611 0.563190 0.458967 0.562478 0.513678 0.567462 0.547872 0.580990 0.557751 0.590958 0.553951 0.593094 0.515957 0.593094 0.454407 0.590958 0.395897 0.588110 0.344985 0.587042 0.313070
0 0.595942 0.310790 0.599858 0.329787 0.597010 0.361702 0.593094 0.395897 0.590958 0.443769 0.590958 0.488602 0.590958 0.519757 0.597010 0.537234 0.609826 0.537234 0.621574 0.528875 0.628693 0.496960 0.626557 0.435410 0.626557 0.378419 0.626557 0.336626
0 0.510858 0.765198 0.511926 0.727204 0.511926 0.690729 0.511926 0.655015 0.511926 0.629939 0.514774 0.614742 0.521894 0.613222 0.523674 0.638298 0.523674 0.678571 0.522962 0.693009 0.519758 0.708207 0.521894 0.779635
0 0.536490 0.617021 0.527590 0.644377 0.524742 0.701368 0.529726 0.731003 0.530794 0.746201 0.534710 0.790274 0.541474 0.819909 0.555358 0.806991 0.554290 0.754559 0.551442 0.720365 0.550374 0.659574 0.550374 0.625380
0 0.653257 0.519757 0.638661 0.545593 0.635457 0.566869 0.646493 0.604863 0.656461 0.642857 0.669989 0.682371 0.698825 0.720365 0.722677 0.684650 0.723389 0.671733 0.717693 0.617021 0.704877 0.589666 0.696689 0.564590 0.688857 0.534954 0.678177 0.524316 0.669277 0.522036
0 0.498042 0.600304 0.490210 0.627660 0.490210 0.651216 0.493058 0.678571 0.496262 0.703647 0.496974 0.747720 0.500178 0.804711 0.509078 0.777356 0.509790 0.727204 0.509790 0.695289 0.509790 0.652736 0.509078 0.632219
0 0.482378 0.610942 0.474902 0.632979 0.474902 0.658055 0.477394 0.686170 0.479886 0.712766 0.480954 0.756839 0.485938 0.813830 0.493414 0.804711 0.494838 0.774316 0.494838 0.737842 0.494838 0.695289 0.494838 0.635258 0.492346 0.607143
0 0.431826 0.613982 0.425418 0.636778 0.424706 0.684650 0.422926 0.728723 0.418654 0.771277 0.417942 0.808511 0.432894 0.778116 0.435386 0.737842 0.436810 0.705927 0.447846 0.648936 0.451050 0.608663
0 0.381630 0.610182 0.374867 0.627660 0.365611 0.645897 0.354219 0.668693 0.343539 0.679331 0.330011 0.691489 0.317907 0.700608 0.306871 0.707447 0.296903 0.689970 0.293699 0.674012 0.291207 0.647416 0.308651 0.620821 0.322535 0.604863 0.339267 0.587386 0.351015 0.571429 0.358135 0.562310 0.373087 0.567629 0.379850 0.588906
