0 0.479700 0.362462 0.473559 0.392857 0.473559 0.423252 0.474582 0.453647 0.481406 0.507599 0.476629 0.555471 0.495053 0.577508 0.500853 0.560030 0.500853 0.503040 0.509724 0.453647 0.500853 0.398936 0.498124 0.362462 0.497100 0.348784
0 0.464005 0.363982 0.458205 0.398936 0.450358 0.442249 0.445582 0.481763 0.446264 0.520517 0.450358 0.550912 0.459911 0.555471 0.470829 0.527356 0.470829 0.485562 0.469806 0.444529 0.469806 0.383739 0.474582 0.357903
0 0.439440 0.360182 0.427840 0.390578 0.418970 0.449088 0.418970 0.494681 0.427840 0.548632 0.434664 0.553191 0.450358 0.548632 0.453088 0.494681 0.454111 0.459726 0.450358 0.420973 0.454111 0.357903
0 0.409417 0.357903 0.405322 0.388298 0.403617 0.472644 0.398840 0.514438 0.403617 0.557751 0.417264 0.550912 0.425793 0.529635 0.436711 0.492401 0.441488 0.444529 0.438758 0.388298 0.436711 0.335866 0.415217 0.320669
0 0.385875 0.335866 0.381099 0.379179 0.381099 0.423252 0.381099 0.455167 0.381099 0.500760 0.381099 0.527356 0.387922 0.537994 0.394746 0.522796 0.401569 0.492401 0.406346 0.472644 0.410440 0.433891 0.408393 0.414134 0.408393 0.357903 0.405322 0.332067
0 0.374275 0.340426 0.365404 0.368541 0.353804 0.433891 0.343910 0.487842 0.342204 0.514438 0.359604 0.531155 0.373251 0.535714 0.378369 0.515957 0.387922 0.451368 0.390993 0.344985 0.394746 0.320669
0 0.349028 0.322948 0.329580 0.362462 0.315933 0.459726 0.312863 0.485562 0.327533 0.512158 0.343228 0.520517 0.351075 0.496960 0.351075 0.457447 0.365404 0.368541 0.372228 0.335866
0 0.509724 0.360182 0.507677 0.442249 0.507677 0.490122 0.504947 0.531155 0.501876 0.579027 0.517571 0.585866 0.527465 0.572948 0.529171 0.520517 0.529171 0.481763 0.531218 0.381459 0.540089 0.347264 0.522347 0.335866
0 0.534971 0.347264 0.529171 0.403495 0.530194 0.459726 0.534289 0.514438 0.534289 0.548632 0.542818 0.557751 0.551689 0.557751 0.560560 0.509878 0.557489 0.444529 0.557489 0.408055 0.556465 0.373100
0 0.560560 0.340426 0.556465 0.360182 0.556465 0.429331 0.556465 0.500760 0.565336 0.577508 0.582054 0.555471 0.580007 0.503040 0.581030 0.446809 0.575913 0.379179 0.577960 0.348784 0.578983 0.312310 0.569089 0.301672 0.559536 0.312310
0 0.590583 0.338146 0.588878 0.357903 0.574207 0.436170 0.574207 0.472644 0.581030 0.529635 0.585807 0.550912 0.591607 0.561550 0.603207 0.560030 0.607301 0.512158 0.602525 0.431611 0.602525 0.390578 0.609348 0.363982 0.605254 0.335866
0 0.631525 0.355623 0.625725 0.379179 0.620948 0.537994 0.611054 0.557751 0.601501 0.520517 0.603207 0.423252 0.609348 0.373100 0.612078 0.347264
0 0.631525 0.357903 0.619925 0.423252 0.621972 0.472644 0.623678 0.529635 0.631525 0.555471 0.640396 0.555471 0.657796 0.555471 0.665643 0.540274 0.656090 0.490122 0.655067 0.444529 0.654043 0.383739 0.653019 0.366261 0.650290 0.325228 0.636643 0.325228
0 0.657114 0.327508 0.653019 0.379179 0.657796 0.464286 0.658820 0.487842 0.661890 0.518237 0.670761 0.529635 0.681337 0.525076 0.691914 0.518237 0.691232 0.472644 0.683385 0.390578 0.675537 0.322948
0 0.508700 0.761398 0.509724 0.668693 0.509724 0.601064 0.521324 0.598784 0.527465 0.639818 0.523371 0.720365 0.523371 0.778875 0.512794 0.803191
0 0.539065 0.590426 0.525418 0.639818 0.525418 0.713526 0.524394 0.789514 0.534289 0.798632 0.541112 0.718085 0.541112 0.672492 0.546912 0.633739 0.554759 0.605623
0 0.558512 0.590426 0.549642 0.629179 0.546912 0.681611 0.550665 0.722644 0.556465 0.785714 0.562265 0.813830 0.568407 0.813830 0.570113 0.761398 0.569089 0.679331 0.574207 0.633739 0.575230 0.598784
0 0.582736 0.596505 0.580007 0.657295 0.575913 0.720365 0.582736 0.774316 0.598431 0.781155 0.596383 0.743921 0.597407 0.674772 0.607301 0.611702 0.601501 0.592705
0 0.635619 0.596505 0.623678 0.601064 0.622996 0.626900 0.632549 0.683891 0.641419 0.715805 0.659843 0.776596 0.667690 0.761398 0.677584 0.702888 0.663937 0.661854 0.657796 0.601064 0.659843 0.581307
0 0.670761 0.590426 0.659843 0.603343 0.667690 0.642097 0.686114 0.692249 0.706585 0.763678 0.713408 0.689970 0.699079 0.633739 0.700785 0.590426 0.696008 0.557751 0.667690 0.563830
0 0.493347 0.761398 0.490276 0.731003 0.485500 0.687690 0.485500 0.633739 0.491300 0.601064 0.499147 0.601064 0.504947 0.636018 0.502900 0.683891 0.501876 0.743921 0.505971 0.781155 0.491300 0.794073
0 0.466053 0.579027 0.459229 0.616261 0.461958 0.674772 0.466053 0.742401 0.466735 0.776596 0.468782 0.800912 0.478676 0.735562 0.480382 0.694529 0.481406 0.651216 0.483453 0.598784 0.477653 0.581307
0 0.450358 0.583587 0.440464 0.601064 0.432617 0.633739 0.429887 0.670213 0.431934 0.720365 0.441488 0.783435 0.443535 0.803191 0.454111 0.759119 0.453088 0.709726 0.453088 0.661854 0.460935 0.598784
0 0.422040 0.598784 0.413170 0.592705 0.409417 0.631459 0.408393 0.668693 0.408393 0.705167 0.408393 0.740122 0.412146 0.776596 0.417264 0.794073 0.423064 0.757599 0.426817 0.727204 0.428864 0.702888 0.434664 0.633739 0.434664 0.601064
0 0.384169 0.579027 0.370522 0.585866 0.367451 0.624620 0.369498 0.694529 0.374275 0.733283 0.377346 0.765957 0.385875 0.774316 0.397816 0.740122 0.400546 0.689970 0.414193 0.644377 0.409417 0.598784 0.402593 0.585866
0 0.353804 0.557751 0.339133 0.583587 0.336404 0.605623 0.327533 0.636018 0.318663 0.666413 0.322757 0.700608 0.331286 0.724924 0.338110 0.733283 0.350051 0.733283 0.359604 0.702888 0.363698 0.666413 0.376322 0.618541 0.385193 0.596505 0.385875 0.570669 0.372228 0.560030 0.365404 0.560030
0 0.314910 0.525076 0.305015 0.535714 0.294439 0.592705 0.287615 0.618541 0.280792 0.648936 0.276697 0.670213 0.286592 0.692249 0.303992 0.705167 0.309110 0.672492 0.325486 0.623100 0.339133 0.598784 0.348004 0.561550 0.341180 0.544833 0.328557 0.529635
