0 0.475841 0.515198 0.501166 0.512918 0.487504 0.283435 0.471176 0.285714 0.467178 0.462006
0 0.450850 0.508359 0.470177 0.510638 0.473176 0.429331 0.465511 0.285714 0.451849 0.292553 0.449850 0.462006
0 0.432522 0.515198 0.448850 0.510638 0.450850 0.442249 0.445185 0.270517 0.433522 0.278875 0.427857 0.472644
0 0.418860 0.518997 0.446185 0.493161 0.442186 0.430851 0.433522 0.290274 0.412196 0.297112 0.412196 0.437690 0.410197 0.484043
0 0.404532 0.508359 0.432522 0.479483 0.418860 0.265957 0.397867 0.272796 0.398867 0.420213 0.395868 0.468845
0 0.375541 0.486322 0.409197 0.471125 0.418860 0.433131 0.414195 0.378419 0.409197 0.268237 0.388204 0.281155 0.379540 0.386778 0.371543 0.405015 0.369877 0.457447
0 0.339887 0.450608 0.357214 0.464286 0.379540 0.446809 0.383206 0.407295 0.386205 0.285714 0.363879 0.268237 0.348550 0.344985 0.335888 0.391337 0.333889 0.433131
0 0.300233 0.386778 0.321559 0.427052 0.338887 0.413374 0.347551 0.385258 0.352216 0.290274 0.351549 0.261398 0.332223 0.241641 0.320560 0.285714 0.314562 0.322948 0.302233 0.347264
0 0.504832 0.515198 0.526158 0.496960 0.508830 0.256839 0.488504 0.259119 0.496168 0.455167
0 0.523492 0.490881 0.546485 0.481763 0.529157 0.265957 0.510830 0.270517
0 0.539820 0.474924 0.559147 0.484043 0.565811 0.452888 0.557148 0.246201 0.537821 0.234802 0.536821 0.417933 0.536821 0.464286
0 0.566811 0.459726 0.584139 0.446809 0.591803 0.400456 0.581140 0.250760 0.561813 0.255319 0.561146 0.402736
0 0.586138 0.444529 0.622792 0.439970 0.621793 0.393617 0.609130 0.329787 0.595801 0.237082 0.563812 0.263678 0.577474 0.364742 0.572476 0.402736
0 0.665445 0.405015 0.687438 0.332067 0.668111 0.253040 0.666111 0.199848 0.640120 0.206687 0.630457 0.290274 0.639120 0.363222 0.654782 0.405015
0 0.502166 0.576748 0.518494 0.567629 0.529157 0.748480 0.515495 0.763678
0 0.519494 0.559271 0.540820 0.545593 0.540820 0.754559 0.530157 0.763678
0 0.539820 0.563070 0.544485 0.541033 0.562812 0.552432 0.566811 0.778875 0.545485 0.781155 0.537821 0.594225
0 0.559147 0.552432 0.567811 0.518997 0.585138 0.534954 0.588137 0.609422 0.590803 0.763678 0.572476 0.768237 0.561146 0.591945 0.558147 0.574468
0 0.566811 0.525836 0.584139 0.506079 0.599467 0.521277 0.609130 0.642857 0.626791 0.708967 0.610130 0.726444 0.582139 0.607143 0.564812 0.545593
0 0.582139 0.501520 0.611130 0.472644 0.630457 0.472644 0.640120 0.528116 0.671110 0.651216 0.649783 0.697568 0.616128 0.645137 0.602466 0.579027 0.585138 0.534954
0 0.620793 0.466565 0.648784 0.420213 0.667111 0.417933 0.677774 0.466565 0.682772 0.493161 0.725092 0.594225 0.703099 0.642857 0.656781 0.567629 0.642119 0.530395 0.624792 0.499240
0 0.480840 0.569909 0.501166 0.572188 0.518494 0.761398 0.499167 0.775076
0 0.463512 0.565350 0.484838 0.576748 0.499167 0.787994 0.482839 0.797112
0 0.439187 0.580547 0.453849 0.563070 0.464512 0.576748 0.483839 0.807751 0.458514 0.820669
0 0.419860 0.569909 0.431523 0.560790 0.445185 0.567629 0.453849 0.648936 0.459513 0.798632 0.440187 0.803191 0.418860 0.607143
0 0.384205 0.515198 0.430523 0.538754 0.417194 0.604863 0.389204 0.770517 0.336888 0.677812 0.374542 0.582827 0.376541 0.541033
0 0.346551 0.472644 0.390870 0.494681 0.384205 0.556991 0.374542 0.582827 0.334888 0.690729 0.300233 0.668693 0.328224 0.552432 0.334888 0.501520
0 0.322559 0.424772 0.350550 0.471125 0.334888 0.516717 0.277907 0.618541 0.248917 0.545593 0.292569 0.455167 0.315561 0.424772
