0 0.461203 0.709726 0.476318 0.725684 0.486060 0.712766 0.486060 0.654255 0.495465 0.481763 0.470608 0.481763 0.465233 0.628419
0 0.445415 0.651216 0.445415 0.688450 0.453813 0.708967 0.461874 0.711246 0.466913 0.680091 0.463218 0.612462 0.468257 0.481763 0.451125 0.487842
0 0.425932 0.623860 0.420558 0.659574 0.420558 0.689970 0.441048 0.709726 0.447430 0.701368 0.447430 0.652736 0.447430 0.628419 0.448438 0.481763 0.435338 0.484802
0 0.390326 0.615502 0.388982 0.655775 0.393349 0.680091 0.414847 0.689970 0.425260 0.688450 0.423917 0.648176 0.420222 0.615502 0.420222 0.594225 0.423917 0.533435 0.418206 0.481763 0.395364 0.490881
0 0.368828 0.617021 0.366140 0.662614 0.372523 0.685410 0.386967 0.677052 0.403090 0.677052 0.409809 0.607143 0.409137 0.476444 0.383944 0.474924 0.378905 0.583587
0 0.335237 0.626900 0.337588 0.654255 0.353376 0.662614 0.364797 0.667173 0.379577 0.658055 0.380249 0.615502 0.376889 0.460486 0.355391 0.465046 0.351025 0.559271 0.342627 0.585106 0.337588 0.610942
0 0.319785 0.553951 0.305341 0.607143 0.303325 0.628419 0.318777 0.642857 0.330870 0.649696 0.346658 0.645897 0.349681 0.607143 0.354048 0.455927 0.331878 0.457447
0 0.487739 0.722644 0.502519 0.722644 0.515284 0.717325 0.514612 0.665653 0.514612 0.620821 0.510581 0.479483 0.496809 0.494681 0.489083 0.657295 0.482701 0.686930
0 0.511925 0.705927 0.522002 0.715805 0.531072 0.707447 0.534767 0.680091 0.532751 0.628419 0.535438 0.494681 0.515620 0.503799 0.513268 0.652736 0.511253 0.683891
0 0.531743 0.654255 0.538462 0.696809 0.546187 0.707447 0.554921 0.709726 0.561303 0.670213 0.561303 0.636778 0.554585 0.473404 0.536110 0.481763
0 0.545516 0.641337 0.545516 0.678571 0.554585 0.696809 0.566342 0.688450 0.581794 0.683891 0.581794 0.649696 0.574068 0.581307 0.569701 0.474924 0.549882 0.477964 0.546859 0.599544 0.546859 0.626900
0 0.567014 0.622340 0.566006 0.664134 0.566006 0.686930 0.581794 0.685410 0.586161 0.683891 0.598253 0.675532 0.594222 0.644377 0.585489 0.449088 0.563319 0.452128
0 0.622775 0.659574 0.616056 0.631459 0.617736 0.594985 0.619751 0.568389 0.622103 0.458967 0.643937 0.458967 0.647632 0.578267 0.655694 0.612462 0.657037 0.628419 0.639234 0.649696
0 0.664091 0.651216 0.659725 0.644377 0.651327 0.632979 0.653342 0.599544 0.636211 0.440729 0.659725 0.443009 0.668458 0.507599 0.679879 0.544073 0.683574 0.572188 0.688277 0.589666 0.689956 0.613982 0.687605 0.635258 0.677864 0.641337
0 0.482029 0.675532 0.500504 0.672492 0.503191 0.876140 0.486060 0.877660
0 0.501847 0.672492 0.520322 0.678571 0.521330 0.793313 0.515620 0.885258 0.504199 0.889058
0 0.521330 0.718845 0.518307 0.689970 0.520322 0.670973 0.537454 0.670213 0.546859 0.686930 0.546859 0.762918 0.541149 0.893617 0.524017 0.882219
0 0.543164 0.733283 0.535438 0.696809 0.543164 0.683891 0.567014 0.696809 0.571045 0.722644 0.567014 0.770517 0.567014 0.898936 0.551898 0.895137 0.546859 0.757599
0 0.566006 0.756079 0.556265 0.725684 0.554585 0.685410 0.582801 0.694529 0.589856 0.705927 0.590527 0.734043 0.590527 0.778875 0.596238 0.874620 0.579106 0.877660 0.567686 0.772036
0 0.595566 0.767477 0.577091 0.734043 0.574740 0.705927 0.574740 0.696809 0.588512 0.670213 0.601948 0.652736 0.613369 0.655775 0.624790 0.674012 0.627813 0.705927 0.634867 0.741641 0.657037 0.835866 0.612026 0.867781
0 0.633188 0.741641 0.621095 0.727204 0.610682 0.699848 0.614041 0.665653 0.630501 0.652736 0.643937 0.649696 0.657709 0.652736 0.662748 0.674012 0.664763 0.705927 0.691300 0.809271 0.664763 0.832067
0 0.466241 0.683891 0.487739 0.675532 0.487739 0.877660 0.473967 0.872340
0 0.449782 0.675532 0.468928 0.680091 0.477662 0.873860 0.463890 0.864742
0 0.430971 0.735562 0.430299 0.701368 0.438361 0.667173 0.446087 0.667173 0.458179 0.699848 0.458851 0.838906 0.445415 0.914894 0.435338 0.848024
0 0.408801 0.756079 0.406785 0.717325 0.413168 0.683891 0.436681 0.683891 0.444071 0.698328 0.437689 0.778875 0.430971 0.905015 0.411824 0.890578
0 0.380249 0.876140 0.385287 0.796353 0.388982 0.746201 0.388982 0.731763 0.391669 0.675532 0.413168 0.678571 0.423245 0.693009 0.413839 0.743161 0.410480 0.759119 0.400403 0.893617
0 0.349009 0.838906 0.350353 0.787234 0.353376 0.757599 0.356735 0.731763 0.354720 0.696809 0.360430 0.658055 0.380249 0.664134 0.407457 0.683891 0.399731 0.721884 0.392677 0.744681 0.381256 0.882219
0 0.302318 0.811550 0.307356 0.751520 0.311723 0.718845 0.315418 0.701368 0.314746 0.670973 0.325495 0.641337 0.345986 0.648176 0.368828 0.675532 0.358750 0.715805 0.343299 0.783435 0.328183 0.851824
0 0.270406 0.753040 0.275445 0.714286 0.277461 0.701368 0.281156 0.649696 0.298959 0.639818 0.316090 0.638298 0.327511 0.664134 0.320457 0.702888 0.307356 0.746960 0.297615 0.793313
