0 0.510402 0.506079 0.512554 0.544073 0.505022 0.563070 0.487088 0.566109 0.480273 0.535714 0.480990 0.481003 0.483501 0.435410 0.483501 0.373100 0.484577 0.335106 0.492468 0.318389 0.502869 0.338146 0.510043 0.392857
0 0.456600 0.510638 0.460187 0.553951 0.466643 0.565350 0.482425 0.546353 0.484577 0.487082 0.484577 0.417933 0.484577 0.350304 0.477044 0.310030 0.469154 0.304711 0.459828 0.324468 0.461980 0.366261 0.461980 0.417933
0 0.434362 0.529635 0.441176 0.573708 0.456600 0.561550 0.465208 0.508359 0.461980 0.361702 0.454448 0.316869 0.444405 0.307751 0.437231 0.318389 0.434003 0.342705
0 0.411406 0.504559 0.408178 0.533435 0.419297 0.566109 0.430775 0.553951 0.441176 0.559271 0.451220 0.525836 0.451220 0.458967 0.450861 0.376140 0.442970 0.332827 0.431851 0.324468 0.425395 0.333587 0.425395 0.378419
0 0.389527 0.462006 0.387016 0.483283 0.389527 0.515957 0.404950 0.527356 0.418580 0.527356 0.430416 0.510638 0.426471 0.474924 0.424319 0.434650 0.422884 0.409574 0.422884 0.378419 0.422884 0.347264 0.421808 0.331307 0.415352 0.328267 0.404950 0.331307 0.398494 0.362462 0.394548 0.430851
0 0.355811 0.484802 0.351506 0.506079 0.351148 0.549392 0.368006 0.565350 0.391320 0.567629 0.404950 0.525076 0.399570 0.439970 0.393831 0.348024 0.388451 0.326748 0.373745 0.316109 0.359397 0.340426 0.355452 0.382979 0.354735 0.433131
0 0.310976 0.500000 0.319584 0.532675 0.338953 0.549392 0.354376 0.527356 0.356887 0.470365 0.357963 0.408815 0.361191 0.344985 0.344692 0.316109 0.331062 0.316109 0.319943 0.333587 0.315638 0.376140 0.315638 0.411854 0.315638 0.455927
0 0.512554 0.504559 0.509326 0.534954 0.515065 0.575988 0.537303 0.571429 0.547346 0.544833 0.540890 0.473404 0.535868 0.368541 0.526901 0.291033 0.520803 0.271277 0.511119 0.278875 0.506098 0.309271
0 0.549498 0.509119 0.548780 0.539514 0.554161 0.592705 0.565638 0.587386 0.575323 0.551672 0.583572 0.493921 0.595768 0.419453 0.600072 0.352584 0.601148 0.325988 0.583214 0.322188 0.571019 0.359422 0.566356 0.413374
0 0.578910 0.490122 0.575323 0.510638 0.579627 0.541793 0.593257 0.544833 0.604376 0.518997 0.606528 0.456687 0.615495 0.419453 0.621593 0.392857 0.625538 0.363982 0.610115 0.362462 0.593615 0.404255
0 0.596485 0.551672 0.595768 0.579787 0.605811 0.596505 0.626614 0.599544 0.634505 0.571429 0.633788 0.522796 0.633788 0.443009 0.634505 0.404255 0.635940 0.373100 0.630201 0.352584 0.620158 0.350304 0.611549 0.385258
0 0.629484 0.549392 0.631277 0.570669 0.647059 0.594225 0.678264 0.573708 0.684362 0.540274 0.680775 0.491641 0.685079 0.442249 0.688666 0.397416 0.679340 0.373860 0.663917 0.360182 0.648135 0.370821 0.640603 0.394377 0.640244 0.436930 0.640603 0.475684 0.634505 0.512918 0.628407 0.533435
0 0.507174 0.604103 0.508250 0.588906 0.528336 0.588906 0.530846 0.607143 0.527977 0.689210 0.526901 0.740122 0.524749 0.784195 0.519010 0.807751 0.508967 0.784954 0.506815 0.653495
0 0.527977 0.613222 0.527260 0.656535 0.522956 0.739362 0.520086 0.796353 0.522956 0.814590 0.533716 0.818389 0.538379 0.779635 0.549857 0.675532 0.555954 0.598784 0.549857 0.588906 0.536944 0.586626 0.527260 0.594225
0 0.558465 0.606383 0.553802 0.615502 0.549857 0.664134 0.541966 0.744681 0.536227 0.800912 0.536227 0.833587 0.543759 0.851064 0.553802 0.843465 0.575323 0.663374 0.579627 0.626140 0.575323 0.609422 0.567791 0.601824
0 0.566356 0.630699 0.566714 0.665653 0.571019 0.775076 0.576758 0.829787 0.584290 0.846505 0.596844 0.838906 0.596485 0.756079 0.600430 0.686930 0.605811 0.643617 0.601148 0.611702 0.587877 0.604103
0 0.664275 0.607143 0.658178 0.617781 0.658178 0.656535 0.688666 0.740122 0.710904 0.791033 0.727762 0.806231 0.742468 0.801672 0.755022 0.775076 0.749283 0.722644 0.725251 0.658055 0.701937 0.601064 0.697274 0.590426 0.686514 0.588906 0.674319 0.604103
0 0.701937 0.549392 0.695122 0.567629 0.703013 0.605623 0.728121 0.675532 0.744978 0.717325 0.762912 0.742401 0.784075 0.736322 0.789455 0.692249 0.781564 0.644377 0.764706 0.623100 0.753945 0.594985 0.753587 0.560790 0.747848 0.537994 0.733142 0.531915 0.724175 0.539514 0.720947 0.542553
0 0.492109 0.575988 0.484218 0.584347 0.484218 0.618541 0.487088 0.689210 0.493185 0.786474 0.496772 0.801672 0.504663 0.800912 0.507174 0.780395 0.507174 0.686930 0.509326 0.617781 0.507174 0.584347 0.499283 0.577508
0 0.464132 0.605623 0.464132 0.632219 0.466643 0.723404 0.470947 0.782675 0.474175 0.820669 0.482066 0.832067 0.490316 0.819909 0.493185 0.782675 0.487805 0.667933 0.487088 0.634498 0.491033 0.594985 0.483501 0.582067 0.475251 0.575988 0.465208 0.589666
0 0.443329 0.618541 0.441176 0.683131 0.441176 0.778875 0.442253 0.818389 0.448709 0.850304 0.461980 0.845745 0.468077 0.800912 0.470230 0.689970 0.469871 0.623100 0.469871 0.585106 0.463415 0.573708 0.452296 0.575988 0.443329 0.592705
0 0.414993 0.610942 0.416428 0.645137 0.417145 0.725684 0.417145 0.753040 0.412841 0.797872 0.417145 0.822948 0.429340 0.832067 0.439383 0.805471 0.444046 0.689210 0.451937 0.629939 0.449785 0.605623 0.442970 0.589666 0.431133 0.586626 0.420732 0.601824
0 0.383429 0.613982 0.383429 0.649696 0.376973 0.724924 0.374462 0.761398 0.373386 0.795593 0.374462 0.825228 0.387374 0.829787 0.400287 0.803951 0.409613 0.759119 0.420373 0.677812 0.428264 0.639058 0.433286 0.609422 0.428623 0.590426 0.415352 0.580547 0.403515 0.578267 0.389168 0.594985
0 0.321736 0.547112 0.309900 0.558511 0.306313 0.594225 0.295552 0.632979 0.284075 0.655775 0.270445 0.698328 0.271521 0.743921 0.286585 0.762918 0.313486 0.749240 0.336442 0.667933 0.353300 0.630699 0.362267 0.601064 0.355811 0.573708 0.339670 0.558511
