0 0.520055 0.357903 0.521438 0.590426 0.480290 0.585106 0.484786 0.366261
0 0.465768 0.348024 0.483748 0.449848 0.480290 0.582067 0.452628 0.575988 0.454357 0.541793 0.442254 0.359422
0 0.427386 0.343465 0.450207 0.502280 0.453665 0.554711 0.424965 0.585866 0.420816 0.573708 0.417704 0.560790 0.414938 0.547112 0.415975 0.539514 0.416667 0.527356 0.417704 0.515957 0.416667 0.502280 0.416667 0.483283 0.410788 0.352584
0 0.403527 0.367781 0.414246 0.449088 0.416667 0.482523 0.416667 0.506079 0.416667 0.527356 0.415629 0.547112 0.414592 0.555471 0.411134 0.569909 0.403873 0.579027 0.398340 0.583587 0.392808 0.572188 0.389350 0.560030 0.390387 0.540274 0.393499 0.510638 0.395228 0.491641 0.386238 0.373860
0 0.289419 0.396657 0.283887 0.475684 0.285961 0.585106 0.264177 0.589666 0.246542 0.556991 0.247925 0.524316 0.252075 0.509119 0.254149 0.490881 0.244813 0.402736
0 0.276625 0.426292 0.285961 0.493921 0.285615 0.572948 0.311203 0.585106 0.326072 0.553951 0.327801 0.510638 0.300830 0.383739 0.272476 0.396657
0 0.311203 0.407295 0.327109 0.511398 0.325035 0.582827 0.346819 0.595745 0.375173 0.577508 0.373790 0.549392 0.371715 0.532675 0.369986 0.527356 0.365491 0.518997 0.364454 0.513678 0.362033 0.494681 0.359613 0.436170 0.344744 0.381459
0 0.361687 0.382979 0.366874 0.515198 0.365837 0.523556 0.365837 0.528116 0.365491 0.537994 0.365145 0.542553 0.365837 0.547112 0.366874 0.551672 0.367566 0.556231 0.368949 0.563070 0.375864 0.569909 0.385546 0.572188 0.390387 0.567629 0.393845 0.561550 0.395228 0.551672 0.395228 0.542553 0.396611 0.530395 0.396611 0.524316 0.395574 0.512918 0.393499 0.506839 0.391425 0.504559 0.378285 0.368541 0.364799 0.380699
0 0.520401 0.358663 0.521438 0.589666 0.559474 0.590426 0.556017 0.351824
0 0.564661 0.363982 0.558091 0.588906 0.585754 0.585106 0.586445 0.525836 0.585754 0.357143
0 0.600622 0.361702 0.586445 0.484802 0.585408 0.587386 0.609959 0.594985 0.613416 0.558511 0.609959 0.540274 0.609613 0.528116 0.610650 0.517477 0.614108 0.500760 0.614799 0.491641 0.617566 0.357903
0 0.618257 0.371581 0.613416 0.503799 0.610304 0.517477 0.609267 0.524316 0.608230 0.531155 0.610996 0.545593 0.612033 0.553951 0.612725 0.565350 0.615837 0.573708 0.617220 0.591185 0.633472 0.591185 0.639350 0.589666 0.642116 0.559271 0.641770 0.542553 0.640733 0.535714 0.637967 0.519757 0.637967 0.498480 0.637967 0.461246 0.639004 0.439970 0.638313 0.358663
0 0.641079 0.373860 0.637967 0.440729 0.637967 0.535714 0.638658 0.546353 0.638658 0.560790 0.640733 0.572188 0.645574 0.588146 0.663209 0.588906 0.668396 0.564590 0.655947 0.372340
0 0.670124 0.386778 0.666321 0.585106 0.710235 0.577508 0.709889 0.552432 0.706432 0.504559 0.712656 0.387538
0 0.714730 0.389818 0.707469 0.525836 0.709889 0.569909 0.736169 0.567629 0.742739 0.546353 0.745851 0.526596 0.742739 0.379179
0 0.745505 0.391337 0.743430 0.522036 0.745505 0.534195 0.742739 0.547872 0.741010 0.571429 0.746888 0.585866 0.764523 0.582827 0.773513 0.563830 0.778008 0.544073 0.770747 0.384498
0 0.680152 0.608663 0.719225 0.582067 0.736169 0.608663 0.732365 0.639818 0.748617 0.745441 0.721300 0.780395 0.687068 0.684650 0.682918 0.642857 0.683264 0.636018 0.683264 0.623860 0.682227 0.617781
0 0.627939 0.613982 0.632434 0.602584 0.639696 0.604863 0.681189 0.601064 0.683264 0.627660 0.683956 0.665653 0.707469 0.781915 0.657676 0.809271 0.640387 0.728723 0.636238 0.661094 0.636238 0.646657 0.635546 0.630699 0.628631 0.626140
0 0.608230 0.618541 0.619295 0.605623 0.628631 0.615502 0.633472 0.629179 0.636584 0.629939 0.637967 0.683131 0.652490 0.797872 0.624827 0.810790 0.608230 0.656535
0 0.582988 0.618541 0.593361 0.603343 0.607538 0.620061 0.612379 0.816869 0.586100 0.811550 0.581950 0.654255 0.581604 0.638298
0 0.556708 0.595745 0.582988 0.613982 0.581604 0.659574 0.587483 0.837386 0.565698 0.838146 0.553250 0.645137 0.552905 0.620061
0 0.529391 0.601064 0.532849 0.597264 0.555671 0.604103 0.549101 0.819149 0.523167 0.806991 0.529737 0.705927
0 0.503112 0.598024 0.506224 0.794073 0.532158 0.794833 0.529046 0.592705
0 0.476487 0.598784 0.503112 0.601824 0.505878 0.803951 0.484094 0.806231 0.479253 0.646657
0 0.451936 0.598024 0.465076 0.593465 0.476487 0.599544 0.478216 0.648936 0.485131 0.816869 0.458852 0.815350 0.454011 0.647416
0 0.426003 0.599544 0.445712 0.586626 0.452974 0.597264 0.454703 0.649696 0.460235 0.842705 0.423237 0.840426 0.426003 0.643617 0.428077 0.626900 0.425311 0.618541
0 0.399378 0.605623 0.413555 0.588906 0.427386 0.620061 0.429115 0.630699 0.424965 0.660334 0.422199 0.840426 0.393499 0.834347 0.399378 0.643617 0.397649 0.628419 0.399378 0.614742
0 0.367911 0.602584 0.383472 0.588906 0.398686 0.613982 0.397649 0.625380 0.392808 0.836626 0.359959 0.825228
0 0.297372 0.586626 0.255878 0.750760 0.310166 0.798632 0.355118 0.613222
