0 0.514920 0.626140 0.515614 0.579027 0.512144 0.541033 0.510756 0.427052 0.503123 0.382979 0.492713 0.387538 0.490632 0.417933 0.487856 0.466565 0.485774 0.544073 0.480916 0.595745 0.481610 0.615502 0.494101 0.633739
0 0.482304 0.592705 0.480222 0.624620 0.460791 0.615502 0.457321 0.579027 0.462179 0.531915 0.469119 0.458967 0.471201 0.419453 0.472588 0.361702 0.479528 0.358663 0.486468 0.363222 0.489938 0.398176 0.487162 0.455927 0.487162 0.492401 0.486468 0.550152
0 0.433033 0.562310 0.432339 0.594225 0.437890 0.617021 0.447606 0.609422 0.454545 0.617021 0.463567 0.586626 0.467037 0.533435 0.465649 0.500000 0.466343 0.452888 0.462179 0.408815 0.459403 0.386018 0.455933 0.343465 0.447606 0.331307 0.439972 0.325228 0.437196 0.355623 0.437196 0.404255 0.437196 0.443769 0.437196 0.501520
0 0.405968 0.550152 0.405274 0.580547 0.405968 0.604863 0.419847 0.617021 0.431645 0.612462 0.443442 0.600304 0.444830 0.556231 0.439972 0.510638 0.437196 0.469605 0.432339 0.431611 0.428175 0.402736 0.424705 0.384498 0.412214 0.370821 0.411520 0.389058 0.408744 0.420973 0.409438 0.460486 0.409438 0.507599
0 0.378210 0.559271 0.372658 0.572948 0.374046 0.597264 0.386537 0.613982 0.395559 0.612462 0.408744 0.607903 0.413602 0.579027 0.410826 0.539514 0.405968 0.513678 0.405968 0.474164 0.402498 0.440729 0.401110 0.402736 0.401110 0.382979 0.395559 0.364742 0.389313 0.361702 0.384455 0.375380 0.382373 0.411854 0.382373 0.449848 0.379598 0.496960
0 0.339348 0.531915 0.332408 0.550152 0.332408 0.572948 0.332408 0.586626 0.344205 0.601824 0.351839 0.600304 0.359473 0.613982 0.378210 0.597264 0.387231 0.550152 0.383067 0.507599 0.379598 0.460486 0.380291 0.437690 0.378210 0.396657 0.371270 0.375380 0.357391 0.376900 0.349063 0.416413 0.347675 0.452888 0.343511 0.492401
0 0.284525 0.399696 0.279667 0.445289 0.287300 0.489362 0.279667 0.530395 0.276197 0.566869 0.281055 0.575988 0.296322 0.582067 0.312283 0.591185 0.329632 0.568389 0.333102 0.534954 0.330326 0.507599 0.332408 0.472644 0.336572 0.440729 0.335878 0.419453 0.333796 0.398176 0.331714 0.373860 0.323387 0.370821 0.306731 0.363222 0.295628 0.367781 0.290076 0.372340
0 0.514920 0.577508 0.514573 0.622340 0.530187 0.633739 0.544067 0.626900 0.548230 0.623860 0.546149 0.576748 0.545455 0.543313 0.547189 0.478723 0.542332 0.424772 0.539903 0.392097 0.530187 0.382979 0.523942 0.389818 0.521860 0.440729 0.521860 0.481003 0.517696 0.538754
0 0.545108 0.560030 0.544414 0.604863 0.550659 0.624620 0.561763 0.621581 0.572519 0.610942 0.571131 0.590426 0.570090 0.538754 0.568008 0.500760 0.566620 0.436170 0.567661 0.405775 0.556558 0.398176 0.547536 0.420973 0.545108 0.472644
0 0.595073 0.518997 0.599237 0.572188 0.605829 0.598024 0.614504 0.606383 0.625607 0.600304 0.625607 0.568389 0.625954 0.516717 0.622831 0.477204 0.620749 0.431611 0.620749 0.394377 0.617974 0.374620 0.612769 0.372340 0.604441 0.367781 0.598543 0.433891
0 0.648161 0.526596 0.640180 0.552432 0.639139 0.583587 0.647467 0.606383 0.662387 0.602584 0.671756 0.602584 0.682165 0.600304 0.688064 0.572948 0.687023 0.545593 0.683206 0.523556 0.683206 0.494681 0.684247 0.465805 0.685982 0.441489 0.685982 0.411854 0.687023 0.394377 0.680777 0.386778 0.670715 0.380699 0.663428 0.389818 0.653366 0.429331 0.653366 0.474924 0.649202 0.514438
0 0.687023 0.546353 0.690146 0.579787 0.698126 0.593465 0.709577 0.601824 0.726926 0.592705 0.732824 0.574468 0.734212 0.550152 0.734212 0.536474 0.731090 0.517477 0.731090 0.508359 0.731783 0.484043 0.731783 0.447568 0.730049 0.420213 0.721721 0.398936 0.714781 0.394377 0.697432 0.391337 0.690146 0.400456 0.690493 0.501520 0.690493 0.528116
0 0.506246 0.651216 0.509715 0.688450 0.511450 0.709726 0.511450 0.746960 0.511450 0.783435 0.515961 0.804711 0.520819 0.806991 0.528799 0.790274 0.529840 0.752280 0.527065 0.666413 0.524636 0.644377 0.517696 0.642097
0 0.526024 0.648936 0.527759 0.680091 0.529840 0.720365 0.529840 0.767477 0.529840 0.796353 0.535045 0.810030 0.540944 0.812310 0.544414 0.798632 0.545455 0.754559 0.546495 0.712006 0.548577 0.690729 0.548577 0.661854 0.546495 0.645897 0.537821 0.642097
0 0.545455 0.646657 0.549271 0.697568 0.552741 0.740122 0.554476 0.769757 0.557252 0.797872 0.559681 0.823708 0.561416 0.835866 0.573560 0.832827 0.576683 0.819149 0.577724 0.783435 0.574601 0.716565 0.574601 0.689210 0.573560 0.664134 0.571825 0.639818 0.565926 0.628419 0.550659 0.632979
0 0.568702 0.642097 0.566967 0.658055 0.574601 0.688450 0.577724 0.726444 0.583276 0.765198 0.594379 0.814590 0.601319 0.835866 0.612769 0.819149 0.605482 0.772036 0.600625 0.699848 0.598196 0.667173 0.599584 0.638298 0.591256 0.628419 0.579112 0.624620
0 0.595420 0.626140 0.591950 0.644377 0.595420 0.664894 0.603747 0.691489 0.609299 0.735562 0.615545 0.774316 0.620749 0.798632 0.628036 0.816109 0.638099 0.818389 0.641915 0.800912 0.638446 0.765198 0.634976 0.729483 0.630118 0.698328 0.625607 0.674012 0.626648 0.642857 0.624566 0.628419 0.620056 0.619301 0.611728 0.619301
0 0.505552 0.648936 0.508675 0.677812 0.508675 0.704407 0.508675 0.749240 0.506246 0.774316 0.503470 0.806991 0.504164 0.827508 0.498612 0.836626 0.490978 0.834347 0.489244 0.794833 0.488203 0.751520 0.489244 0.686930 0.489244 0.655775 0.488897 0.642857
0 0.468425 0.642857 0.467731 0.675532 0.467037 0.747720 0.468425 0.780395 0.468425 0.810030 0.471548 0.834347 0.475017 0.832827 0.482998 0.778875 0.485080 0.749240 0.487162 0.714286 0.487162 0.688450 0.489938 0.655015 0.489938 0.642097
0 0.445524 0.645897 0.451423 0.638298 0.470507 0.638298 0.469466 0.671733 0.467037 0.738602 0.466690 0.800152 0.463914 0.828267 0.460791 0.849544 0.456280 0.860942 0.449341 0.860942 0.447259 0.827508 0.444483 0.742401 0.444483 0.693009 0.445524 0.659574
