0 0.491397 0.557377 0.496964 0.595287 0.494939 0.607582 0.484818 0.614754 0.473684 0.618852 0.470142 0.606557 0.469130 0.585041 0.470648 0.556352 0.472166 0.448770 0.472166 0.430328 0.473684 0.414959 0.480263 0.417008 0.485830 0.435451 0.488866 0.462090 0.488866 0.496926
0 0.454960 0.545082 0.450911 0.562500 0.452429 0.590164 0.457490 0.609631 0.469130 0.605533 0.472166 0.568648 0.470648 0.467213 0.470648 0.443648 0.470142 0.421107 0.466599 0.406762 0.459514 0.411885
0 0.437247 0.550205 0.435729 0.572746 0.439777 0.593238 0.444838 0.608607 0.449393 0.605533 0.452429 0.586066 0.454960 0.578893 0.456478 0.552254 0.455466 0.524590 0.456478 0.433402 0.455466 0.414959 0.453947 0.386270 0.450911 0.375000 0.444838 0.372951 0.437753 0.386270 0.440789 0.426230
0 0.417510 0.533811 0.417510 0.563525 0.422571 0.585041 0.428138 0.590164 0.434211 0.574795 0.442814 0.570697 0.446862 0.534836 0.444838 0.509221 0.440789 0.480533 0.439271 0.422131 0.437753 0.391393 0.435223 0.361680 0.424089 0.356557 0.420547 0.377049
0 0.402328 0.523566 0.400810 0.554303 0.403340 0.580943 0.407389 0.589139 0.416498 0.577869 0.423077 0.582992 0.428138 0.564549 0.428644 0.524590 0.421559 0.460041 0.420547 0.439549 0.417510 0.410861 0.410931 0.399590 0.404352 0.412910 0.403340 0.436475 0.403340 0.472336
0 0.378543 0.496926 0.375000 0.530738 0.377024 0.549180 0.385628 0.559426 0.394231 0.560451 0.409919 0.551230 0.414980 0.527664 0.415486 0.501025 0.412449 0.464139 0.409919 0.407787 0.407895 0.390369 0.400304 0.385246 0.394231 0.397541 0.391700 0.421107 0.389170 0.438525
0 0.349190 0.463115 0.344636 0.482582 0.343623 0.500000 0.350709 0.517418 0.366903 0.534836 0.375000 0.529713 0.383603 0.511270 0.387652 0.485656 0.392713 0.417008 0.393725 0.392418 0.395243 0.367828 0.395749 0.346311 0.391700 0.318648 0.384109 0.307377 0.368421 0.316598 0.360830 0.359631
0 0.492409 0.559426 0.487854 0.594262 0.487854 0.612705 0.503543 0.614754 0.510628 0.606557 0.510628 0.571721 0.512146 0.485656 0.512146 0.465164 0.512146 0.439549 0.510628 0.418033 0.503543 0.415984 0.496457 0.425205 0.494939 0.467213
0 0.511134 0.548156 0.512146 0.585041 0.515688 0.598361 0.526822 0.593238 0.531883 0.566598 0.529352 0.526639 0.526822 0.471311 0.526822 0.443648 0.521761 0.418033 0.513664 0.414959 0.511134 0.432377
0 0.544534 0.412910 0.538968 0.480533 0.538968 0.509221 0.543016 0.560451 0.547065 0.578893 0.553138 0.585041 0.563259 0.578893 0.566296 0.557377 0.561741 0.530738 0.560223 0.504098 0.560223 0.476434 0.563259 0.450820 0.563259 0.421107 0.562247 0.395492 0.555668 0.385246 0.547065 0.388320
0 0.572874 0.494877 0.581478 0.533811 0.583502 0.548156 0.578947 0.564549 0.572874 0.568648 0.563765 0.555328 0.553644 0.500000 0.548583 0.469262 0.545547 0.442623 0.542004 0.410861 0.545547 0.400615 0.553644 0.401639 0.562247 0.422131
0 0.569838 0.476434 0.571862 0.493852 0.578947 0.527664 0.583502 0.538934 0.591599 0.544057 0.605263 0.538934 0.609312 0.525615 0.607794 0.495902 0.606275 0.462090 0.604757 0.435451 0.606275 0.415984 0.607287 0.390369 0.606781 0.371926 0.603239 0.354508 0.590081 0.342213 0.577429 0.342213 0.569332 0.354508 0.565789 0.381148 0.567814 0.410861
0 0.605263 0.462090 0.608806 0.498975 0.611842 0.518443 0.622470 0.519467 0.631579 0.513320 0.636134 0.503074 0.636640 0.480533 0.629049 0.422131 0.625000 0.392418 0.625000 0.373975 0.626012 0.334016 0.622976 0.319672 0.612348 0.321721 0.605769 0.349385 0.605263 0.424180
0 0.628543 0.460041 0.628036 0.479508 0.630061 0.506148 0.638664 0.517418 0.647267 0.513320 0.660931 0.500000 0.664474 0.486680 0.660931 0.460041 0.655364 0.436475 0.650304 0.412910 0.648785 0.387295 0.646255 0.337090 0.643219 0.305328 0.638664 0.280738 0.631073 0.273566 0.624494 0.274590 0.621964 0.307377
0 0.500000 0.631148 0.500506 0.658811 0.504049 0.685451 0.507591 0.738730 0.508097 0.757172 0.513158 0.764344 0.517713 0.753074 0.518219 0.733607 0.517206 0.689549 0.516194 0.650615 0.515182 0.634221 0.514170 0.628074
0 0.513664 0.625000 0.517713 0.655738 0.518725 0.687500 0.518725 0.715164 0.519737 0.764344 0.523785 0.782787 0.528340 0.781762 0.532895 0.758197 0.531377 0.692623 0.531377 0.642418 0.528340 0.617828 0.522773 0.614754
0 0.531883 0.609631 0.528846 0.630123 0.532389 0.653689 0.533907 0.690574 0.536437 0.750000 0.537449 0.792008 0.542510 0.807377 0.549089 0.805328 0.554150 0.783811 0.554150 0.764344 0.553138 0.718238 0.549595 0.653689 0.553644 0.638320 0.553644 0.625000 0.548077 0.611680 0.544534 0.601434
0 0.546053 0.612705 0.544028 0.623975 0.547571 0.638320 0.552126 0.651639 0.555162 0.681352 0.560729 0.725410 0.567814 0.761270 0.571356 0.776639 0.576417 0.779713 0.581984 0.766393 0.579960 0.736680 0.568826 0.640369 0.570850 0.621926 0.567814 0.602459 0.561741 0.599385 0.555668 0.593238 0.550607 0.601434 0.549595 0.608607
0 0.562753 0.590164 0.559717 0.616803 0.564271 0.626025 0.570344 0.641393 0.576923 0.679303 0.579960 0.698770 0.585020 0.721311 0.595648 0.766393 0.603239 0.773566 0.612348 0.770492 0.614372 0.756148 0.608300 0.733607 0.601721 0.701844 0.597166 0.680328 0.592105 0.615779 0.586032 0.584016 0.574899 0.588115 0.571356 0.585041
0 0.579960 0.570697 0.578441 0.585041 0.583502 0.609631 0.587551 0.634221 0.596154 0.672131 0.601215 0.693648 0.610830 0.719262 0.620445 0.736680 0.628036 0.748975 0.639676 0.753074 0.650810 0.726434 0.649291 0.691598 0.622976 0.596311 0.620951 0.585041 0.618927 0.565574 0.613866 0.547131 0.605769 0.548156 0.596660 0.545082 0.590081 0.564549
0 0.612854 0.540984 0.613360 0.569672 0.616903 0.586066 0.622470 0.591189 0.641194 0.653689 0.649291 0.673156 0.660425 0.693648 0.674089 0.700820 0.685729 0.689549 0.686741 0.665984 0.682692 0.644467 0.677126 0.626025 0.667510 0.603484 0.660425 0.581967 0.654858 0.542008 0.648785 0.521516 0.641700 0.517418 0.637146 0.517418 0.626518 0.522541 0.623482 0.531762
0 0.486842 0.636270 0.486842 0.667008 0.488866 0.695697 0.492409 0.728484 0.496964 0.777664 0.504555 0.778689 0.506073 0.755123 0.504049 0.715164 0.501518 0.668033 0.503036 0.650615 0.503036 0.632172
0 0.478239 0.631148 0.467611 0.633197 0.465587 0.655738 0.469636 0.684426 0.475202 0.712090 0.478239 0.744877 0.480263 0.770492 0.483806 0.793033 0.486842 0.803279 0.493927 0.783811 0.493421 0.756148 0.490385 0.710041 0.487854 0.672131 0.487348 0.648566 0.486336 0.632172
0 0.456984 0.620902 0.451923 0.637295 0.449899 0.661885 0.451417 0.701844 0.451417 0.773566 0.452429 0.793033 0.455466 0.813525 0.463057 0.819672 0.468623 0.807377 0.471154 0.763320 0.471660 0.685451 0.473178 0.661885 0.474190 0.640369 0.470142 0.616803 0.465587 0.611680
0 0.437753 0.608607 0.431174 0.623975 0.430162 0.649590 0.431174 0.675205 0.434717 0.704918 0.432692 0.731557 0.428644 0.783811 0.434211 0.800205 0.443320 0.798156 0.446862 0.775615 0.449899 0.739754 0.452429 0.685451 0.455972 0.652664 0.459008 0.634221 0.455972 0.626025 0.449899 0.611680 0.446862 0.607582
0 0.368421 0.574795 0.359312 0.596311 0.353745 0.610656 0.342105 0.626025 0.322874 0.654713 0.310729 0.675205 0.308198 0.699795 0.316802 0.726434 0.334514 0.727459 0.355263 0.714139 0.385628 0.668033 0.395749 0.652664 0.408907 0.622951 0.409413 0.600410 0.400304 0.594262 0.396255 0.574795 0.388664 0.568648 0.381579 0.563525
0 0.342611 0.526639 0.329453 0.559426 0.312247 0.584016 0.298583 0.602459 0.288462 0.612705 0.283907 0.632172 0.284919 0.658811 0.297065 0.662910 0.327429 0.646516 0.340081 0.633197 0.361842 0.604508 0.372976 0.592213 0.379555 0.572746 0.377530 0.561475 0.366903 0.550205 0.362854 0.531762 0.357287 0.527664 0.348684 0.516393
