0 0.501716 0.315350 0.502402 0.556991 0.469458 0.563830 0.464997 0.522036 0.467399 0.474924 0.473919 0.315350
0 0.474262 0.317629 0.467399 0.534195 0.458819 0.544073 0.448868 0.537994 0.445436 0.521277 0.445093 0.506079 0.443720 0.484802 0.444749 0.462766 0.446122 0.443009 0.447838 0.317629
0 0.438229 0.312310 0.444406 0.468085 0.445779 0.484802 0.447495 0.492401 0.447495 0.512918 0.447152 0.525076 0.444406 0.534195 0.438916 0.539514 0.432739 0.540274 0.421757 0.533435 0.419355 0.530395 0.416266 0.507599 0.415923 0.488602 0.415580 0.468085 0.415580 0.441489 0.415923 0.417933 0.415923 0.391337 0.417296 0.360182 0.417296 0.330547 0.417296 0.313830 0.417296 0.306231
0 0.298902 0.235562 0.261496 0.406535 0.286205 0.460486 0.301990 0.436170 0.309197 0.416413 0.314001 0.386778 0.318119 0.355623 0.322924 0.322188 0.330130 0.280395
0 0.328415 0.280395 0.312972 0.406535 0.296500 0.454407 0.298559 0.478723 0.311942 0.493921 0.324296 0.504559 0.330130 0.503040 0.335621 0.490881 0.338367 0.470365 0.342141 0.455927 0.347289 0.430091 0.351750 0.379179 0.356555 0.335106 0.359986 0.291793
0 0.502745 0.315350 0.502402 0.560790 0.536376 0.553191 0.536376 0.505319 0.529513 0.319149
0 0.529856 0.321429 0.535347 0.555471 0.557653 0.543313 0.558682 0.515957 0.558682 0.491641 0.559369 0.430851 0.554564 0.322948
0 0.648936 0.302432 0.673644 0.496201 0.695951 0.490122 0.710364 0.475684 0.712423 0.451368 0.706246 0.427052 0.698696 0.396657 0.683253 0.306231 0.676047 0.280395
0 0.683253 0.281155 0.697666 0.396657 0.707275 0.430851 0.718600 0.468085 0.727522 0.457447 0.740563 0.436930 0.743651 0.416413 0.742622 0.388298 0.709677 0.267477
0 0.501030 0.593465 0.511668 0.753799 0.516472 0.787234 0.538778 0.772036 0.526081 0.642857 0.524708 0.593465
0 0.524365 0.587386 0.526081 0.645897 0.527797 0.691489 0.534660 0.724924 0.540151 0.768997 0.544612 0.790274 0.566575 0.772796 0.552162 0.637538 0.549073 0.603343 0.548387 0.584347
0 0.548044 0.582067 0.550103 0.613222 0.553191 0.651976 0.559025 0.691489 0.566232 0.759878 0.571723 0.787994 0.576527 0.806231 0.595745 0.789514 0.577557 0.623860 0.574468 0.594225 0.573782 0.576748
0 0.572409 0.573708 0.574811 0.613222 0.579272 0.642857 0.596431 0.788754 0.619767 0.765198 0.601579 0.566109
0 0.609128 0.563830 0.657859 0.759878 0.667811 0.758359 0.710707 0.714286 0.668497 0.594985 0.665408 0.570669 0.663006 0.559271 0.659918 0.549392 0.653054 0.536474
0 0.661633 0.544073 0.663693 0.560790 0.667124 0.575988 0.669870 0.593465 0.673644 0.608663 0.680165 0.643617 0.719629 0.724164 0.754633 0.661854 0.715168 0.543313 0.709334 0.528875 0.707618 0.515957 0.703157 0.509878 0.698353 0.504559 0.693892 0.498480
0 0.704873 0.494681 0.708648 0.518997 0.710707 0.531155 0.751887 0.661854 0.777282 0.593465 0.743308 0.458967 0.721002 0.476444
0 0.500343 0.593465 0.516129 0.800912 0.491764 0.807751 0.481469 0.639058 0.480439 0.611702 0.478723 0.591185
0 0.478723 0.586626 0.494852 0.814590 0.470144 0.822188 0.457447 0.642097 0.453672 0.617781 0.453329 0.601824 0.454358 0.592705 0.455731 0.584347
0 0.431366 0.593465 0.440288 0.579027 0.448524 0.582067 0.454701 0.594225 0.457104 0.603343 0.457790 0.621581 0.459849 0.635258 0.459849 0.651976 0.459506 0.665653 0.463624 0.723404 0.469801 0.826748 0.446809 0.831307 0.430679 0.670973 0.429307 0.634498 0.428620 0.614742 0.428620 0.599544
0 0.424846 0.582827 0.433425 0.603343 0.434798 0.614742 0.434111 0.626900 0.431709 0.638298 0.430679 0.659574 0.432739 0.702888 0.437886 0.810030 0.405971 0.807751 0.402196 0.629179 0.401510 0.610182 0.402196 0.601064 0.403912 0.593465 0.405628 0.588906 0.408373 0.576748 0.410776 0.569909 0.415923 0.568389 0.420728 0.566869
0 0.406658 0.583587 0.409403 0.601824 0.410432 0.617021 0.406658 0.629939 0.397392 0.640578 0.396362 0.663374 0.390185 0.705927 0.350034 0.793313 0.303363 0.733283 0.322924 0.677812 0.337680 0.635258 0.343171 0.618541 0.344887 0.601064 0.348662 0.585866 0.351064 0.575988 0.357927 0.564590 0.363418 0.556991 0.368566 0.550912 0.383322 0.550912
0 0.318806 0.518997 0.308854 0.541033 0.306108 0.562310 0.297186 0.590426 0.264928 0.670973 0.304049 0.735562 0.337337 0.638298 0.347289 0.613982 0.354496 0.601064 0.361016 0.581307 0.363075 0.568389 0.363761 0.547872 0.328415 0.514438
0 0.275566 0.462006 0.264242 0.484043 0.257378 0.506079 0.249485 0.540274 0.236445 0.572188 0.225463 0.594985 0.252574 0.648176 0.274537 0.644377 0.306452 0.563070 0.313315 0.548632 0.320178 0.531155 0.321551 0.508359 0.306452 0.484802 0.292382 0.469605
0 0.648593 0.298632 0.675017 0.498480 0.666438 0.509119 0.651338 0.518997 0.641043 0.519757 0.633150 0.514438 0.628346 0.501520 0.625944 0.490122 0.622855 0.479483 0.622169 0.467325 0.621482 0.455927 0.621482 0.436170 0.623198 0.418693 0.623885 0.394377 0.621826 0.348024 0.620110 0.300912
0 0.572066 0.304711 0.560398 0.474164 0.560055 0.521277 0.567948 0.546353 0.575498 0.544833 0.580645 0.533435 0.582704 0.522796 0.586136 0.510638 0.586479 0.480243 0.587165 0.310790
0 0.591970 0.310790 0.579616 0.444529 0.576184 0.485562 0.578243 0.503799 0.581675 0.518997 0.585450 0.533435 0.593342 0.542553 0.602265 0.537994 0.607412 0.528116 0.609815 0.517477 0.612903 0.501520 0.608442 0.469605 0.603638 0.312310
0 0.607412 0.307751 0.603638 0.446809 0.601922 0.487082 0.602608 0.502280 0.606726 0.519757 0.614276 0.532675 0.621139 0.536474 0.626630 0.533435 0.630748 0.521277 0.632464 0.504559 0.632121 0.477964 0.628689 0.449848 0.623198 0.362462 0.621139 0.302432
0 0.353123 0.322188 0.347632 0.426292 0.339739 0.466565 0.336307 0.484802 0.335621 0.501520 0.337680 0.516717 0.346603 0.523556 0.357584 0.525076 0.364447 0.523556 0.372684 0.521277 0.380920 0.518997 0.382979 0.512918 0.388469 0.492401 0.392588 0.470365 0.391901 0.452888 0.386410 0.301672 0.354152 0.306231
0 0.379204 0.311550 0.374056 0.474164 0.371997 0.530395 0.386754 0.550912 0.404598 0.534954 0.410089 0.494681 0.399451 0.300912 0.378518 0.301672
0 0.414894 0.297112 0.427591 0.464286 0.432052 0.488602 0.428620 0.526596 0.423816 0.539514 0.414207 0.539514 0.408030 0.539514 0.403226 0.536474 0.396019 0.522036 0.396362 0.484802 0.397735 0.294833
