0 0.468665 0.527356 0.466621 0.569149 0.468665 0.579027 0.493869 0.571429 0.495913 0.522036 0.493529 0.427052 0.493529 0.379179 0.493188 0.306991 0.488760 0.265957 0.479223 0.248480 0.470027 0.262918 0.470708 0.403495
0 0.448229 0.515957 0.448569 0.572188 0.458447 0.577508 0.464237 0.558511 0.468665 0.533435 0.470368 0.410334 0.469005 0.345745 0.469005 0.307751 0.467302 0.285714 0.460831 0.280395 0.453338 0.360942
0 0.427452 0.515198 0.429496 0.561550 0.439033 0.579787 0.450954 0.566869 0.454700 0.492401 0.450954 0.352584 0.449591 0.309271 0.444142 0.269757 0.433243 0.246201 0.427452 0.272796 0.426431 0.338146
0 0.391349 0.493921 0.392371 0.576748 0.402589 0.587386 0.416213 0.551672 0.414850 0.443769 0.407016 0.359422 0.402589 0.310030 0.398161 0.268997 0.386921 0.262918 0.379768 0.295593 0.389305 0.452888
0 0.356608 0.511398 0.363079 0.577508 0.378406 0.592705 0.391349 0.566869 0.390668 0.475684 0.381471 0.386778 0.367166 0.318389 0.352180 0.285714 0.326975 0.243161 0.321185 0.240881 0.312670 0.265957 0.323229 0.327508 0.333787 0.373860 0.344346 0.433131
0 0.323229 0.556231 0.325272 0.598024 0.353542 0.609422 0.363079 0.604103 0.367166 0.555471 0.354564 0.469605 0.343665 0.412614 0.335150 0.392097 0.320163 0.345745 0.311649 0.339666 0.300749 0.360942 0.301771 0.404255 0.310286 0.474164 0.318120 0.526596
0 0.494210 0.518237 0.493529 0.572948 0.518052 0.569909 0.523161 0.547112 0.520777 0.439210 0.519414 0.360942 0.519074 0.311550 0.517711 0.268997 0.511240 0.248480 0.501703 0.253799 0.498638 0.277356 0.498297 0.336626
0 0.520095 0.494681 0.521798 0.548632 0.528951 0.562310 0.537125 0.566869 0.547003 0.550912 0.543597 0.462006 0.543937 0.382219 0.543937 0.323708 0.542916 0.291033 0.538147 0.252280 0.531335 0.248480 0.525545 0.296353 0.522820 0.485562
0 0.542575 0.503040 0.544959 0.554711 0.551771 0.566109 0.557561 0.567629 0.569823 0.551672 0.567098 0.485562 0.566076 0.403495 0.568120 0.338146 0.571185 0.303951 0.570163 0.266717 0.558243 0.243161 0.552793 0.262158 0.545300 0.393617
0 0.585831 0.488602 0.591621 0.554711 0.605245 0.560790 0.617166 0.540274 0.610014 0.453647 0.615463 0.345745 0.617166 0.309271 0.616144 0.244681 0.606948 0.234802 0.599455 0.258359 0.595368 0.322188 0.587193 0.441489
0 0.610354 0.467325 0.607629 0.506079 0.609332 0.531915 0.619210 0.545593 0.636580 0.541033 0.644074 0.536474 0.655654 0.525836 0.655313 0.467325 0.663147 0.382219 0.667575 0.334347 0.669619 0.275836 0.666213 0.235562 0.641689 0.234043 0.638283 0.278875 0.632834 0.357143 0.624319 0.405775
0 0.662466 0.541033 0.655654 0.556231 0.662807 0.591185 0.680518 0.664894 0.696866 0.709726 0.714237 0.740881 0.733311 0.746201 0.741485 0.730243 0.727861 0.651976 0.713896 0.608663 0.707084 0.556231 0.699591 0.521277 0.683243 0.521277 0.668937 0.535714
0 0.622275 0.586626 0.621935 0.619301 0.639986 0.690729 0.672343 0.768997 0.682902 0.787234 0.704360 0.797872 0.710831 0.756079 0.688351 0.682371 0.669959 0.608663 0.666213 0.577508 0.658719 0.566869 0.647139 0.561550 0.633515 0.576748
0 0.583447 0.587386 0.568801 0.589666 0.564714 0.613222 0.577316 0.693769 0.595027 0.814590 0.609673 0.845745 0.620913 0.844225 0.608992 0.769757 0.599796 0.665653 0.594005 0.604863
0 0.550068 0.582067 0.542916 0.601064 0.541894 0.626140 0.556199 0.729483 0.566076 0.806991 0.575272 0.844225 0.582425 0.835866 0.578338 0.745441 0.571866 0.621581 0.570504 0.591945 0.564714 0.579787
0 0.524864 0.582827 0.519074 0.591945 0.528610 0.668693 0.540531 0.787994 0.549046 0.834347 0.564714 0.845745 0.558924 0.755319 0.549046 0.647416 0.547003 0.605623 0.543256 0.582827 0.536104 0.581307
0 0.516349 0.591185 0.507493 0.591185 0.502725 0.595745 0.502044 0.625380 0.512943 0.734802 0.518052 0.797112 0.524523 0.816109 0.534060 0.814590 0.526567 0.676292 0.521798 0.598024
0 0.492847 0.599544 0.485695 0.600304 0.482289 0.608663 0.491485 0.699088 0.499319 0.789514 0.503406 0.812310 0.513965 0.834347 0.519074 0.832827 0.519414 0.786474 0.509537 0.680851 0.502725 0.625380 0.501362 0.602584 0.497616 0.591185
0 0.476158 0.593465 0.463556 0.594985 0.463556 0.633739 0.477180 0.764438 0.483651 0.819149 0.491485 0.821429 0.499319 0.807751 0.492847 0.730243 0.485014 0.632979 0.482629 0.601064
0 0.453338 0.595745 0.449591 0.600304 0.445163 0.610182 0.451635 0.649696 0.456744 0.761398 0.456403 0.795593 0.469005 0.841945 0.476839 0.837386 0.477520 0.772036 0.469687 0.686170 0.470027 0.606383 0.467643 0.598024 0.462875 0.589666 0.457766 0.591945
0 0.433583 0.597264 0.426771 0.620061 0.433243 0.708967 0.435286 0.829027 0.448229 0.870061 0.455041 0.869301 0.454700 0.722644 0.454700 0.633739 0.456744 0.601824 0.447888 0.591185 0.440054 0.588906
0 0.422003 0.597264 0.410082 0.603343 0.409401 0.665653 0.404632 0.786474 0.402248 0.829027 0.404632 0.860942 0.412466 0.863222 0.434605 0.723404 0.443120 0.646657 0.445163 0.604103 0.436649 0.594225
0 0.358651 0.647416 0.340599 0.712006 0.327316 0.763678 0.322888 0.802432 0.329360 0.835866 0.351158 0.813070 0.379768 0.747720 0.402248 0.691489 0.409401 0.658815 0.411785 0.636018 0.407016 0.615502 0.394414 0.599544 0.378406 0.589666 0.372275 0.599544 0.362057 0.624620
