0 0.467736 0.575228 0.493761 0.574468 0.495544 0.503799 0.489127 0.278116 0.473797 0.289514 0.467736 0.460486 0.465597 0.556231
0 0.442068 0.566109 0.467023 0.564590 0.468806 0.492401 0.468806 0.310790 0.455971 0.313830 0.445989 0.419453 0.442781 0.525076
0 0.413547 0.550912 0.428877 0.571429 0.444207 0.552432 0.445989 0.484802 0.445989 0.382979 0.444207 0.265198 0.424242 0.268997 0.412834 0.376140 0.411765 0.448328 0.414617 0.488602 0.414260 0.529635
0 0.385383 0.538754 0.396435 0.566109 0.411765 0.545593 0.426738 0.547112 0.428877 0.492401 0.416756 0.268997 0.395009 0.287994 0.390731 0.443769 0.387879 0.490122
0 0.352941 0.515957 0.359358 0.552432 0.369697 0.562310 0.385383 0.547112 0.398930 0.515957 0.399643 0.469605 0.382888 0.309271 0.360784 0.315350 0.362567 0.439970
0 0.313012 0.528116 0.319786 0.560790 0.332620 0.547112 0.343316 0.555471 0.364349 0.557751 0.360071 0.496960 0.360784 0.396657 0.355080 0.302432 0.325490 0.319149 0.329412 0.397416 0.325134 0.436930 0.314082 0.503799
0 0.276649 0.465805 0.272014 0.503799 0.278431 0.529635 0.289840 0.534954 0.308378 0.540274 0.316578 0.524316 0.320499 0.496960 0.325490 0.436930 0.328342 0.389818 0.321925 0.315350 0.303387 0.319149 0.300891 0.392097
0 0.244207 0.411094 0.255615 0.429331 0.261319 0.464286 0.283779 0.452128 0.297683 0.415653 0.307308 0.369301 0.297683 0.284954 0.276649 0.281155 0.274866 0.328267 0.272014 0.354103 0.256328 0.370821
0 0.495544 0.574468 0.505169 0.578267 0.525490 0.574468 0.529412 0.509119 0.530481 0.289514 0.505882 0.302432 0.506595 0.397416 0.496970 0.492401 0.494831 0.547112
0 0.525490 0.567629 0.549020 0.568389 0.551159 0.509119 0.552228 0.438450 0.551159 0.306991 0.529412 0.316109 0.529412 0.471125 0.526203 0.529635
0 0.548307 0.530395 0.554011 0.572948 0.571480 0.569909 0.580749 0.515957 0.582888 0.458967 0.578966 0.284954 0.560428 0.297112 0.554011 0.442249 0.550446 0.512918
0 0.575045 0.423252 0.567558 0.533435 0.569340 0.574468 0.577897 0.563070 0.589661 0.574468 0.600713 0.564590 0.600000 0.507599 0.600713 0.396657 0.590374 0.300152 0.575758 0.297112
0 0.593583 0.521277 0.594296 0.556231 0.603209 0.571429 0.614617 0.571429 0.623529 0.547112 0.624242 0.500760 0.616043 0.327508 0.597504 0.331307 0.596791 0.487082
0 0.619251 0.552432 0.621747 0.491641 0.623529 0.412614 0.643137 0.321429 0.680214 0.348784 0.665597 0.458967 0.667023 0.505319 0.669519 0.541793 0.659893 0.571429 0.646346 0.563070 0.628164 0.579787
0 0.674510 0.566109 0.668093 0.500760 0.676292 0.396657 0.682709 0.332827 0.696613 0.338146 0.699465 0.448328 0.707665 0.503799 0.709447 0.538754 0.699465 0.562310 0.684135 0.578267
0 0.497683 0.598784 0.516578 0.606383 0.514082 0.809271 0.493761 0.811550
0 0.514082 0.605623 0.531194 0.594225 0.539037 0.602584 0.531194 0.828267 0.510873 0.825228
0 0.535829 0.683131 0.537611 0.606383 0.547950 0.590426 0.557219 0.591945 0.562567 0.617781 0.563636 0.666413 0.560428 0.854863 0.537611 0.859422 0.536185 0.702888
0 0.563636 0.676292 0.560071 0.633739 0.573262 0.591945 0.584670 0.601064 0.591800 0.624620 0.587166 0.674772 0.588592 0.837386 0.570053 0.840426
0 0.591087 0.707447 0.587166 0.658055 0.582888 0.628419 0.585383 0.604103 0.600000 0.594225 0.613547 0.606383 0.613904 0.638298 0.611408 0.676292 0.622460 0.832067 0.604635 0.838906
0 0.624955 0.707447 0.619251 0.677052 0.609626 0.636778 0.610339 0.595745 0.628520 0.595745 0.640642 0.600304 0.657398 0.586626 0.663815 0.609422 0.667023 0.678571 0.698039 0.800912 0.643137 0.828267 0.625312 0.745441
0 0.678431 0.673252 0.663815 0.639058 0.663815 0.591945 0.677718 0.582067 0.690553 0.585106 0.704456 0.563070 0.714439 0.594225 0.717647 0.659574 0.741533 0.745441 0.709447 0.785714 0.684848 0.726444
0 0.476649 0.600304 0.498752 0.601064 0.491622 0.802432 0.470945 0.787234 0.475223 0.655775
0 0.454902 0.583587 0.477005 0.595745 0.475936 0.645897 0.472014 0.829027 0.453476 0.822188 0.456684 0.645137
0 0.429234 0.636778 0.437790 0.581307 0.457398 0.579787 0.458111 0.645137 0.449198 0.833587 0.428877 0.821429 0.426738 0.683891
0 0.401426 0.666413 0.402852 0.576748 0.419251 0.569909 0.431373 0.587386 0.435651 0.616261 0.419251 0.826748 0.397504 0.811550
0 0.370766 0.664894 0.373262 0.587386 0.382888 0.569909 0.400713 0.575228 0.414617 0.591945 0.405348 0.647416 0.390018 0.803191 0.365775 0.791033
0 0.303387 0.785714 0.310873 0.686930 0.326916 0.628419 0.326203 0.581307 0.343316 0.567629 0.370766 0.578267 0.385383 0.579787 0.383601 0.632219 0.368984 0.688450 0.349733 0.830547 0.301961 0.815350
0 0.249911 0.734043 0.256328 0.683891 0.272727 0.629939 0.272727 0.574468 0.286631 0.543313 0.303387 0.550912 0.332620 0.564590 0.334403 0.597264 0.319786 0.659574 0.307665 0.714286 0.274866 0.775076
0 0.206061 0.673252 0.221747 0.604103 0.234581 0.552432 0.246702 0.537234 0.252406 0.536474 0.259537 0.549392 0.274866 0.563070 0.280570 0.606383 0.263815 0.633739 0.226381 0.697568
