0 0.473579 0.341945 0.463545 0.402736 0.463545 0.438450 0.467559 0.481003 0.467559 0.518997 0.475585 0.534195 0.492308 0.538754 0.498997 0.529635 0.500000 0.500760 0.490301 0.447568 0.492308 0.379939 0.491304 0.341945 0.487291 0.324468
0 0.449833 0.319909 0.449833 0.402736 0.448829 0.431611 0.446823 0.498480 0.454849 0.529635 0.463545 0.531915 0.468562 0.487082 0.470569 0.440729 0.469565 0.371581 0.470569 0.335866 0.464548 0.315350
0 0.431104 0.306231 0.426421 0.371581 0.424415 0.413374 0.419398 0.453647 0.422408 0.487082 0.431104 0.498480 0.439130 0.491641 0.443813 0.436170 0.446823 0.371581 0.446823 0.306231
0 0.407692 0.297872 0.402676 0.357903 0.394649 0.413374 0.394649 0.447568 0.400669 0.478723 0.410368 0.496201 0.421405 0.496201 0.428094 0.424772 0.428094 0.371581 0.433110 0.319909 0.433110 0.299392
0 0.386957 0.308511 0.363211 0.360182 0.353512 0.393617 0.354515 0.417933 0.366221 0.449088 0.377926 0.455927 0.398662 0.458207 0.402676 0.440729 0.400669 0.384498 0.401672 0.339666 0.406689 0.303951 0.404682 0.279635 0.387960 0.286474
0 0.358528 0.301672 0.345485 0.313070 0.327759 0.362462 0.321070 0.398176 0.330769 0.424772 0.348495 0.440729 0.362207 0.417933 0.368227 0.375380 0.375251 0.306231 0.362207 0.268237
0 0.335786 0.295593 0.323077 0.317629 0.305351 0.369301 0.296321 0.389058 0.318060 0.407295 0.333779 0.417933 0.345485 0.339666 0.347492 0.308511
0 0.502007 0.341945 0.494983 0.395897 0.496990 0.453647 0.496990 0.514438 0.502007 0.543313 0.510702 0.529635 0.515719 0.512158 0.516722 0.460486 0.519732 0.402736 0.519732 0.362462 0.519732 0.333587
0 0.531438 0.333587 0.516722 0.367021 0.518729 0.440729 0.519732 0.483283 0.525753 0.514438 0.532441 0.512158 0.539465 0.498480 0.540468 0.458207 0.546154 0.384498 0.544147 0.348784
0 0.544147 0.337386 0.536455 0.389058 0.537458 0.431611 0.545151 0.476444 0.555184 0.527356 0.566890 0.507599 0.567893 0.483283 0.570903 0.413374 0.565886 0.324468
0 0.569900 0.310790 0.567893 0.373100 0.566890 0.436170 0.566890 0.467325 0.579599 0.512158 0.583612 0.485562 0.580602 0.427052 0.578595 0.377660 0.580602 0.293313
0 0.583612 0.308511 0.580602 0.360182 0.581605 0.400456 0.587625 0.449088 0.595318 0.465046 0.610033 0.467325 0.616054 0.458207 0.622074 0.436170 0.619064 0.384498 0.616054 0.335866 0.608361 0.275076 0.598328 0.265957
0 0.613043 0.257599 0.611037 0.319909 0.611037 0.375380 0.630769 0.424772 0.640803 0.453647 0.657525 0.431611 0.664214 0.409574 0.657525 0.373100 0.647492 0.331307 0.631773 0.297872 0.622074 0.243921 0.601338 0.250760 0.601338 0.250760
0 0.632776 0.217325 0.624080 0.246201 0.626756 0.284195 0.639799 0.329027 0.653512 0.375380 0.659532 0.398176 0.669231 0.422492 0.679933 0.400456 0.684950 0.384498 0.689967 0.353343 0.677258 0.315350 0.659532 0.270517 0.649498 0.237082
0 0.509030 0.719605 0.498997 0.639818 0.491304 0.581307 0.489298 0.529635 0.494983 0.521277 0.510702 0.569909 0.512709 0.612462 0.520736 0.661854 0.519732 0.695289
0 0.513712 0.536474 0.509030 0.599544 0.511706 0.639818 0.519732 0.679331 0.527425 0.711246 0.532441 0.657295 0.530435 0.612462 0.532441 0.574468 0.530435 0.552432
0 0.534448 0.547872 0.530435 0.581307 0.536455 0.630699 0.543144 0.675532 0.547157 0.731003 0.557191 0.697568 0.557191 0.661854 0.554181 0.610182 0.556187 0.552432 0.555184 0.534195
0 0.560870 0.538754 0.556187 0.561550 0.558194 0.603343 0.565886 0.643617 0.570903 0.681611 0.573913 0.699848 0.582609 0.699848 0.583612 0.628419 0.582609 0.563830 0.576589 0.531915
0 0.591639 0.500760 0.580602 0.516717 0.574916 0.543313 0.576589 0.581307 0.587625 0.639818 0.595318 0.679331 0.602341 0.697568 0.610033 0.697568 0.610033 0.645897 0.605351 0.554711 0.597324 0.531915
0 0.602341 0.493921 0.595318 0.521277 0.600334 0.561550 0.610033 0.597264 0.618060 0.630699 0.624080 0.661854 0.630769 0.681611 0.649498 0.648176 0.649498 0.626140 0.648495 0.565350 0.641806 0.534195 0.639799 0.507599 0.628763 0.487082 0.620067 0.481003
0 0.646488 0.469605 0.632776 0.481003 0.632776 0.509878 0.642809 0.538754 0.662207 0.585866 0.682943 0.637538 0.689967 0.619301 0.696656 0.588146 0.697659 0.561550 0.695652 0.523556 0.680936 0.483283 0.671237 0.455927 0.664214 0.449088
0 0.479264 0.688450 0.474582 0.592705 0.476589 0.534195 0.493980 0.541033 0.491304 0.583587 0.493311 0.639818 0.490301 0.711246 0.478261 0.711246
0 0.458863 0.531915 0.451839 0.556991 0.451839 0.585866 0.456856 0.645897 0.459866 0.717325 0.465552 0.728723 0.472575 0.690729 0.470569 0.664134 0.469565 0.619301 0.469565 0.563830 0.473579 0.543313
0 0.446823 0.534195 0.436120 0.547872 0.432107 0.565350 0.427090 0.599544 0.427090 0.632979 0.431104 0.677812 0.434114 0.699848 0.439130 0.735562 0.450836 0.717325 0.450836 0.673252 0.454849 0.621581 0.453846 0.569909
0 0.422408 0.525076 0.412375 0.543313 0.408696 0.588146 0.404682 0.637538 0.403679 0.661854 0.405686 0.693009 0.411371 0.695289 0.420401 0.666413 0.420401 0.592705 0.432107 0.538754 0.437124 0.521277
0 0.392977 0.493921 0.380936 0.489362 0.367224 0.503040 0.364214 0.545593 0.354515 0.579027 0.344482 0.599544 0.339799 0.645897 0.352508 0.681611 0.371237 0.702128 0.380936 0.695289 0.383946 0.641337 0.395652 0.597264 0.407692 0.567629 0.415385 0.545593 0.416388 0.523556 0.408696 0.505319
0 0.343478 0.443009 0.335786 0.449088 0.324080 0.474164 0.316054 0.503040 0.305351 0.543313 0.298328 0.569909 0.295318 0.614742 0.317057 0.643617 0.331773 0.632979 0.339799 0.603343 0.362207 0.538754 0.372241 0.514438 0.375251 0.471884 0.361204 0.455927
