0 0.477723 0.573708 0.490453 0.579027 0.501061 0.577508 0.505658 0.573708 0.505658 0.513678 0.497525 0.322188 0.475248 0.321429 0.475248 0.471884 0.477016 0.544073
0 0.451202 0.532675 0.455092 0.561550 0.462518 0.573708 0.467822 0.565350 0.473479 0.551672 0.477016 0.535714 0.480198 0.504559 0.476662 0.318389 0.458274 0.319909 0.451909 0.439210 0.454385 0.489362
0 0.429632 0.511398 0.429632 0.534195 0.433522 0.554711 0.441301 0.563830 0.448727 0.544073 0.456860 0.544073 0.463932 0.546353 0.464639 0.522036 0.464639 0.487842 0.443777 0.329027 0.425389 0.328267 0.424682 0.439210 0.427864 0.471884
0 0.407709 0.363222 0.405233 0.436170 0.405233 0.487842 0.402051 0.518237 0.405941 0.544833 0.410891 0.553191 0.414781 0.553191 0.425389 0.542553 0.430339 0.541033 0.443069 0.541033 0.446959 0.515198 0.440594 0.471884 0.424682 0.299392 0.410891 0.302432
0 0.397100 0.556991 0.382603 0.549392 0.373762 0.547872 0.364922 0.539514 0.361740 0.515198 0.364922 0.481003 0.369165 0.455167 0.361033 0.338906 0.391796 0.316869 0.398868 0.323708 0.408416 0.326748 0.408416 0.366261 0.407001 0.439210 0.410891 0.475684 0.416549 0.487842 0.417256 0.512158 0.410184 0.539514
0 0.329562 0.501520 0.324257 0.496201 0.320014 0.482523 0.317893 0.468085 0.326379 0.443009 0.329915 0.423252 0.330622 0.402736 0.328854 0.297872 0.363508 0.310030 0.367397 0.337386 0.367397 0.385258 0.365276 0.418693 0.364922 0.427052 0.372348 0.462006 0.378713 0.489362 0.373762 0.509878 0.362801 0.522036 0.348303 0.522036 0.336280 0.513678
0 0.510608 0.577508 0.526521 0.575988 0.535361 0.570669 0.539604 0.563830 0.539604 0.541033 0.539604 0.504559 0.530764 0.321429 0.505658 0.329027 0.511315 0.470365 0.508133 0.544073
0 0.542786 0.544073 0.547383 0.560030 0.556577 0.577508 0.563649 0.575228 0.571075 0.544833 0.571782 0.520517 0.569307 0.487842 0.563649 0.304711 0.536421 0.321429 0.542786 0.458207
0 0.566124 0.513678 0.566124 0.537234 0.568600 0.549392 0.574257 0.549392 0.583098 0.556991 0.591584 0.558511 0.601485 0.556231 0.603960 0.516717 0.603607 0.471884 0.603607 0.309271 0.577440 0.329027 0.571075 0.494681
0 0.613508 0.554711 0.600424 0.541033 0.597595 0.504559 0.604668 0.295593 0.626945 0.313070 0.628713 0.454407 0.632956 0.500000 0.631895 0.518997 0.626945 0.537234 0.621287 0.546353
0 0.681754 0.508359 0.672207 0.506079 0.670438 0.481003 0.667256 0.433891 0.677864 0.300912 0.708274 0.303191 0.713932 0.356383 0.708274 0.440729 0.713932 0.477204 0.715700 0.487082 0.706506 0.496201 0.693069 0.511398
0 0.501768 0.603343 0.518741 0.601824 0.535361 0.784954 0.512023 0.787994
0 0.516973 0.606383 0.521216 0.594225 0.535714 0.594985 0.544201 0.601064 0.547737 0.636018 0.554809 0.798632 0.539604 0.810030
0 0.550566 0.670213 0.542786 0.632219 0.548444 0.594225 0.562235 0.594225 0.566832 0.603343 0.569307 0.656535 0.583098 0.797112 0.577440 0.803951 0.562235 0.797112
0 0.577086 0.680851 0.569307 0.655015 0.565064 0.629179 0.563649 0.598024 0.572489 0.582067 0.590170 0.592705 0.597595 0.618541 0.597595 0.694529 0.603960 0.801672 0.592645 0.803951
0 0.611033 0.708967 0.603607 0.656535 0.596535 0.623860 0.588755 0.591185 0.587694 0.573708 0.600424 0.569149 0.612447 0.575228 0.619165 0.601824 0.628713 0.679331 0.647100 0.786474 0.631895 0.801672
0 0.634371 0.687690 0.625530 0.629179 0.620580 0.618541 0.615983 0.598024 0.610325 0.579027 0.610325 0.570669 0.623055 0.565350 0.632603 0.554711 0.645686 0.549392 0.655941 0.556231 0.662659 0.588146 0.664781 0.637538 0.702617 0.739362 0.684229 0.784954 0.651344 0.737842
0 0.681754 0.651216 0.668317 0.613222 0.660891 0.589666 0.653465 0.573708 0.649576 0.553191 0.647808 0.537234 0.655941 0.523556 0.671146 0.528875 0.680339 0.549392 0.691301 0.547872 0.696252 0.528875 0.710042 0.589666 0.745403 0.665653 0.719590 0.703647 0.690594 0.674012
0 0.484795 0.601824 0.503182 0.594225 0.507426 0.663374 0.512376 0.817629 0.497525 0.822188
0 0.467822 0.630699 0.467822 0.591185 0.475248 0.587386 0.489745 0.603343 0.488685 0.670973 0.496110 0.829027 0.477016 0.822188 0.467822 0.680851
0 0.444837 0.679331 0.440594 0.627660 0.443069 0.591185 0.455092 0.584347 0.464639 0.608663 0.468175 0.622340 0.472772 0.725684 0.472065 0.841945 0.460042 0.838146
0 0.432815 0.800152 0.429632 0.744681 0.430339 0.677052 0.426096 0.646657 0.423975 0.625380 0.426096 0.592705 0.430339 0.577508 0.451909 0.579027 0.462164 0.594225 0.465700 0.626900 0.454385 0.680851 0.450141 0.794833 0.446959 0.839666 0.433522 0.825988
0 0.392504 0.813830 0.397454 0.755319 0.398868 0.708967 0.398868 0.660334 0.397454 0.632219 0.397454 0.608663 0.406294 0.569149 0.420438 0.569149 0.432815 0.582067 0.435644 0.623860 0.426096 0.679331 0.414074 0.825988
0 0.306577 0.717325 0.336987 0.672492 0.360325 0.639058 0.372348 0.610182 0.381895 0.558511 0.355375 0.530395 0.341231 0.525836 0.328147 0.560030 0.323197 0.569149 0.280057 0.651216
