0 0.493384 0.567819 0.536212 0.577128 0.537256 0.515293 0.527855 0.322473 0.504875 0.323803 0.495125 0.505984 0.485724 0.527926
0 0.462047 0.566489 0.487465 0.580452 0.501045 0.562500 0.478412 0.342420 0.461003 0.344415 0.466574 0.514628
0 0.429666 0.559176 0.439415 0.583112 0.452646 0.583112 0.469708 0.566489 0.470404 0.500665 0.442201 0.338431 0.429318 0.339761 0.427925 0.452793
0 0.362117 0.558511 0.377786 0.578457 0.398329 0.564495 0.405641 0.523936 0.399721 0.484043 0.396936 0.354388 0.380223 0.351729 0.369777 0.495346 0.360028 0.509973
0 0.533774 0.573138 0.556407 0.577128 0.573468 0.567819 0.571727 0.490027 0.560933 0.349069 0.543872 0.347074 0.536560 0.511968
0 0.570682 0.567819 0.599234 0.565824 0.600627 0.489362 0.601323 0.357048 0.589136 0.357048 0.576253 0.445479 0.572423 0.494681 0.569638 0.505984
0 0.626741 0.556516 0.635446 0.577128 0.654596 0.575133 0.657730 0.568484 0.660515 0.480053 0.656337 0.371676 0.641365 0.363697 0.631616 0.442154 0.624304 0.502660 0.621518 0.515293 0.621518 0.535239
0 0.653552 0.563830 0.667827 0.586436 0.681058 0.584441 0.691504 0.567819 0.691504 0.525931 0.689763 0.509973 0.680014 0.361702 0.660864 0.363697 0.657382 0.506649
0 0.716922 0.580452 0.731546 0.593750 0.741992 0.590426 0.752437 0.595745 0.768802 0.561170 0.768454 0.520612 0.769499 0.415559 0.725975 0.424202 0.720752 0.482048 0.717967 0.517287 0.709610 0.533245 0.713092 0.568484
0 0.531337 0.594415 0.559540 0.583777 0.576950 0.781915 0.562674 0.789229
0 0.561978 0.581782 0.579039 0.575798 0.591922 0.593085 0.590529 0.659574 0.598189 0.778590 0.581825 0.781915 0.570334 0.703457 0.565460 0.645612
0 0.591922 0.575798 0.623955 0.588431 0.621866 0.632314 0.618036 0.658245 0.622563 0.774601 0.607242 0.779920 0.593315 0.694149 0.589485 0.646941
0 0.619777 0.603059 0.632312 0.587101 0.655292 0.607048 0.653552 0.644947 0.646588 0.782580 0.633008 0.785239 0.625348 0.694814 0.623607 0.650931
0 0.653203 0.644947 0.655292 0.605053 0.689763 0.615027 0.691156 0.660239 0.686630 0.665559 0.678273 0.787234 0.669220 0.787899
0 0.744081 0.625000 0.753134 0.659574 0.767409 0.656915 0.785515 0.707447 0.826602 0.716090 0.839833 0.688830 0.825209 0.644947 0.805710 0.607713 0.808148 0.591090 0.791086 0.557846 0.763231 0.583777
0 0.508705 0.592420 0.537604 0.593085 0.540042 0.759973 0.521240 0.763298
0 0.477368 0.599734 0.492688 0.581782 0.510794 0.583777 0.511490 0.654255 0.506616 0.765957 0.489554 0.767287 0.486769 0.660239
0 0.449164 0.605718 0.468315 0.577793 0.480850 0.581782 0.486072 0.618351 0.483287 0.694814 0.470056 0.775266 0.449861 0.772606 0.454039 0.672207
0 0.413649 0.603723 0.427925 0.583777 0.440460 0.583112 0.448468 0.593085 0.457521 0.599734 0.455084 0.626995 0.453691 0.667553 0.448468 0.738032 0.437674 0.797872 0.425139 0.794548 0.419568 0.650931
0 0.382312 0.594415 0.398329 0.581117 0.420613 0.592420 0.424095 0.615027 0.417479 0.632314 0.409819 0.706117 0.395543 0.787234 0.385446 0.789229 0.386142 0.682181
0 0.326253 0.605718 0.339485 0.581782 0.358287 0.590426 0.370822 0.585106 0.386838 0.593085 0.380571 0.647606 0.379526 0.705452 0.361421 0.797872 0.315460 0.775266 0.330780 0.654920 0.326253 0.652926
