0 0.480000 0.591945 0.509333 0.596505 0.505667 0.348024 0.497000 0.348024 0.479333 0.551672
0 0.464667 0.581307 0.486333 0.582827 0.486333 0.344225 0.472333 0.348024 0.462667 0.556231
0 0.446667 0.575988 0.466667 0.569149 0.468000 0.338906 0.456667 0.341945 0.440667 0.531915 0.439667 0.547112
0 0.426667 0.569909 0.442000 0.560030 0.456667 0.563070 0.456000 0.505319 0.448000 0.348024 0.430333 0.348784 0.423667 0.498480 0.420333 0.541793
0 0.407333 0.560030 0.433333 0.555471 0.434000 0.491641 0.425667 0.348024 0.413333 0.352584 0.406667 0.489362 0.400667 0.528116
0 0.368000 0.525836 0.379000 0.551672 0.395333 0.562310 0.409333 0.556231 0.412667 0.515957 0.413667 0.368541 0.400333 0.361702 0.373333 0.480243
0 0.337000 0.486322 0.355667 0.518997 0.372000 0.515957 0.377000 0.473404 0.389000 0.411094 0.364000 0.378419 0.348667 0.429331 0.339000 0.440729
0 0.506667 0.599544 0.531333 0.601064 0.527000 0.474924 0.517000 0.338906 0.507667 0.341945 0.508667 0.520517 0.504667 0.558511
0 0.532000 0.587386 0.549333 0.585866 0.548000 0.531915 0.546000 0.370821 0.536000 0.373100 0.529000 0.529635 0.524000 0.563070
0 0.546333 0.583587 0.561667 0.590426 0.572333 0.557751 0.556333 0.354863 0.548000 0.357903 0.544333 0.547112
0 0.556333 0.576748 0.567667 0.574468 0.578333 0.590426 0.583667 0.585106 0.589000 0.557751 0.578333 0.346505 0.562667 0.360182 0.559333 0.497720 0.554333 0.518997 0.552667 0.567629
0 0.577333 0.565350 0.587000 0.569909 0.607000 0.560030 0.589667 0.382979 0.580333 0.386018 0.577333 0.507599 0.572667 0.528116
0 0.592000 0.550912 0.606000 0.564590 0.633000 0.550912 0.636000 0.544073 0.633000 0.513678 0.622333 0.471125 0.610000 0.377660 0.589667 0.389818 0.593000 0.498480 0.590000 0.525836
0 0.631333 0.525836 0.655333 0.506839 0.664333 0.509878 0.667667 0.493921 0.662333 0.454407 0.655667 0.436170 0.648333 0.345745 0.611667 0.367021 0.619000 0.468085 0.619000 0.493921 0.624333 0.516717
0 0.500333 0.606383 0.518667 0.606383 0.520333 0.624620 0.509667 0.810790 0.500000 0.809271
0 0.518667 0.623100 0.526333 0.605623 0.534000 0.605623 0.538000 0.623100 0.535000 0.724164 0.523333 0.817629 0.513333 0.813070 0.517333 0.652736
0 0.533667 0.620821 0.539667 0.594225 0.551667 0.597264 0.556667 0.638298 0.553000 0.730243 0.541000 0.813830 0.529667 0.806231
0 0.548000 0.620821 0.561667 0.588146 0.576333 0.597264 0.578000 0.629939 0.573333 0.803951 0.553667 0.808511 0.552667 0.661094
0 0.568000 0.580547 0.599000 0.582827 0.598000 0.667933 0.602333 0.783435 0.591000 0.792553 0.572333 0.632219 0.566000 0.606383
0 0.587333 0.557751 0.597333 0.555471 0.606333 0.556231 0.625333 0.549392 0.635000 0.558511 0.638000 0.604103 0.638000 0.625380 0.659000 0.721884 0.616667 0.760638 0.597000 0.652736 0.585333 0.601064 0.584333 0.564590
0 0.633667 0.605623 0.622667 0.547112 0.634000 0.527356 0.644000 0.523556 0.654667 0.506839 0.667000 0.506839 0.674000 0.544833 0.713667 0.685410 0.687667 0.716565 0.645000 0.647416
0 0.485000 0.601824 0.503667 0.607903 0.500333 0.696049 0.502667 0.818389 0.490333 0.822948 0.482333 0.661854 0.482333 0.604103
0 0.466000 0.597264 0.484333 0.605623 0.489333 0.813830 0.473333 0.818389 0.461667 0.609422
0 0.447667 0.588146 0.461667 0.585866 0.468333 0.615502 0.469333 0.822948 0.449667 0.819909 0.442000 0.636778 0.444667 0.596505
0 0.425667 0.582827 0.438000 0.576748 0.450667 0.599544 0.445667 0.673252 0.442000 0.785714 0.425667 0.777356 0.421667 0.608663 0.423333 0.587386
0 0.400000 0.576748 0.414333 0.564590 0.431333 0.582827 0.424333 0.625380 0.416667 0.781155 0.403333 0.778875 0.402667 0.626900 0.397000 0.594225
0 0.352000 0.511398 0.360000 0.518997 0.369000 0.516717 0.395000 0.557751 0.394000 0.581307 0.388333 0.608663 0.380000 0.607903 0.325667 0.702888 0.294000 0.640578 0.339000 0.556231 0.347000 0.515957
