0 0.477048 0.528875 0.501766 0.525836 0.503531 0.240881 0.476695 0.240122 0.472811 0.430851 0.471398 0.506839
0 0.450212 0.475684 0.452684 0.525836 0.462218 0.527356 0.471045 0.527356 0.475282 0.515198 0.480226 0.468845 0.488701 0.243921 0.469633 0.243921 0.455862 0.401216
0 0.426201 0.482523 0.429379 0.511398 0.432910 0.527356 0.444562 0.528875 0.455862 0.509878 0.461511 0.475684 0.462571 0.418693 0.468220 0.219605 0.443856 0.231763 0.435028 0.394377 0.431850 0.447568
0 0.409251 0.463526 0.407839 0.492401 0.407133 0.512158 0.415254 0.520517 0.420551 0.513678 0.431850 0.504559 0.436794 0.504559 0.448799 0.487842 0.446328 0.447568 0.444915 0.427052 0.444915 0.219605 0.416667 0.227204
0 0.386299 0.459726 0.383828 0.477204 0.385240 0.497720 0.394068 0.509878 0.402189 0.508359 0.418432 0.501520 0.429732 0.487842 0.427260 0.439210 0.429732 0.204407 0.399718 0.219605 0.393362 0.380699
0 0.344633 0.449848 0.346751 0.474164 0.350989 0.487842 0.367585 0.487842 0.378884 0.492401 0.394774 0.494681 0.407133 0.468085 0.405367 0.430091 0.395833 0.218085 0.344633 0.240122 0.350282 0.379179
0 0.308263 0.446049 0.317797 0.463526 0.324506 0.471884 0.334040 0.475684 0.346045 0.468085 0.353107 0.414894 0.353107 0.383739 0.358051 0.230243 0.326624 0.230243 0.322034 0.333587 0.316384 0.361702
0 0.269068 0.398176 0.278602 0.418693 0.291667 0.440729 0.300141 0.446049 0.314619 0.435410 0.322034 0.389058 0.327684 0.330547 0.342161 0.230243 0.313206 0.223404 0.294492 0.309271 0.286723 0.345745
0 0.501059 0.531155 0.524364 0.528875 0.528955 0.465046 0.526483 0.271277 0.503531 0.280395 0.497881 0.452888
0 0.526483 0.528875 0.545198 0.518997 0.547669 0.442249 0.543432 0.280395 0.522599 0.290274 0.524011 0.435410
0 0.552260 0.528875 0.549788 0.478723 0.546610 0.430851 0.547669 0.392097 0.552260 0.246960 0.565325 0.243921 0.566737 0.363222 0.573799 0.478723 0.569915 0.518237 0.561088 0.530395
0 0.580508 0.508359 0.566737 0.508359 0.566031 0.494681 0.564266 0.454407 0.577331 0.268237 0.591808 0.276596 0.593220 0.325228 0.595692 0.449848 0.596398 0.478723 0.595692 0.504559 0.588277 0.525076
0 0.598164 0.516717 0.594633 0.508359 0.593220 0.475684 0.593220 0.443009 0.591808 0.254559 0.614054 0.261398 0.618291 0.402736 0.619703 0.439210 0.619703 0.468085 0.624647 0.481003 0.617232 0.512158 0.612288 0.520517
0 0.632415 0.509878 0.619703 0.506839 0.621116 0.466565 0.622881 0.432371 0.618997 0.376900 0.629944 0.254559 0.665254 0.262918 0.659958 0.390578 0.660664 0.413374 0.664548 0.449088 0.668079 0.474164 0.657486 0.515198 0.643715 0.518997 0.632415 0.525076
0 0.679732 0.500000 0.667020 0.480243 0.664548 0.446049 0.664548 0.414894 0.664548 0.392097 0.662429 0.265957 0.689619 0.259119 0.693503 0.259878 0.698446 0.411094 0.700565 0.428571 0.702331 0.470365 0.700565 0.487082 0.687147 0.496201
0 0.708686 0.468085 0.698446 0.440729 0.698446 0.390578 0.695975 0.345745 0.694562 0.240881 0.714336 0.247720 0.731992 0.361702 0.734463 0.411094 0.735876 0.440729 0.727401 0.466565 0.718220 0.471884
0 0.498588 0.568389 0.519421 0.569149 0.522599 0.767477 0.516949 0.772036
0 0.518715 0.620821 0.513065 0.565350 0.537076 0.563070 0.538489 0.632979 0.535311 0.781155 0.520127 0.784954
0 0.542020 0.639818 0.535311 0.570669 0.545198 0.554711 0.560381 0.575988 0.561794 0.680851 0.562853 0.813830 0.541667 0.813830
0 0.563559 0.626900 0.557203 0.589666 0.562147 0.565350 0.570621 0.549392 0.585099 0.572188 0.588277 0.606383 0.592514 0.793313 0.573799 0.805471
0 0.591455 0.623860 0.582980 0.598024 0.580508 0.573708 0.595692 0.553191 0.609463 0.556991 0.617232 0.582067 0.615819 0.660334 0.625353 0.797112 0.600282 0.793313
0 0.670198 0.620061 0.659251 0.582067 0.655720 0.560030 0.659958 0.534195 0.668079 0.523556 0.683263 0.520517 0.688912 0.512158 0.698446 0.520517 0.704802 0.551672 0.715395 0.607143 0.748941 0.721884 0.711864 0.750000 0.682203 0.658055
0 0.717514 0.573708 0.703037 0.554711 0.703390 0.523556 0.704802 0.504559 0.718220 0.480243 0.724929 0.477204 0.736229 0.468085 0.741525 0.470365 0.748941 0.494681 0.751412 0.512158 0.776836 0.634498 0.760946 0.664894 0.736229 0.634498 0.724929 0.610182
0 0.481638 0.563830 0.500000 0.566869 0.513065 0.772796 0.496116 0.777356
0 0.460805 0.561550 0.479167 0.563830 0.503531 0.787994 0.487288 0.801672 0.471045 0.675532
0 0.441737 0.634498 0.439266 0.582067 0.450565 0.551672 0.460099 0.560030 0.468220 0.610182 0.480226 0.696049 0.481638 0.822948 0.454449 0.827508 0.444562 0.691489
0 0.419845 0.737842 0.415960 0.658055 0.418079 0.601064 0.420551 0.577508 0.424788 0.553191 0.441384 0.553191 0.449506 0.575228 0.445621 0.675532 0.449506 0.820669 0.426201 0.824468
0 0.388418 0.806991 0.398305 0.727964 0.395833 0.680851 0.394068 0.636018 0.392655 0.588146 0.392655 0.561550 0.407133 0.544073 0.421610 0.544073 0.432910 0.544833 0.431850 0.575988 0.427260 0.630699 0.427966 0.696049 0.418432 0.806991
0 0.332274 0.760638 0.333333 0.689210 0.342161 0.636018 0.346045 0.613982 0.346751 0.582067 0.346045 0.549392 0.350989 0.527356 0.373234 0.525076 0.387712 0.522036 0.402189 0.532675 0.407133 0.537234 0.407133 0.587386 0.401483 0.613222 0.386299 0.696049 0.362288 0.778116
0 0.269068 0.696809 0.278602 0.637538 0.286723 0.594985 0.296257 0.569149 0.299435 0.531155 0.305791 0.506079 0.317797 0.496201 0.341102 0.504559 0.357345 0.523556 0.358051 0.549392 0.342161 0.608663 0.330862 0.651216 0.302613 0.758359
0 0.215395 0.632979 0.226695 0.585866 0.235523 0.544073 0.240819 0.523556 0.247528 0.487842 0.250706 0.458207 0.263418 0.446049 0.294492 0.459726 0.312500 0.478723 0.324506 0.493161 0.311441 0.528875 0.298729 0.556991 0.284958 0.594225 0.256003 0.655015
