0 0.461842 0.512918 0.482981 0.511398 0.497671 0.509878 0.497671 0.463526 0.497671 0.304711 0.477965 0.304711 0.471157 0.411854 0.467574 0.440729 0.463633 0.484802
0 0.455392 0.499240 0.464708 0.495441 0.470082 0.479483 0.469366 0.419453 0.472949 0.251520 0.446793 0.275836 0.447868 0.325228 0.444643 0.401976 0.439269 0.431611 0.435328 0.465805 0.435328 0.500760
0 0.413472 0.504559 0.427804 0.493161 0.442135 0.468845 0.445360 0.436930 0.447152 0.379179 0.442135 0.230243 0.423862 0.247720 0.416338 0.384498 0.415263 0.423252 0.412039 0.446049 0.405948 0.484802
0 0.386958 0.507599 0.400215 0.504559 0.420996 0.507599 0.422071 0.474164 0.421354 0.442249 0.414547 0.243921 0.396274 0.256839 0.389466 0.375380 0.384450 0.430091 0.381942 0.455167 0.381942 0.482523
0 0.361161 0.504559 0.372626 0.511398 0.381942 0.507599 0.395199 0.504559 0.396274 0.483283 0.393049 0.446049 0.382659 0.256839 0.369402 0.274316 0.360086 0.315350 0.363669 0.389818 0.361877 0.427812 0.358653 0.449848 0.357936 0.470365
0 0.322823 0.499240 0.334647 0.500760 0.359369 0.496960 0.361877 0.477964 0.364386 0.443769 0.361877 0.408815 0.358653 0.362462 0.357936 0.313830 0.346829 0.292553 0.332856 0.325228 0.330348 0.371581 0.327123 0.422492 0.322107 0.444529 0.320315 0.459726 0.319599 0.479483
0 0.284486 0.479483 0.292010 0.483283 0.298818 0.483283 0.311000 0.487842 0.318524 0.474164 0.321390 0.451368 0.322823 0.426292 0.320315 0.391337 0.317091 0.339666 0.307775 0.259878 0.291293 0.281155 0.288427 0.352584 0.289502 0.387538 0.285202 0.407295 0.280545 0.423252 0.278037 0.444529 0.282694 0.465805
0 0.497671 0.515198 0.507703 0.515198 0.523827 0.515198 0.532784 0.516717 0.530992 0.474164 0.529559 0.438450 0.520960 0.256839 0.510928 0.263678 0.502687 0.307751 0.500537 0.373100 0.499463 0.414134 0.497671 0.454407 0.493730 0.477964
0 0.532067 0.502280 0.549265 0.500760 0.552848 0.495441 0.556073 0.477964 0.556073 0.449848 0.552848 0.422492 0.547832 0.262158 0.537800 0.267477 0.533859 0.325988 0.533501 0.382219 0.531351 0.410334 0.528484 0.433131 0.527768 0.462006 0.525976 0.486322
0 0.554282 0.490122 0.557865 0.495441 0.566822 0.503799 0.572196 0.499240 0.585453 0.472644 0.582587 0.444529 0.575421 0.383739 0.575421 0.310030 0.580079 0.249240 0.565389 0.254559 0.555357 0.350304 0.556790 0.389818 0.556073 0.424772 0.552132 0.458207 0.552132 0.475684
0 0.577571 0.499240 0.572913 0.486322 0.569688 0.456687 0.572913 0.417173 0.575063 0.380699 0.579362 0.304711 0.589394 0.242401 0.605518 0.265198 0.606951 0.332827 0.606234 0.411854 0.605518 0.467325 0.606951 0.495441 0.594411 0.502280 0.587961 0.502280
0 0.603726 0.500760 0.599427 0.472644 0.598710 0.443769 0.601218 0.419453 0.605518 0.242401 0.621999 0.240881 0.626299 0.290274 0.625224 0.368541 0.626299 0.407295 0.629523 0.447568 0.632032 0.479483 0.629523 0.502280 0.619491 0.496960
0 0.631315 0.487842 0.624507 0.468845 0.618775 0.433891 0.620924 0.407295 0.626299 0.387538 0.630957 0.331307 0.632748 0.281155 0.633465 0.255319 0.641347 0.250000 0.649588 0.281155 0.654604 0.325228 0.656037 0.371581 0.657112 0.405015 0.662128 0.436930 0.664636 0.463526 0.662845 0.477964 0.646005 0.481003 0.638481 0.484802
0 0.666070 0.477204 0.664278 0.446049 0.663561 0.412614 0.665353 0.350304 0.664278 0.275836 0.669652 0.242401 0.679685 0.249240 0.687567 0.307751 0.690075 0.368541 0.696166 0.398176 0.700107 0.426292 0.695091 0.454407 0.686134 0.459726 0.671086 0.467325
0 0.696883 0.449088 0.691867 0.422492 0.687567 0.366261 0.687925 0.323708 0.686134 0.270517 0.691867 0.250000 0.711215 0.271277 0.717664 0.334347 0.726263 0.373100 0.737012 0.392857 0.735220 0.426292 0.728771 0.433891 0.716231 0.444529 0.702974 0.459726
0 0.499463 0.532675 0.506270 0.530395 0.512003 0.532675 0.516302 0.541793 0.517736 0.617021 0.517019 0.652736 0.517736 0.737842 0.501254 0.735562 0.505195 0.656535 0.498746 0.563830
0 0.520960 0.599544 0.518452 0.569909 0.516302 0.544833 0.523468 0.525076 0.535292 0.525076 0.547116 0.541033 0.539233 0.624620 0.536367 0.759119 0.521319 0.755319
0 0.545324 0.624620 0.542816 0.596505 0.541025 0.562310 0.546041 0.520517 0.555357 0.509878 0.569330 0.515198 0.571838 0.567629 0.569688 0.610182 0.566105 0.642097 0.561806 0.715805 0.553565 0.744681 0.541025 0.723404 0.542816 0.664894
0 0.571838 0.645137 0.567897 0.606383 0.564672 0.576748 0.562164 0.559271 0.567180 0.530395 0.576854 0.515198 0.585453 0.512918 0.594411 0.530395 0.594411 0.572948 0.593694 0.623860 0.590469 0.691489 0.601935 0.763678 0.577571 0.751520 0.574346 0.702128 0.572913 0.658055
0 0.600502 0.636778 0.595485 0.610182 0.586170 0.566109 0.585453 0.530395 0.586170 0.520517 0.605518 0.515198 0.616983 0.522036 0.620208 0.567629 0.621999 0.604863 0.620208 0.666413 0.620924 0.740881 0.609459 0.735562 0.601935 0.668693
0 0.654246 0.592705 0.646722 0.572948 0.643497 0.553191 0.642780 0.536474 0.642780 0.525076 0.644572 0.509878 0.656037 0.503799 0.672161 0.493921 0.676102 0.493921 0.685059 0.512918 0.686851 0.548632 0.692942 0.595745 0.705124 0.650456 0.713006 0.683131 0.694375 0.682371 0.686134 0.645897 0.677893 0.623860 0.673594 0.612462
0 0.691150 0.548632 0.682909 0.530395 0.677177 0.503799 0.674669 0.491641 0.687567 0.471884 0.697599 0.465805 0.703690 0.459726 0.716231 0.449848 0.722680 0.455167 0.723397 0.483283 0.724472 0.512918 0.745969 0.674012 0.730921 0.698328 0.693658 0.564590
0 0.481190 0.530395 0.502687 0.535714 0.500179 0.635258 0.497671 0.751520 0.483698 0.740881 0.482623 0.643617 0.480473 0.595745 0.480115 0.555471
0 0.451093 0.534195 0.460408 0.528875 0.474382 0.530395 0.480115 0.532675 0.483698 0.553191 0.482981 0.601064 0.481906 0.670213 0.480115 0.756839 0.464708 0.732523 0.462917 0.670213 0.459334 0.613982
0 0.427087 0.591185 0.426370 0.572948 0.427804 0.543313 0.436044 0.522036 0.448585 0.516717 0.456826 0.541793 0.457900 0.587386 0.464708 0.776596 0.444643 0.769757 0.434253 0.721884 0.432820 0.659574 0.430312 0.617021
0 0.408456 0.623860 0.406306 0.585866 0.402006 0.544833 0.400932 0.535714 0.411322 0.525836 0.424579 0.527356 0.428879 0.537994 0.429595 0.569909 0.427087 0.629179 0.420279 0.765957 0.410247 0.748480
0 0.377642 0.670213 0.376209 0.626140 0.372626 0.583587 0.372626 0.564590 0.376209 0.553191 0.383017 0.532675 0.398424 0.523556 0.405948 0.534195 0.407023 0.566109 0.403798 0.601824 0.398782 0.635258 0.396274 0.747720 0.383733 0.759119 0.377642 0.747720
0 0.286277 0.726444 0.310283 0.684650 0.325331 0.631459 0.337872 0.608663 0.346829 0.595745 0.355428 0.575228 0.357220 0.536474 0.355428 0.515198 0.341813 0.506079 0.330348 0.509119 0.322107 0.507599 0.313866 0.539514 0.298818 0.590426 0.268721 0.724924
0 0.252598 0.667173 0.266929 0.567629 0.266929 0.528875 0.265496 0.503799 0.268004 0.486322 0.275528 0.470365 0.287710 0.471884 0.306342 0.475684 0.317807 0.483283 0.322823 0.495441 0.317807 0.525836 0.307058 0.572948 0.279470 0.687690
