0 0.508747 0.503799 0.511896 0.550152 0.511547 0.575228 0.505948 0.582067 0.490203 0.574468 0.486354 0.555471 0.488453 0.481763 0.491253 0.372340 0.490203 0.319909 0.497201 0.294073 0.508397 0.322188
0 0.472358 0.519757 0.472358 0.550912 0.477607 0.575228 0.489853 0.566869 0.493352 0.506079 0.493352 0.414894 0.495451 0.387538 0.498251 0.346505 0.490903 0.338906 0.479006 0.365502 0.473408 0.458207
0 0.454164 0.506079 0.453464 0.532675 0.458362 0.579027 0.473758 0.568389 0.482155 0.517477 0.479006 0.469605 0.477957 0.376900 0.477957 0.351824 0.475507 0.315350 0.465710 0.315350 0.459412 0.362462 0.452414 0.490881
0 0.437719 0.522036 0.436669 0.560030 0.442967 0.576748 0.452414 0.566869 0.462211 0.576748 0.469559 0.552432 0.469559 0.484043 0.466410 0.414894 0.465360 0.382979 0.462561 0.348784 0.456963 0.329027 0.442967 0.367781 0.438768 0.474924
0 0.358642 0.472644 0.356193 0.518997 0.366690 0.547872 0.392232 0.552432 0.398880 0.519757 0.400980 0.499240 0.398880 0.449848 0.394332 0.389058 0.393282 0.357903 0.389433 0.332067 0.372638 0.344225 0.359342 0.351064 0.355143 0.360942 0.349195 0.382979 0.354094 0.424772
0 0.333800 0.468085 0.331700 0.503040 0.338698 0.525836 0.352344 0.532675 0.360392 0.508359 0.363541 0.456687 0.363891 0.422492 0.362491 0.373860 0.363891 0.347264 0.361442 0.333587 0.351994 0.326748 0.346396 0.348784 0.336599 0.416413
0 0.510497 0.519757 0.509797 0.562310 0.512946 0.576748 0.527292 0.576748 0.536389 0.566109 0.536389 0.526596 0.530091 0.440729 0.527992 0.351064 0.527992 0.313070 0.523443 0.293313 0.513646 0.310790 0.510847 0.357903
0 0.534640 0.512158 0.534290 0.559271 0.538838 0.564590 0.550735 0.562310 0.555283 0.538754 0.551784 0.490122 0.548635 0.405015 0.548635 0.354103 0.550735 0.317629 0.550735 0.295593 0.535339 0.296353 0.528341 0.332067 0.526942 0.420973 0.528341 0.468085
0 0.545836 0.496960 0.544787 0.523556 0.553184 0.545593 0.564031 0.583587 0.570329 0.559271 0.574528 0.492401 0.570679 0.403495 0.570679 0.360942 0.569629 0.317629 0.565430 0.288754 0.555983 0.297872 0.553884 0.338146 0.546886 0.402736 0.545836 0.460486
0 0.572428 0.498480 0.570329 0.524316 0.572778 0.561550 0.585024 0.572948 0.593072 0.550912 0.593072 0.522036 0.589923 0.478723 0.589923 0.432371 0.589923 0.396657 0.591323 0.362462 0.591323 0.333587 0.594822 0.317629 0.596221 0.294073 0.592022 0.282675 0.580826 0.284954 0.576627 0.302432 0.573828 0.332067 0.571728 0.436170
0 0.592022 0.503040 0.589923 0.547872 0.596221 0.566869 0.612666 0.566109 0.629111 0.556991 0.630861 0.537234 0.629111 0.496960 0.627362 0.443009 0.631211 0.394377 0.631211 0.365502 0.626312 0.334347 0.618614 0.319909 0.607418 0.325228 0.599370 0.341945 0.596221 0.373860 0.596221 0.427812
0 0.328551 0.515957 0.320854 0.522036 0.311407 0.572188 0.286914 0.615502 0.270469 0.645897 0.276417 0.695289 0.306158 0.701368 0.331351 0.666413 0.348495 0.620821 0.364591 0.572188 0.364591 0.544833 0.349895 0.536474 0.334850 0.521277
0 0.374738 0.549392 0.365640 0.545593 0.356543 0.554711 0.351994 0.570669 0.347096 0.603343 0.339748 0.638298 0.328202 0.684650 0.320854 0.746201 0.338348 0.764438 0.355143 0.741641 0.383835 0.674012 0.400280 0.627660 0.409027 0.591945 0.406928 0.571429 0.392932 0.559271
0 0.407278 0.562310 0.397131 0.562310 0.392932 0.588906 0.387334 0.641337 0.374738 0.712766 0.364591 0.758359 0.359692 0.781155 0.373688 0.803191 0.389083 0.807751 0.401330 0.793313 0.422323 0.718845 0.438069 0.655775 0.446116 0.608663 0.446816 0.579787 0.441568 0.571429 0.429321 0.565350 0.413576 0.560790
0 0.438069 0.570669 0.431071 0.590426 0.424073 0.622340 0.421624 0.716565 0.413226 0.779635 0.406928 0.804711 0.406228 0.821429 0.414276 0.838906 0.430721 0.806991 0.453114 0.699088 0.461162 0.633739 0.464311 0.601824 0.461512 0.579787 0.453114 0.576748 0.442267 0.569909
0 0.464661 0.578267 0.460812 0.576748 0.456613 0.573708 0.451015 0.599544 0.446466 0.640578 0.446816 0.737082 0.446816 0.819149 0.449265 0.842705 0.466760 0.827508 0.473758 0.690729 0.475857 0.632219 0.477607 0.606383 0.473758 0.590426
0 0.479706 0.575228 0.471309 0.579027 0.468160 0.615502 0.465710 0.674012 0.468859 0.773556 0.467110 0.818389 0.478307 0.832827 0.485304 0.800152 0.488104 0.724924 0.488803 0.635258 0.489153 0.598024
0 0.509797 0.577508 0.503499 0.576748 0.500700 0.598024 0.498600 0.636778 0.500350 0.736322 0.507348 0.797872 0.516795 0.787994 0.517145 0.706687 0.515745 0.610182 0.515745 0.585106
0 0.498950 0.576748 0.488104 0.571429 0.485654 0.578267 0.486004 0.610182 0.487404 0.728723 0.488453 0.745441 0.494752 0.749240 0.500700 0.739362 0.499300 0.683891 0.501749 0.614742 0.504199 0.582827
0 0.522393 0.576748 0.513646 0.575988 0.514346 0.616261 0.513996 0.729483 0.516095 0.756079 0.518544 0.775836 0.519244 0.784195 0.525892 0.788754 0.529741 0.766717 0.529741 0.680851 0.529741 0.619301 0.530441 0.582067 0.527292 0.575228
0 0.531491 0.576748 0.528691 0.582067 0.530791 0.628419 0.529741 0.718845 0.534290 0.777356 0.537089 0.807751 0.547236 0.811550 0.551784 0.792553 0.551784 0.715046 0.546536 0.616261 0.546886 0.587386 0.541288 0.579027
0 0.554234 0.569909 0.547586 0.572948 0.545836 0.588906 0.547236 0.650456 0.552834 0.740122 0.558432 0.797112 0.562281 0.818389 0.572078 0.819149 0.574528 0.801672 0.573128 0.738602 0.567180 0.642857 0.566480 0.597264 0.560182 0.582827
0 0.577327 0.575228 0.568929 0.582827 0.565080 0.593465 0.566130 0.650456 0.572078 0.746201 0.574528 0.788754 0.581176 0.813070 0.590623 0.801672 0.587474 0.745441 0.587124 0.661094 0.590623 0.610942 0.590973 0.592705 0.585724 0.578267
0 0.628761 0.562310 0.621763 0.579787 0.629111 0.620061 0.642407 0.674012 0.661652 0.735562 0.677747 0.775076 0.699440 0.772036 0.703289 0.741641 0.698041 0.699848 0.680196 0.646657 0.672148 0.605623 0.664451 0.568389 0.658502 0.550152 0.651505 0.544073 0.638908 0.550912
0 0.660602 0.544073 0.656403 0.557751 0.657103 0.573708 0.673198 0.610182 0.703639 0.673252 0.719734 0.689970 0.734430 0.689970 0.738628 0.661854 0.734780 0.629179 0.713436 0.569149 0.695941 0.527356 0.687194 0.512158 0.677047 0.517477 0.662701 0.537234
0 0.629111 0.490881 0.629811 0.535714 0.635409 0.548632 0.652204 0.544833 0.663051 0.528875 0.664101 0.492401 0.664101 0.452888 0.670399 0.405015 0.673198 0.365502 0.668649 0.336626 0.659202 0.322188 0.647306 0.332827 0.639608 0.354103 0.632610 0.427812 0.628761 0.464286
