0 0.454290 0.499240 0.472222 0.504559 0.487693 0.501520 0.487693 0.445289 0.481013 0.250000 0.463080 0.251520 0.455696 0.426292
0 0.434951 0.496201 0.454290 0.500760 0.455696 0.446809 0.458158 0.326748 0.452883 0.257599 0.443390 0.259878 0.437412 0.390578 0.434248 0.446809 0.432841 0.484802
0 0.407525 0.480243 0.415963 0.513678 0.428270 0.496201 0.433544 0.477204 0.438819 0.468845 0.434951 0.419453 0.428270 0.261398 0.409986 0.264438 0.406118 0.374620 0.407876 0.439970 0.406821 0.468845
0 0.394515 0.513678 0.404712 0.499240 0.418073 0.494681 0.421589 0.467325 0.408579 0.261398 0.385373 0.268997 0.387834 0.392097 0.388537 0.436930 0.386779 0.458207 0.388537 0.487082 0.392053 0.509119
0 0.366385 0.510638 0.378692 0.523556 0.394515 0.509119 0.395921 0.490122 0.398734 0.465805 0.393460 0.426292 0.376582 0.243921 0.364627 0.251520 0.363924 0.335106 0.366385 0.389058 0.365331 0.446809 0.364627 0.468845 0.363221 0.494681
0 0.320323 0.513678 0.330872 0.522036 0.337553 0.520517 0.354430 0.525076 0.366385 0.522036 0.370605 0.509119 0.373066 0.493161 0.368495 0.446809 0.349859 0.278875 0.311533 0.290274 0.314346 0.347264 0.320323 0.408055 0.323136 0.442249 0.323136 0.467325 0.318917 0.490122 0.318917 0.501520
0 0.271449 0.496201 0.278833 0.515198 0.292194 0.520517 0.302743 0.529635 0.311533 0.517477 0.317511 0.516717 0.320323 0.497720 0.320323 0.470365 0.316807 0.445289 0.313643 0.420973 0.316456 0.392097 0.302743 0.293313 0.267932 0.309271 0.270745 0.361702 0.279536 0.417933 0.280942 0.435410 0.276020 0.442249 0.272855 0.459726 0.270745 0.475684
0 0.232419 0.484802 0.250703 0.506079 0.261252 0.509119 0.268636 0.500760 0.272855 0.484802 0.274613 0.452888 0.274613 0.417933 0.273558 0.352584 0.260197 0.352584 0.246132 0.395137 0.239803 0.432371 0.233122 0.448328 0.232068 0.464286
0 0.496484 0.507599 0.518636 0.504559 0.533404 0.496201 0.531997 0.448328 0.527426 0.241641 0.509142 0.243161 0.499648 0.405015 0.501055 0.416413 0.495077 0.459726 0.494374 0.491641
0 0.540084 0.499240 0.557314 0.496201 0.561533 0.474164 0.562236 0.439970 0.552039 0.257599 0.532700 0.264438 0.531997 0.354103 0.534107 0.411854 0.529887 0.459726 0.531294 0.480243 0.535162 0.499240
0 0.562236 0.455927 0.573488 0.500760 0.588256 0.496201 0.594937 0.474164 0.597750 0.448328 0.598101 0.379939 0.590717 0.229483 0.568917 0.238602 0.567511 0.322188 0.568917 0.360182 0.563994 0.403495 0.560127 0.430851
0 0.587553 0.488602 0.595640 0.497720 0.600211 0.493161 0.607595 0.503040 0.618495 0.500760 0.623066 0.478723 0.620956 0.420973 0.623769 0.235562 0.598805 0.243161 0.589662 0.367021 0.586850 0.417933 0.584740 0.439970 0.585443 0.465805
0 0.612166 0.484802 0.618847 0.499240 0.626934 0.499240 0.638537 0.509119 0.649086 0.487082 0.646976 0.443769 0.641702 0.393617 0.641702 0.371581 0.657173 0.268997 0.640999 0.257599 0.625176 0.329787 0.616385 0.389058 0.616385 0.424012 0.610408 0.446809 0.611814 0.464286
0 0.636428 0.488602 0.653305 0.504559 0.662447 0.504559 0.665963 0.494681 0.686006 0.487082 0.688115 0.455927 0.686006 0.424012 0.680731 0.389058 0.675809 0.326748 0.669831 0.265957 0.655063 0.268997 0.649086 0.347264 0.648383 0.410334 0.645921 0.436930 0.640295 0.443769 0.637834 0.474164
0 0.507736 0.522036 0.531294 0.518997 0.527778 0.579787 0.525316 0.756839 0.508439 0.763678 0.507736 0.581307 0.506329 0.560030
0 0.531294 0.516717 0.542546 0.512158 0.546765 0.509119 0.552039 0.515198 0.552743 0.544073 0.546062 0.743921 0.528481 0.742401 0.527778 0.645137 0.528481 0.565350 0.529887 0.539514
0 0.555556 0.549392 0.558720 0.512158 0.566807 0.504559 0.574895 0.503040 0.583685 0.513678 0.588256 0.542553 0.585443 0.597264 0.576301 0.791033 0.560830 0.790274
0 0.592124 0.533435 0.604430 0.517477 0.615682 0.525076 0.624473 0.542553 0.620956 0.574468 0.601617 0.756839 0.589662 0.753799 0.594233 0.582827 0.590366 0.550912
0 0.620253 0.533435 0.628340 0.525076 0.642405 0.528116 0.651195 0.539514 0.652602 0.584347 0.639944 0.788754 0.625176 0.790274 0.622363 0.667173 0.620253 0.579787 0.617792 0.550912
0 0.646976 0.534954 0.667370 0.517477 0.689873 0.516717 0.696554 0.525076 0.697257 0.555471 0.717300 0.635258 0.737693 0.672492 0.694093 0.733283 0.671238 0.652736 0.663150 0.604863 0.656470 0.590426 0.647679 0.578267 0.646624 0.556991
0 0.708158 0.475684 0.722222 0.455927 0.730309 0.468845 0.732771 0.507599 0.757032 0.623100 0.737693 0.638298 0.715541 0.598784 0.707454 0.565350 0.694796 0.533435 0.686709 0.506079 0.688819 0.486322 0.696203 0.477204 0.702180 0.472644
0 0.482419 0.520517 0.507032 0.520517 0.503868 0.582827 0.498594 0.760638 0.485232 0.759878 0.483826 0.626140 0.485232 0.587386 0.483122 0.547872
0 0.461674 0.520517 0.481716 0.523556 0.483122 0.585866 0.484529 0.776596 0.468354 0.776596 0.463783 0.659574 0.460970 0.588906
0 0.438115 0.525076 0.450070 0.512158 0.456399 0.529635 0.462377 0.587386 0.452883 0.797112 0.436006 0.794073 0.433544 0.675532 0.436006 0.574468
0 0.419480 0.529635 0.436709 0.534954 0.437412 0.562310 0.435654 0.794073 0.423347 0.801672 0.421589 0.729483 0.412799 0.607903 0.408579 0.590426 0.409283 0.552432 0.414909 0.533435
