0 0.486402 0.547872 0.517085 0.553856 0.525802 0.551197 0.526499 0.476064 0.512552 0.262633 0.481520 0.273271 0.485356 0.422872 0.485356 0.474069 0.485356 0.499335 0.485356 0.530585
0 0.473849 0.540559 0.448396 0.542553 0.442120 0.518617 0.444561 0.458112 0.435146 0.293883 0.449791 0.297207 0.461994 0.396277 0.465132 0.425532 0.470711 0.496011
0 0.416318 0.549202 0.425035 0.549867 0.432706 0.546543 0.438982 0.530585 0.441074 0.506649 0.441074 0.476064 0.414226 0.249335 0.395746 0.264628 0.404114 0.373670 0.408647 0.440160 0.409693 0.487367 0.406206 0.505319
0 0.357392 0.528590 0.367852 0.542553 0.373780 0.540559 0.378661 0.531915 0.381799 0.523271 0.385286 0.496676 0.377615 0.470080 0.361576 0.303856 0.345886 0.317819 0.354603 0.394282 0.355300 0.419548 0.357392 0.458112 0.354603 0.499335
0 0.320432 0.543883 0.330544 0.533245 0.336123 0.536569 0.348326 0.536569 0.355997 0.527261 0.357392 0.512633 0.350070 0.482713 0.338912 0.435505 0.329149 0.325133 0.302650 0.336436 0.285565 0.371011 0.295676 0.438830 0.300907 0.459441 0.302650 0.469415 0.302650 0.492021 0.302650 0.517287 0.301953 0.542553 0.310321 0.549867
0 0.260809 0.546543 0.275453 0.553856 0.294282 0.558511 0.300907 0.537899 0.302650 0.519947 0.297071 0.493351 0.291841 0.481383 0.266039 0.332447 0.244421 0.339761 0.245119 0.422872 0.250697 0.458112 0.256276 0.502660 0.256974 0.524601
0 0.531381 0.557181 0.540446 0.557181 0.555788 0.558511 0.566248 0.558511 0.571478 0.558511 0.574616 0.541888 0.576709 0.486037 0.589958 0.323138 0.561367 0.315824 0.540446 0.434176 0.539749 0.469415 0.534170 0.509309 0.530335 0.539229
0 0.576011 0.549202 0.591004 0.547872 0.604603 0.549867 0.610879 0.498005 0.637378 0.309840 0.610879 0.311835 0.596932 0.404920 0.582287 0.480053 0.579149 0.518617
0 0.610181 0.549202 0.618550 0.559840 0.625523 0.562500 0.634937 0.562500 0.640516 0.534574 0.640516 0.515957 0.648187 0.434176 0.672245 0.283245 0.643654 0.289229 0.623431 0.416888 0.618550 0.462766 0.610181 0.519947
0 0.641911 0.525931 0.646444 0.546543 0.649930 0.551197 0.657601 0.555186 0.662831 0.555186 0.670502 0.551197 0.672943 0.537899 0.669805 0.501995 0.669107 0.488697 0.679219 0.338431 0.655858 0.355718 0.649930 0.429521 0.648884 0.472739 0.646444 0.505319
0 0.672943 0.541888 0.679219 0.543883 0.693166 0.543883 0.698745 0.536569 0.698396 0.464096 0.709554 0.304521 0.690725 0.313165 0.673640 0.456782 0.673640 0.476064 0.671548 0.499335 0.671548 0.523271
0 0.695607 0.529255 0.700139 0.545213 0.707810 0.553856 0.716179 0.546543 0.724895 0.541888 0.726987 0.549867 0.739540 0.553856 0.744073 0.545213 0.745816 0.522606 0.745816 0.490691 0.769874 0.349734 0.735007 0.354388 0.714086 0.380984 0.705370 0.424202 0.710948 0.454787 0.697699 0.496011 0.695607 0.509309
0 0.746513 0.529255 0.747908 0.549867 0.759066 0.555186 0.785914 0.539229 0.787657 0.531915 0.790795 0.487367 0.813808 0.357713 0.776848 0.354388 0.761158 0.459441 0.754184 0.478723 0.744073 0.505319
0 0.520223 0.565824 0.542887 0.575798 0.541841 0.654255 0.541144 0.794548 0.527894 0.793218 0.519526 0.661569 0.519526 0.630984 0.517434 0.597074
0 0.542190 0.573138 0.551953 0.569149 0.564505 0.569149 0.569735 0.568484 0.572176 0.592420 0.567643 0.645612 0.566248 0.781250 0.548815 0.775931 0.547420 0.657580 0.544979 0.630984 0.543584 0.593750
0 0.570084 0.648271 0.570084 0.604388 0.572873 0.592420 0.574616 0.559840 0.594142 0.569149 0.601813 0.579122 0.604603 0.625000 0.604603 0.661569 0.595537 0.822473 0.578452 0.817154 0.573919 0.709441 0.573919 0.666223
0 0.609484 0.652926 0.603208 0.592420 0.603905 0.582447 0.614714 0.563165 0.625872 0.568484 0.636681 0.586436 0.633543 0.629654 0.636681 0.811170 0.626569 0.815160 0.617852 0.726729 0.614017 0.674867
0 0.643654 0.664894 0.638075 0.627660 0.634240 0.607048 0.632845 0.598404 0.640516 0.581782 0.645746 0.579122 0.658298 0.582447 0.666667 0.597074 0.666667 0.626330 0.669107 0.818484 0.655858 0.819814
0 0.673640 0.650266 0.663529 0.593750 0.662134 0.581782 0.675384 0.564495 0.684449 0.571809 0.691771 0.573138 0.702232 0.571809 0.713389 0.573138 0.721060 0.580452 0.716179 0.632314 0.717922 0.669548 0.740237 0.772606 0.696304 0.794548 0.675384 0.749335 0.675384 0.718085
0 0.730474 0.670878 0.718619 0.629654 0.714784 0.614362 0.713389 0.595745 0.714784 0.582447 0.726987 0.571809 0.738842 0.569149 0.750349 0.569149 0.761158 0.571809 0.770572 0.592420 0.773710 0.610372 0.771967 0.646941 0.770572 0.658910 0.784519 0.772606 0.749651 0.784574
0 0.787657 0.646941 0.775105 0.614362 0.770572 0.602394 0.764296 0.587766 0.761158 0.573138 0.765342 0.556516 0.771269 0.549202 0.785216 0.549202 0.790098 0.552527 0.805439 0.545213 0.813808 0.555186 0.814854 0.571809 0.820084 0.642287 0.828103 0.719415 0.803696 0.722739
0 0.496513 0.576463 0.524407 0.573138 0.518828 0.676862 0.511158 0.775931 0.486402 0.749335 0.494073 0.627660
0 0.472106 0.571809 0.490237 0.562500 0.499303 0.576463 0.495467 0.646941 0.473849 0.796543 0.455370 0.785904 0.468968 0.663564 0.468968 0.615691 0.468968 0.585106
0 0.434100 0.633644 0.434100 0.602394 0.435844 0.582447 0.444561 0.564495 0.455021 0.561170 0.460600 0.562500 0.465481 0.571809 0.466179 0.645612 0.442120 0.839096 0.419456 0.813830
0 0.402371 0.663564 0.403417 0.640957 0.403417 0.601064 0.404114 0.581782 0.411088 0.574468 0.420502 0.569149 0.425732 0.575798 0.438285 0.608378 0.428173 0.662899 0.417364 0.809176 0.404114 0.790559
0 0.381450 0.660239 0.378661 0.623670 0.375523 0.601064 0.378661 0.564495 0.388424 0.564495 0.394003 0.561170 0.402720 0.565824 0.406206 0.575798 0.407950 0.604388 0.402371 0.650266 0.386332 0.807846 0.366109 0.799202
0 0.315202 0.763963 0.321130 0.722739 0.324268 0.676862 0.328103 0.650266 0.328103 0.639628 0.319735 0.593750 0.320432 0.574468 0.338215 0.573138 0.345886 0.565824 0.363668 0.565824 0.376220 0.568484 0.379358 0.592420 0.373082 0.648271 0.376918 0.709441 0.350767 0.805186
0 0.259414 0.762633 0.263250 0.719415 0.272315 0.669548 0.273361 0.661569 0.269874 0.636303 0.267085 0.609707 0.272315 0.581782 0.277197 0.571809 0.291144 0.569149 0.302650 0.571809 0.311715 0.571809 0.326709 0.595080 0.319735 0.636303 0.313459 0.696144 0.286262 0.789229 0.267085 0.775931
0 0.197001 0.719415 0.211297 0.678191 0.223501 0.636303 0.224895 0.619016 0.224895 0.586436 0.226639 0.567154 0.234310 0.553856 0.246862 0.549867 0.267782 0.553856 0.274059 0.568484 0.281729 0.582447 0.267782 0.623005 0.252092 0.698803 0.218271 0.754654
