0 0.501020 0.438450 0.501020 0.477204 0.501020 0.499240 0.484354 0.505319 0.472449 0.505319 0.467007 0.481763 0.468367 0.457447 0.471088 0.415653 0.472449 0.379939 0.475170 0.342705 0.476190 0.306991 0.476190 0.272796 0.477551 0.246201 0.484354 0.223404 0.493537 0.227964 0.499660 0.253799 0.501020 0.296353 0.502381 0.331307 0.503061 0.372340
0 0.471769 0.415653 0.471769 0.449848 0.471088 0.494681 0.457143 0.499240 0.448299 0.499240 0.441156 0.472644 0.442177 0.427812 0.450340 0.370061 0.455782 0.299392 0.457823 0.255319 0.459524 0.229483 0.466327 0.218085 0.476871 0.237082 0.478231 0.274316 0.477551 0.306991 0.476871 0.344225
0 0.448980 0.398176 0.449660 0.424772 0.449660 0.452888 0.439796 0.474164 0.432313 0.497720 0.422449 0.503799 0.414286 0.468085 0.410204 0.438450 0.416327 0.370061 0.417687 0.320669 0.420408 0.284954 0.423129 0.255319 0.425510 0.213526 0.435714 0.180851 0.446939 0.180851 0.451701 0.204407 0.451701 0.244681 0.451701 0.294073
0 0.418367 0.365502 0.426871 0.408815 0.428231 0.439970 0.423810 0.462006 0.412925 0.452888 0.408163 0.472644 0.399660 0.481763 0.388435 0.468085 0.386395 0.435410 0.389796 0.405775 0.390476 0.370061 0.394218 0.332827 0.396939 0.284954 0.396939 0.252280 0.405782 0.227964 0.414286 0.232523 0.418367 0.263678 0.416327 0.308511
0 0.367687 0.375380 0.362925 0.407295 0.360884 0.432371 0.363605 0.455927 0.371769 0.468085 0.384354 0.449848 0.394218 0.449848 0.399660 0.420213 0.396939 0.372340 0.396259 0.345745 0.396259 0.300912 0.396259 0.263678 0.394898 0.237082 0.388435 0.218085 0.376190 0.227964 0.372449 0.269757 0.368367 0.316109
0 0.365986 0.352584 0.369728 0.398176 0.360884 0.439210 0.344558 0.446049 0.331973 0.433131 0.315306 0.407295 0.316327 0.372340 0.325170 0.309271 0.331973 0.256839 0.332653 0.215805 0.345578 0.205167 0.360884 0.209726 0.368707 0.237842 0.372789 0.285714 0.367687 0.322188
0 0.286054 0.306991 0.275510 0.335106 0.269728 0.365502 0.283333 0.392097 0.290136 0.392097 0.294898 0.415653 0.302721 0.408815 0.321088 0.393617 0.324150 0.352584 0.322109 0.329027 0.326871 0.263678 0.328912 0.235562 0.328912 0.189970 0.326871 0.148936 0.325170 0.118541 0.312245 0.091945 0.302721 0.101064 0.296939 0.146657 0.296939 0.192249
0 0.503741 0.374620 0.503741 0.415653 0.498980 0.448328 0.497959 0.474164 0.501020 0.498480 0.514626 0.509119 0.526190 0.493921 0.535034 0.474164 0.531973 0.400456 0.532993 0.357143 0.530952 0.261398 0.530952 0.231003 0.521429 0.205167 0.514626 0.192249 0.506803 0.228723 0.505782 0.283435
0 0.531973 0.363222 0.531973 0.415653 0.535034 0.461246 0.535034 0.484802 0.546599 0.500000 0.555442 0.498480 0.564966 0.483283 0.564966 0.428571 0.560204 0.352584 0.559184 0.313830 0.556463 0.274316 0.554422 0.233283 0.548639 0.205167 0.538776 0.196809 0.532993 0.218085 0.529932 0.294073
0 0.562245 0.415653 0.567007 0.463526 0.573810 0.489362 0.584354 0.502280 0.596259 0.474164 0.597959 0.428571 0.592177 0.357143 0.586395 0.253040 0.590476 0.207447 0.590476 0.170213 0.587415 0.148936 0.577551 0.142097 0.563946 0.174772 0.563946 0.228723 0.562245 0.291793
0 0.588435 0.413374 0.587415 0.443769 0.598980 0.465805 0.609864 0.487082 0.619388 0.471884 0.623469 0.439210 0.620408 0.407295 0.614626 0.339666 0.614626 0.302432 0.611565 0.268237 0.611565 0.235562 0.609864 0.207447 0.604762 0.170213 0.593197 0.177052 0.593197 0.224924 0.591156 0.274316
0 0.611565 0.357143 0.613605 0.424012 0.614626 0.446049 0.625170 0.461246 0.638776 0.469605 0.648639 0.443769 0.647619 0.402736 0.642857 0.363222 0.636054 0.304711 0.632993 0.261398 0.632993 0.220365 0.632993 0.189970 0.621429 0.183131 0.614626 0.218085 0.613605 0.274316
0 0.642857 0.359422 0.643878 0.420213 0.654422 0.441489 0.672109 0.439210 0.691497 0.407295 0.693537 0.370061 0.681633 0.341945 0.679592 0.316109 0.678912 0.274316 0.676871 0.228723 0.672789 0.185410 0.670068 0.166413 0.659184 0.161854 0.647619 0.157295 0.632993 0.170213 0.631293 0.212006 0.634014 0.272036
0 0.685714 0.322188 0.684694 0.357143 0.691497 0.389818 0.706122 0.408815 0.723469 0.395897 0.735034 0.348024 0.729252 0.311550 0.721429 0.250760 0.716667 0.192249 0.712925 0.150456 0.702041 0.113982 0.686395 0.113982 0.674830 0.144377 0.678912 0.218085 0.681633 0.276596
0 0.502041 0.544073 0.502721 0.587386 0.507823 0.620061 0.507823 0.661094 0.505782 0.708967 0.505782 0.756839 0.509524 0.800152 0.518367 0.800152 0.523129 0.762918 0.527211 0.697568 0.527211 0.630699 0.524150 0.576748 0.524150 0.534954 0.511565 0.532675
0 0.523129 0.537234 0.523129 0.587386 0.526190 0.645897 0.524150 0.708967 0.526190 0.760638 0.532993 0.793313 0.541837 0.808511 0.547619 0.782675 0.550340 0.727964 0.550340 0.665653 0.548639 0.602584 0.548639 0.556991 0.547619 0.528875
0 0.546599 0.541793 0.548639 0.628419 0.547619 0.676292 0.551361 0.717325 0.553401 0.775836 0.557143 0.819149 0.563946 0.856383 0.580612 0.848024 0.584354 0.803951 0.584354 0.734802 0.579592 0.654255 0.578571 0.576748 0.574830 0.541793 0.564966 0.524316 0.554422 0.528875
0 0.575850 0.541793 0.573810 0.580547 0.582653 0.648176 0.585374 0.699848 0.588435 0.754559 0.593197 0.784954 0.604762 0.802432 0.617687 0.782675 0.612585 0.730243 0.605782 0.669453 0.605782 0.608663 0.605782 0.554711 0.597279 0.517477 0.584354 0.513678
0 0.595238 0.528875 0.592177 0.563070 0.604082 0.600304 0.611565 0.669453 0.621429 0.739362 0.629252 0.772036 0.641837 0.788754 0.649660 0.780395 0.647619 0.734802 0.638776 0.669453 0.632993 0.607143 0.628231 0.552432 0.625170 0.513678 0.613605 0.502280 0.603061 0.511398
0 0.620408 0.500000 0.630272 0.572188 0.642857 0.628419 0.657483 0.691489 0.669048 0.712766 0.683673 0.724164 0.696259 0.711246 0.701020 0.665653 0.695238 0.617781 0.679592 0.545593 0.673810 0.509119 0.669048 0.468085 0.658503 0.465805 0.642857 0.484802
0 0.665986 0.452888 0.661224 0.469605 0.674830 0.524316 0.698299 0.591945 0.717687 0.632979 0.731293 0.652736 0.742857 0.650456 0.748639 0.620061 0.743878 0.574468 0.734354 0.545593 0.726531 0.498480 0.715646 0.437690 0.705102 0.420213 0.693537 0.417933 0.688435 0.435410
0 0.502381 0.544073 0.502721 0.582067 0.502381 0.612462 0.503741 0.639058 0.505442 0.672492 0.506122 0.706687 0.508163 0.729483 0.505442 0.766717 0.503401 0.775076 0.494218 0.772796 0.489116 0.738602 0.487075 0.696809 0.486054 0.659574 0.483673 0.626140 0.481973 0.598784 0.481633 0.571429 0.480952 0.541793
0 0.480272 0.541793 0.480612 0.583587 0.480952 0.610942 0.483673 0.685410 0.483673 0.715805 0.484354 0.739362 0.484354 0.762918 0.482993 0.782675 0.474830 0.787994 0.467007 0.765957 0.463946 0.709726 0.460544 0.648176 0.459184 0.595745 0.457823 0.550152 0.458844 0.531915 0.468367 0.528875
0 0.458503 0.547872 0.459864 0.603343 0.460204 0.645137 0.459184 0.683891 0.457823 0.724924 0.456463 0.754559 0.456463 0.784954 0.456463 0.809271 0.445238 0.824468 0.434014 0.813070 0.431973 0.772036 0.431293 0.730243 0.428571 0.656535 0.428571 0.620821 0.430612 0.547872 0.431633 0.532675 0.439456 0.514438 0.448299 0.512158 0.453741 0.527356
0 0.429932 0.538754 0.428912 0.572948 0.428571 0.607903 0.425850 0.655015 0.424490 0.708967 0.424490 0.742401 0.422109 0.769757 0.408503 0.781155 0.404422 0.750760 0.403061 0.702888 0.401701 0.644377 0.398980 0.605623 0.398639 0.582067 0.398639 0.553951 0.399320 0.526596 0.404762 0.511398 0.410884 0.502280 0.418367 0.513678 0.423129 0.523556 0.427551 0.521277
0 0.383673 0.495441 0.372789 0.507599 0.368707 0.519757 0.367347 0.550912 0.371429 0.579027 0.373129 0.607903 0.372789 0.647416 0.370408 0.668693 0.365986 0.693769 0.363265 0.717325 0.365306 0.739362 0.373469 0.743161 0.382653 0.727964 0.388095 0.703647 0.391156 0.683891 0.397279 0.636778 0.400340 0.599544 0.400340 0.566869 0.405442 0.544073 0.405442 0.521277
0 0.354422 0.496960 0.344898 0.528875 0.336395 0.542553 0.325850 0.562310 0.313605 0.586626 0.302721 0.601824 0.286395 0.623100 0.270748 0.639818 0.256463 0.650456 0.252381 0.624620 0.256463 0.593465 0.264626 0.569149 0.275170 0.544073 0.284354 0.513678 0.293878 0.487082 0.300680 0.462006 0.307823 0.435410 0.315646 0.425532 0.325170 0.433131 0.332313 0.444529 0.335034 0.457447 0.343537 0.458967 0.353061 0.475684
