0 0.473849 0.343750 0.470014 0.359043 0.470014 0.419548 0.470014 0.434176 0.470014 0.456782 0.473849 0.497340 0.475593 0.526596 0.494073 0.535904 0.509414 0.532580 0.505579 0.495346 0.500697 0.469415 0.500000 0.432846 0.500000 0.375665 0.497908 0.340426
0 0.435146 0.334441 0.439679 0.375665 0.439679 0.388298 0.442817 0.417553 0.442817 0.436170 0.442817 0.462101 0.447699 0.482713 0.447699 0.509973 0.458159 0.532580 0.470014 0.526596 0.471757 0.495346 0.465830 0.458777 0.465132 0.426862 0.465132 0.369681 0.453278 0.336436 0.446653 0.336436
0 0.414575 0.323803 0.414575 0.414229 0.412831 0.450798 0.412831 0.515957 0.429219 0.549202 0.436890 0.525266 0.438982 0.486037 0.436890 0.440160 0.435146 0.380984 0.430265 0.334441 0.428173 0.317819
0 0.386681 0.334441 0.386681 0.360372 0.387378 0.388298 0.387378 0.412234 0.386681 0.434176 0.385635 0.452793 0.383543 0.492021 0.385635 0.508644 0.392259 0.530585 0.416667 0.525266 0.412831 0.464096 0.404812 0.419548 0.403068 0.393617 0.403068 0.364362 0.404114 0.327128
0 0.362273 0.331117 0.362273 0.345745 0.361227 0.364362 0.354603 0.508644 0.354603 0.532580 0.377964 0.545213 0.383543 0.517287 0.375872 0.458777 0.374128 0.423537 0.379707 0.373670 0.382845 0.329122
0 0.312064 0.343750 0.312064 0.362367 0.312064 0.390293 0.309972 0.426862 0.309972 0.452793 0.311018 0.476729 0.306137 0.492021 0.294630 0.500665 0.277197 0.497340 0.274059 0.462101 0.274059 0.416223 0.271269 0.386303 0.268480 0.355053 0.274059 0.336436 0.299512 0.340426
0 0.526848 0.711436 0.522315 0.623005 0.518131 0.595080 0.515342 0.582447 0.517434 0.569149 0.529986 0.565824 0.533821 0.591755 0.533821 0.621011 0.534868 0.666888 0.535565 0.702128
0 0.559972 0.746676 0.562762 0.700133 0.562762 0.648936 0.562762 0.602394 0.565900 0.569149 0.557880 0.552527 0.543584 0.569149 0.543584 0.597074 0.546374 0.621011 0.548466 0.654255 0.548466 0.687500 0.547420 0.724734 0.549163 0.746676
0 0.596583 0.774601 0.599721 0.741356 0.599721 0.689495 0.597629 0.646941 0.595886 0.600399 0.595886 0.556516 0.587169 0.539894 0.578452 0.547207 0.572524 0.567154 0.573570 0.617021 0.581241 0.661569 0.581241 0.676197 0.581241 0.730053 0.585077 0.770612
0 0.627615 0.763298 0.624826 0.726064 0.623780 0.685505 0.623780 0.659574 0.623780 0.625000 0.623780 0.593085 0.620990 0.563830 0.611227 0.554521 0.603556 0.563830 0.600767 0.597074 0.605300 0.654255 0.606346 0.678191 0.608438 0.722739 0.614017 0.757979
0 0.520223 0.340426 0.517434 0.367686 0.515342 0.406915 0.510460 0.454787 0.506625 0.493351 0.511506 0.523271 0.526151 0.526596 0.536611 0.515957 0.538703 0.469415 0.537657 0.414229 0.536611 0.373670 0.536611 0.349734
0 0.549163 0.329122 0.543584 0.390293 0.540446 0.432846 0.540446 0.478723 0.543584 0.509973 0.561715 0.517287 0.568689 0.502660 0.569735 0.454787 0.567643 0.408910 0.565900 0.357048 0.564854 0.317819
0 0.586123 0.297872 0.576360 0.366356 0.573570 0.408910 0.572524 0.454787 0.579149 0.513963 0.587169 0.532580 0.607392 0.502660 0.603556 0.458777 0.596583 0.393617 0.601464 0.329122 0.605300 0.290559
0 0.619944 0.323803 0.613319 0.360372 0.608438 0.406915 0.605300 0.456782 0.603556 0.492021 0.610181 0.513963 0.624826 0.525266 0.630753 0.500665 0.630753 0.438165 0.632497 0.375665 0.640167 0.316489 0.631450 0.312500
0 0.662483 0.327128 0.660739 0.338431 0.649930 0.392287 0.645049 0.426862 0.639470 0.464096 0.634589 0.511968 0.633543 0.533910 0.644351 0.549202 0.653766 0.549202 0.660739 0.526596 0.660739 0.473404 0.664575 0.419548 0.673291 0.366356 0.674338 0.355053 0.678173 0.325798
0 0.682008 0.364362 0.678173 0.397606 0.674338 0.426862 0.671199 0.462101 0.667364 0.511968 0.666318 0.532580 0.673291 0.550532 0.695607 0.558511 0.708159 0.552527 0.708159 0.499335 0.709902 0.423537 0.714784 0.366356 0.690725 0.355053
0 0.716876 0.362367 0.714086 0.397606 0.709902 0.445479 0.709902 0.478723 0.711994 0.517287 0.714784 0.543218 0.728382 0.561835 0.740934 0.559840 0.751743 0.545213 0.755579 0.519282 0.755579 0.462101 0.759414 0.414229 0.764296 0.373670 0.740237 0.366356
0 0.513598 0.711436 0.510460 0.650266 0.509414 0.608378 0.509414 0.556516 0.500000 0.543218 0.491283 0.549202 0.490237 0.569149 0.490237 0.599069 0.491283 0.628324 0.491980 0.666888 0.500697 0.728059 0.509414 0.761303
0 0.484310 0.787234 0.484310 0.730053 0.484310 0.698803 0.489191 0.635638 0.494073 0.583777 0.486402 0.554521 0.467922 0.554521 0.464086 0.576463 0.466876 0.615691 0.466876 0.639628 0.466876 0.678191 0.466876 0.718750 0.468968 0.757979
0 0.461994 0.787234 0.461994 0.696809 0.465132 0.637633 0.466876 0.573138 0.454324 0.549202 0.444561 0.554521 0.436890 0.575133 0.438982 0.611702 0.438982 0.641622 0.438982 0.670878 0.438982 0.698803 0.437936 0.741356 0.439679 0.770612 0.451534 0.789229
0 0.286960 0.720745 0.313110 0.694814 0.316946 0.654255 0.319735 0.615691 0.329498 0.569149 0.323570 0.550532 0.308229 0.545213 0.299512 0.541888 0.281032 0.569149 0.272315 0.600399 0.263598 0.623005 0.256625 0.652261 0.247908 0.678191
