0 0.474425 0.364742 0.467559 0.410334 0.463440 0.492401 0.456574 0.549392 0.460693 0.570669 0.482321 0.577508 0.483007 0.537994 0.483007 0.499240 0.483007 0.460486 0.489873 0.375380 0.490903 0.357903
0 0.448678 0.357903 0.441813 0.384498 0.443872 0.427812 0.440096 0.449088 0.435977 0.499240 0.434947 0.557751 0.453828 0.549392 0.457604 0.522796 0.458634 0.481763 0.460693 0.443009 0.463440 0.418693 0.469276 0.355623
0 0.419499 0.336626 0.418469 0.392857 0.414349 0.418693 0.414349 0.471125 0.414349 0.501520 0.412633 0.537994 0.422245 0.536474 0.432200 0.503799 0.437007 0.468845 0.437007 0.423252 0.434260 0.370821 0.435977 0.336626
0 0.368349 0.340426 0.369379 0.405775 0.369379 0.460486 0.364573 0.514438 0.379334 0.514438 0.387916 0.479483 0.388946 0.440729 0.396842 0.408055 0.400618 0.344985
0 0.349811 0.301672 0.340886 0.344985 0.341916 0.405775 0.339856 0.440729 0.346722 0.477204 0.358737 0.484043 0.366632 0.455927 0.371438 0.423252 0.376244 0.369301 0.379334 0.340426 0.360453 0.291033
0 0.316512 0.245441 0.315482 0.294833 0.308617 0.342705 0.305527 0.386018 0.302781 0.427812 0.317542 0.433891 0.328184 0.449088 0.336080 0.451368 0.343975 0.388298 0.343975 0.329787 0.348781 0.278116
0 0.496052 0.364742 0.485067 0.537994 0.487127 0.572948 0.515620 0.572948 0.511500 0.354103
0 0.514590 0.355623 0.511500 0.514438 0.516650 0.570669 0.535187 0.547112 0.529351 0.347264
0 0.535187 0.340426 0.532097 0.540274 0.552695 0.534195 0.557844 0.314590
0 0.559561 0.321429 0.550978 0.514438 0.571576 0.529635 0.582218 0.506079 0.580158 0.310030
0 0.585307 0.329787 0.579128 0.499240 0.601785 0.503799 0.612770 0.477204 0.611740 0.427812 0.610711 0.336626 0.606591 0.306231
0 0.485067 0.679331 0.480261 0.584347 0.495022 0.577508 0.495022 0.599544 0.491933 0.640578 0.496052 0.696809
0 0.497769 0.599544 0.496052 0.584347 0.504634 0.582067 0.512530 0.605623 0.511500 0.633739 0.508754 0.679331 0.496739 0.673252 0.495022 0.631459
0 0.513560 0.582067 0.530381 0.575228 0.530381 0.610182 0.529351 0.677052 0.522485 0.709726 0.518366 0.673252 0.518366 0.607903
0 0.528321 0.569149 0.549949 0.544833 0.551665 0.582067 0.558531 0.683891 0.558531 0.724924 0.548919 0.759878 0.532097 0.724924 0.539993 0.655775 0.538963 0.594985
0 0.550978 0.551672 0.565396 0.544833 0.572262 0.579787 0.578441 0.655775 0.584277 0.720365 0.568486 0.734043 0.551665 0.633739
0 0.569516 0.531915 0.590113 0.529635 0.599725 0.518997 0.610711 0.522796 0.608651 0.564590 0.627188 0.655775 0.628218 0.703647 0.603845 0.716565 0.590113 0.699088 0.584277 0.607903 0.573292 0.560030
0 0.608651 0.522796 0.617576 0.575228 0.630278 0.629939 0.647099 0.683891 0.661517 0.664134 0.669413 0.636018 0.669413 0.582067 0.651905 0.521277 0.645039 0.473404 0.616547 0.501520
0 0.635084 0.453647 0.652935 0.431611 0.662547 0.416413 0.678338 0.425532 0.685204 0.466565 0.700996 0.525076 0.710608 0.557751 0.695160 0.585866 0.684174 0.584347 0.667697 0.537994 0.659801 0.499240
0 0.463440 0.588146 0.459664 0.722644 0.466529 0.734043 0.476141 0.718845 0.473395 0.653495 0.473395 0.599544
0 0.441126 0.572948 0.435977 0.638298 0.430141 0.712006 0.442842 0.753040 0.453828 0.755319 0.458634 0.683891 0.458634 0.638298 0.459664 0.572948 0.449708 0.560030
0 0.410573 0.536474 0.396842 0.588146 0.394782 0.645137 0.395812 0.688450 0.396842 0.731763 0.407484 0.737842 0.427394 0.727204 0.435977 0.631459 0.435977 0.582067 0.432200 0.551672
0 0.339856 0.488602 0.318229 0.542553 0.297631 0.605623 0.298661 0.661854 0.316512 0.673252 0.334020 0.686170 0.342945 0.640578 0.349811 0.590426 0.367319 0.536474 0.360453 0.514438
0 0.304497 0.453647 0.283213 0.521277 0.251631 0.557751 0.264332 0.597264 0.280124 0.605623 0.295915 0.597264 0.336080 0.499240 0.337110 0.471125 0.323378 0.460486
