0 0.467312 0.561550 0.492563 0.556231 0.490488 0.482523 0.487375 0.261398 0.462470 0.254559 0.462816 0.474164 0.459703 0.526596
0 0.437911 0.531155 0.453476 0.563830 0.463507 0.558511 0.468004 0.450608 0.467312 0.247720 0.442753 0.247720 0.443445 0.441489
0 0.413352 0.534954 0.417503 0.563830 0.435835 0.573708 0.441024 0.541793 0.447942 0.510638 0.444829 0.246201 0.421999 0.250760 0.416465 0.431611 0.417503 0.484043
0 0.378070 0.509119 0.383604 0.541793 0.391906 0.548632 0.401245 0.532675 0.411968 0.541033 0.417503 0.518237 0.421999 0.472644 0.425804 0.424772 0.427188 0.279635 0.394327 0.279635 0.393290 0.413374 0.385680 0.449848
0 0.338983 0.468845 0.342788 0.503040 0.352127 0.521277 0.359737 0.515957 0.370460 0.515957 0.379799 0.517477 0.391906 0.500760 0.391906 0.477204 0.388101 0.452128 0.371152 0.297872 0.349014 0.296353 0.345209 0.428571
0 0.299550 0.484043 0.298167 0.457447 0.305777 0.423252 0.311311 0.391337 0.314424 0.281155 0.345901 0.296353 0.345901 0.408055 0.344517 0.430091 0.345209 0.460486 0.341058 0.497720 0.327222 0.506079 0.316499 0.493921
0 0.496368 0.556231 0.523348 0.543313 0.522657 0.470365 0.515738 0.254559 0.491871 0.259119 0.491871 0.487082
0 0.525770 0.547872 0.518852 0.503040 0.520235 0.465805 0.518160 0.245441 0.533379 0.245441 0.545140 0.468845 0.542719 0.507599 0.546524 0.548632
0 0.555863 0.553191 0.540989 0.487842 0.542027 0.424772 0.542719 0.237082 0.572812 0.240881 0.574888 0.452128 0.574888 0.485562 0.576271 0.510638 0.574888 0.532675 0.561743 0.546353
0 0.574196 0.532675 0.559668 0.511398 0.561052 0.472644 0.563473 0.433131 0.561052 0.252280 0.584919 0.291033 0.593220 0.471884 0.596333 0.490881 0.600138 0.515957 0.591837 0.536474 0.581114 0.533435
0 0.597371 0.519757 0.588032 0.507599 0.588032 0.430091 0.580422 0.267477 0.601176 0.259119 0.617779 0.430091 0.618125 0.458967 0.618125 0.496201 0.620201 0.522796
0 0.624006 0.507599 0.613283 0.474164 0.615704 0.402736 0.613283 0.271277 0.635074 0.261398 0.647181 0.370821 0.657904 0.428571 0.667243 0.475684 0.666551 0.503040 0.655828 0.510638 0.642684 0.514438
0 0.670356 0.496201 0.657212 0.471884 0.655828 0.428571 0.631615 0.274316 0.652369 0.252280 0.678658 0.381459 0.693186 0.399696 0.699412 0.424772 0.703909 0.477204 0.694915 0.493921
0 0.698028 0.395897 0.683155 0.389818 0.673123 0.363982 0.655828 0.333587 0.646489 0.275836 0.652715 0.208967 0.674853 0.217325 0.691802 0.246201 0.710135 0.289514 0.720166 0.308511 0.725700 0.337386 0.719474 0.355623 0.712556 0.379179 0.708059 0.389818
0 0.493255 0.586626 0.515047 0.591945 0.524386 0.789514 0.508820 0.784954
0 0.513317 0.586626 0.525078 0.578267 0.540297 0.583587 0.537184 0.803191 0.528883 0.804711
0 0.540297 0.644377 0.533379 0.608663 0.540297 0.576748 0.548599 0.568389 0.562435 0.602584 0.564856 0.656535 0.565548 0.828267 0.544794 0.829787
0 0.561052 0.642857 0.552750 0.594225 0.549637 0.566869 0.560360 0.556991 0.569353 0.553191 0.581806 0.569909 0.586302 0.601824 0.588724 0.826748 0.573504 0.822948
0 0.588032 0.636018 0.574196 0.594225 0.572466 0.563070 0.584227 0.548632 0.600484 0.551672 0.612591 0.553191 0.612591 0.612462 0.635074 0.762918 0.611207 0.765957
0 0.616396 0.623860 0.602560 0.576748 0.601176 0.547872 0.603251 0.533435 0.617088 0.528116 0.630924 0.525836 0.639571 0.515957 0.659633 0.524316 0.661709 0.572188 0.693878 0.738602 0.670356 0.752280 0.645797 0.753799 0.629540 0.689970
0 0.669664 0.604103 0.655828 0.563070 0.653407 0.541033 0.654099 0.526596 0.659287 0.514438 0.678658 0.500760 0.691110 0.493921 0.701141 0.490881 0.707714 0.524316 0.708059 0.560030 0.741612 0.705167 0.721550 0.718845 0.688689 0.661094
0 0.482532 0.591945 0.501211 0.598784 0.501902 0.826748 0.484953 0.823708 0.477343 0.671733
0 0.459703 0.583587 0.470425 0.583587 0.483224 0.605623 0.479765 0.818389 0.465929 0.821429
0 0.429609 0.613982 0.442062 0.576748 0.451747 0.579027 0.459011 0.604103 0.462816 0.644377 0.456589 0.857143 0.434798 0.858663
0 0.411276 0.686170 0.407126 0.626140 0.418886 0.585106 0.437911 0.590426 0.438948 0.617021 0.434106 0.669453 0.423383 0.819909 0.407126 0.819909
0 0.382567 0.765957 0.397440 0.677812 0.408163 0.623860 0.417503 0.578267 0.412660 0.556231 0.398824 0.561550 0.388101 0.563070 0.380491 0.563070 0.373573 0.600304 0.378070 0.718845 0.365963 0.792553 0.378762 0.797872
0 0.351435 0.756079 0.372881 0.671733 0.379799 0.632219 0.397440 0.543313 0.369076 0.541033 0.349706 0.531155 0.335870 0.534954 0.333449 0.601824 0.316499 0.754559 0.348322 0.768997
0 0.283639 0.727204 0.330336 0.605623 0.337254 0.582067 0.345209 0.541033 0.335178 0.515957 0.320304 0.509119 0.303701 0.496201 0.290557 0.509119 0.282255 0.553191 0.282947 0.585106 0.255967 0.698328
