0 0.479065 0.458207 0.478367 0.497720 0.482554 0.528116 0.505234 0.534195 0.511514 0.525076 0.514655 0.507599 0.512212 0.401216 0.518144 0.308511 0.522680 0.230243 0.521633 0.194529 0.515003 0.177052 0.498953 0.186930 0.487788 0.357143
0 0.458828 0.449088 0.459177 0.497720 0.471389 0.528116 0.484299 0.522796 0.489532 0.486322 0.487090 0.392097 0.487788 0.315350 0.490230 0.254559 0.496511 0.192249 0.488486 0.154255 0.477320 0.183131 0.476622 0.230243 0.466853 0.342705 0.461619 0.427812
0 0.429518 0.463526 0.427774 0.496201 0.440684 0.528116 0.450454 0.530395 0.464410 0.492401 0.467551 0.430091 0.466853 0.315350 0.470342 0.262918 0.470342 0.227964 0.468597 0.189970 0.459874 0.175532 0.449407 0.190729 0.436148 0.363222
0 0.410328 0.436930 0.406490 0.479483 0.408234 0.513678 0.429170 0.511398 0.446964 0.498480 0.452896 0.475684 0.453943 0.401216 0.451151 0.304711 0.451849 0.258359 0.450105 0.205167 0.446615 0.173252 0.436148 0.169453 0.427774 0.208967
0 0.377879 0.452888 0.375087 0.479483 0.387648 0.509878 0.410328 0.507599 0.422540 0.501520 0.425680 0.465805 0.426727 0.336626 0.426727 0.281915 0.423238 0.240122 0.416957 0.232523 0.405792 0.231763 0.400558 0.253040
0 0.322052 0.412614 0.321354 0.427812 0.318562 0.443009 0.326588 0.467325 0.346476 0.481003 0.358688 0.478723 0.371947 0.448328 0.367411 0.406535 0.359735 0.346505 0.352756 0.300152 0.347523 0.256839 0.340544 0.230243 0.328332 0.212766 0.309142 0.217325 0.305652 0.251520 0.308095 0.303951 0.316120 0.364742
0 0.273901 0.389818 0.269714 0.410334 0.267969 0.427812 0.272156 0.443009 0.279135 0.443009 0.291347 0.459726 0.301814 0.467325 0.315073 0.454407 0.321005 0.427812 0.319260 0.354103 0.321005 0.316109 0.314375 0.277356 0.308793 0.246960 0.300070 0.239362 0.279484 0.247720 0.275645 0.284954 0.278437 0.340426
0 0.513608 0.449848 0.512910 0.491641 0.514655 0.528875 0.525122 0.533435 0.538381 0.522036 0.543964 0.511398 0.543964 0.452128 0.537334 0.352584 0.536636 0.281155 0.535939 0.250760 0.536985 0.216565 0.531752 0.196049 0.520586 0.210486 0.515701 0.318389
0 0.542219 0.436930 0.542219 0.489362 0.545359 0.513678 0.550593 0.515198 0.562805 0.508359 0.570482 0.495441 0.567690 0.429331 0.558618 0.332827 0.555827 0.265957 0.556176 0.220365 0.558269 0.200608 0.553385 0.192249 0.543964 0.197568 0.541521 0.233283 0.539777 0.390578
0 0.563154 0.447568 0.564201 0.479483 0.571877 0.511398 0.585136 0.523556 0.594557 0.509878 0.599442 0.480243 0.596650 0.427812 0.590719 0.340426 0.582694 0.259119 0.577809 0.204407 0.573971 0.180091 0.566992 0.170213 0.564899 0.211246 0.561759 0.293313 0.560712 0.356383
0 0.584787 0.424012 0.587927 0.463526 0.592463 0.493921 0.603280 0.500760 0.618981 0.501520 0.625960 0.477204 0.627355 0.443769 0.615841 0.401216 0.607816 0.328267 0.603978 0.284954 0.598395 0.248480 0.595604 0.209726 0.588974 0.191489 0.582345 0.195289 0.578507 0.214286 0.583391 0.293313
0 0.618632 0.419453 0.616888 0.453647 0.622470 0.486322 0.639916 0.483283 0.648290 0.472644 0.652477 0.458967 0.651779 0.436170 0.636776 0.341945 0.623168 0.274316 0.615841 0.239362 0.611305 0.218845 0.607816 0.210486 0.602582 0.213526 0.601535 0.235562 0.606769 0.294833
0 0.657711 0.400456 0.652128 0.426292 0.652477 0.449848 0.663992 0.460486 0.674110 0.459726 0.677948 0.441489 0.683531 0.429331 0.690161 0.429331 0.696092 0.420213 0.698883 0.407295 0.706560 0.344225 0.709002 0.299392 0.710747 0.260638 0.709002 0.241641 0.702373 0.223404 0.678995 0.227964 0.669923 0.264438 0.665736 0.311550 0.665736 0.357143
0 0.702024 0.386018 0.699232 0.411094 0.699581 0.435410 0.708304 0.449088 0.718772 0.449848 0.735869 0.436930 0.747034 0.413374 0.741103 0.356383 0.737613 0.293313 0.736916 0.259119 0.727844 0.234043 0.722261 0.224164 0.711096 0.247720 0.709700 0.271277 0.706560 0.335866
0 0.737264 0.427052 0.718772 0.466565 0.722261 0.501520 0.739009 0.538754 0.751221 0.566869 0.772156 0.571429 0.782973 0.541033 0.781577 0.474924 0.767969 0.439970 0.758897 0.424012 0.748081 0.416413
0 0.667830 0.482523 0.665387 0.524316 0.684578 0.566109 0.707258 0.626140 0.721563 0.651976 0.730984 0.661094 0.749477 0.651976 0.753664 0.602584 0.743545 0.549392 0.724006 0.508359 0.718074 0.460486 0.698535 0.451368 0.670970 0.474164
0 0.637823 0.490881 0.626308 0.496960 0.618632 0.515957 0.633287 0.568389 0.653524 0.685410 0.669574 0.736322 0.682484 0.738602 0.700279 0.724164 0.710747 0.681611 0.710398 0.647416 0.692254 0.601064 0.677948 0.547872 0.673412 0.494681 0.663294 0.482523 0.653873 0.474924
0 0.602582 0.506839 0.591766 0.525076 0.594208 0.554711 0.614794 0.642097 0.630844 0.725684 0.648639 0.757599 0.657711 0.760638 0.660851 0.737842 0.649686 0.684650 0.630844 0.580547 0.631193 0.534954 0.629449 0.516717 0.617237 0.503799
0 0.578507 0.516717 0.571528 0.525076 0.563154 0.542553 0.566294 0.572948 0.579553 0.632219 0.594557 0.728723 0.602582 0.763678 0.614794 0.769757 0.619679 0.742401 0.604327 0.634498 0.600140 0.556231 0.597348 0.529635 0.590021 0.520517
0 0.545708 0.519757 0.539079 0.546353 0.543615 0.593465 0.560363 0.721125 0.573622 0.787234 0.581647 0.807751 0.591417 0.804711 0.590719 0.770517 0.582345 0.667173 0.573622 0.576748 0.572924 0.553191 0.563503 0.528875
0 0.527565 0.533435 0.519191 0.537234 0.519888 0.574468 0.536636 0.760638 0.541521 0.795593 0.552687 0.814590 0.560712 0.791033 0.548849 0.667173 0.543964 0.581307 0.543615 0.548632 0.540823 0.533435
0 0.507327 0.541793 0.503140 0.547112 0.504187 0.587386 0.514655 0.733283 0.518493 0.781915 0.527565 0.793313 0.532798 0.783435 0.526169 0.647416 0.525122 0.575988 0.520586 0.541793 0.510816 0.539514
0 0.490579 0.541033 0.484299 0.547872 0.486741 0.572948 0.489184 0.670213 0.490579 0.752280 0.501047 0.797872 0.508723 0.801672 0.514655 0.774316 0.509770 0.650456 0.506629 0.572948 0.505234 0.550152 0.496511 0.541033
0 0.473482 0.541793 0.467202 0.548632 0.464410 0.568389 0.471040 0.667933 0.470342 0.773556 0.476274 0.819909 0.485694 0.822188 0.489532 0.783435 0.487439 0.651216 0.487439 0.591945 0.487439 0.571429 0.483601 0.553191
0 0.454990 0.541793 0.444871 0.553951 0.439986 0.619301 0.436148 0.683891 0.437544 0.775076 0.442080 0.814590 0.458130 0.828267 0.466504 0.755319 0.472784 0.609422 0.464759 0.553951
0 0.428472 0.532675 0.421493 0.543313 0.416609 0.572188 0.409979 0.677052 0.403699 0.753799 0.402652 0.793313 0.419749 0.801672 0.430914 0.718845 0.441033 0.614742 0.452198 0.585866 0.450803 0.566109 0.446964 0.547872 0.441033 0.532675
0 0.394278 0.534954 0.390440 0.557751 0.385206 0.620821 0.374389 0.716565 0.370202 0.765957 0.378227 0.783435 0.391486 0.768237 0.409979 0.664134 0.416260 0.588906 0.426727 0.556231 0.427425 0.539514 0.424634 0.527356 0.412421 0.522036 0.404396 0.516717
0 0.343685 0.585106 0.334962 0.639818 0.332868 0.674012 0.336008 0.701368 0.361479 0.692249 0.384508 0.608663 0.389044 0.572188 0.382763 0.555471 0.371598 0.538754 0.364271 0.534954 0.353454 0.537234 0.345080 0.547872
0 0.316120 0.459726 0.302861 0.479483 0.300070 0.500760 0.288904 0.558511 0.262038 0.639058 0.258548 0.677812 0.272854 0.715805 0.301465 0.689210 0.326936 0.630699 0.343336 0.566869 0.356246 0.525836 0.355199 0.503040 0.345429 0.485562 0.337404 0.472644 0.322401 0.461246
0 0.266923 0.439970 0.247732 0.444529 0.242847 0.496960 0.231333 0.559271 0.223657 0.608663 0.233077 0.648176 0.251570 0.651216 0.275297 0.603343 0.287509 0.556231 0.299372 0.521277 0.308793 0.495441 0.305652 0.477964 0.291696 0.458967 0.282973 0.448328 0.275994 0.441489
