0 0.464407 0.519757 0.463729 0.572188 0.477966 0.591185 0.487119 0.574468 0.490169 0.512158 0.491186 0.450608 0.494915 0.378419 0.493559 0.348024 0.485424 0.325228 0.471186 0.340426 0.473220 0.392857 0.465763 0.486322
0 0.445424 0.513678 0.442712 0.565350 0.443729 0.577508 0.451525 0.590426 0.465424 0.575988 0.465424 0.533435 0.466780 0.472644 0.473898 0.398176 0.475254 0.368541 0.474915 0.341185 0.469831 0.332827 0.460339 0.348024 0.458644 0.368541 0.454237 0.430091 0.446441 0.502280
0 0.422034 0.526596 0.422034 0.551672 0.423051 0.579027 0.434237 0.586626 0.447458 0.574468 0.454237 0.544073 0.450847 0.493921 0.452203 0.428571 0.454576 0.384498 0.454915 0.349544 0.447458 0.325228 0.432881 0.335106
0 0.489492 0.509119 0.487458 0.563830 0.487458 0.584347 0.505763 0.589666 0.516949 0.586626 0.518305 0.512158 0.518305 0.447568 0.516610 0.404255 0.515932 0.320669 0.508475 0.311550 0.497966 0.325228 0.495254 0.380699
0 0.531864 0.531915 0.531525 0.560030 0.542373 0.592705 0.554576 0.595745 0.560000 0.575988 0.560339 0.519757 0.562712 0.446809 0.563051 0.407295 0.565424 0.361702 0.560678 0.344985 0.552203 0.341945 0.545763 0.380699
0 0.570169 0.541033 0.569831 0.560790 0.572542 0.581307 0.578983 0.591185 0.587797 0.593465 0.596610 0.575988 0.593898 0.524316 0.593898 0.450608 0.593898 0.434650 0.593898 0.395897 0.586441 0.365502 0.578305 0.369301 0.576949 0.395897
0 0.595593 0.535714 0.592881 0.575988 0.602373 0.586626 0.612881 0.597264 0.624068 0.580547 0.629831 0.566109 0.632203 0.505319 0.633898 0.453647 0.633898 0.378419 0.633220 0.362462 0.625085 0.352584 0.617627 0.359422 0.608814 0.405015 0.601017 0.493921
0 0.579322 0.592705 0.572542 0.610942 0.577966 0.642097 0.579322 0.694529 0.581017 0.733283 0.586441 0.770517 0.595932 0.787994 0.613220 0.787234 0.623051 0.759878 0.615593 0.690729 0.615593 0.633739 0.611525 0.594225 0.605085 0.578267 0.593559 0.582827 0.584407 0.592705
0 0.562373 0.587386 0.550169 0.594225 0.552881 0.622340 0.556610 0.692249 0.556949 0.756079 0.562373 0.803951 0.571525 0.822188 0.578983 0.793313 0.580000 0.737082 0.580000 0.647416 0.583390 0.598784 0.578305 0.590426 0.568475 0.579027
0 0.545763 0.568389 0.536949 0.594225 0.537288 0.631459 0.539661 0.704407 0.539322 0.740122 0.538644 0.769757 0.543390 0.798632 0.550847 0.798632 0.558305 0.737842 0.560339 0.662614 0.561356 0.611702 0.559661 0.583587 0.551864 0.566869
0 0.523729 0.578267 0.517966 0.596505 0.522373 0.667933 0.521695 0.736322 0.525763 0.780395 0.537288 0.785714 0.540678 0.724924 0.544068 0.613222 0.535254 0.573708 0.531864 0.572188
0 0.503729 0.573708 0.504746 0.660334 0.505085 0.694529 0.506102 0.733283 0.509831 0.772796 0.516949 0.768997 0.520000 0.719605 0.519322 0.667173 0.522373 0.617021 0.524407 0.588146 0.523390 0.572948
0 0.489831 0.568389 0.487458 0.582827 0.486780 0.633739 0.487797 0.683891 0.488814 0.724164 0.488814 0.750000 0.490508 0.768997 0.498305 0.775076 0.503051 0.749240 0.505085 0.634498 0.505424 0.601064 0.507458 0.575228 0.505424 0.568389
0 0.474915 0.569909 0.471525 0.591945 0.472542 0.626900 0.474576 0.692249 0.474576 0.728723 0.474576 0.783435 0.476949 0.800912 0.487458 0.794833 0.488814 0.699848 0.489153 0.573708 0.483390 0.567629
0 0.460339 0.568389 0.454915 0.574468 0.449492 0.584347 0.449153 0.610942 0.454915 0.655775 0.455593 0.700608 0.455593 0.740122 0.455593 0.765198 0.460678 0.789514 0.469492 0.787994 0.473559 0.717325 0.472203 0.625380 0.472542 0.569909
0 0.441356 0.574468 0.434237 0.587386 0.436949 0.601064 0.436271 0.616261 0.433220 0.648176 0.435254 0.687690 0.435932 0.735562 0.435593 0.759119 0.435593 0.780395 0.435593 0.800912 0.441017 0.816869 0.449153 0.811550 0.456271 0.747720 0.456271 0.639818 0.456610 0.597264 0.455593 0.579787 0.449492 0.567629
0 0.417966 0.585866 0.417288 0.588146 0.414576 0.603343 0.411525 0.642857 0.400678 0.780395 0.400678 0.803191 0.405763 0.813070 0.416949 0.801672 0.437288 0.642857 0.442712 0.605623 0.440000 0.586626 0.435932 0.582827 0.434576 0.573708 0.432203 0.566109 0.428475 0.563830 0.424407 0.566109 0.423390 0.572188 0.419661 0.579787
0 0.412881 0.566869 0.403390 0.576748 0.401695 0.588906 0.398305 0.623100 0.398305 0.666413 0.393559 0.719605 0.391186 0.767477 0.390847 0.784954 0.393220 0.803951 0.401695 0.798632 0.406102 0.765957 0.413220 0.714286 0.422373 0.655015 0.430508 0.613222 0.433559 0.594225 0.432203 0.585106 0.427797 0.581307 0.423390 0.578267 0.418305 0.568389
0 0.368475 0.515198 0.364746 0.544073 0.365424 0.575228 0.376610 0.582827 0.386441 0.585866 0.402034 0.577508 0.410508 0.560790 0.408814 0.516717 0.401017 0.492401 0.397627 0.478723 0.397288 0.451368 0.397288 0.417933 0.394915 0.383739 0.392203 0.373860 0.378305 0.366261 0.363390 0.392097 0.363390 0.429331 0.365763 0.475684
0 0.410508 0.506839 0.409831 0.546353 0.408136 0.576748 0.413898 0.589666 0.422034 0.584347 0.430169 0.564590 0.432203 0.543313 0.427458 0.493161 0.430847 0.453647 0.433220 0.434650 0.434237 0.410334 0.429492 0.391337 0.424068 0.385258 0.419661 0.397416 0.416610 0.420973 0.413898 0.439970 0.411864 0.471884
