0 0.463373 0.494681 0.476661 0.494681 0.489267 0.498480 0.498807 0.487842 0.498126 0.473404 0.487905 0.364742 0.479046 0.227204 0.455877 0.248480 0.460988 0.395897 0.459625 0.453647
0 0.433049 0.430091 0.433731 0.465046 0.434412 0.487842 0.442589 0.509878 0.452129 0.506079 0.462692 0.493161 0.461329 0.460486 0.459625 0.389058 0.450767 0.218845 0.424191 0.235562 0.433049 0.407295
0 0.391482 0.237082 0.400341 0.307751 0.401022 0.376140 0.405451 0.452128 0.407836 0.484802 0.408518 0.501520 0.420443 0.506839 0.431687 0.500000 0.436797 0.462006 0.435094 0.425532 0.426235 0.318389 0.407836 0.202128 0.388416 0.222644
0 0.360477 0.278116 0.366269 0.355623 0.370017 0.405775 0.374446 0.473404 0.378194 0.506079 0.387734 0.514438 0.401704 0.504559 0.409881 0.506839 0.418058 0.462006 0.410903 0.414134 0.401704 0.324468 0.383986 0.224164
0 0.334583 0.329787 0.346167 0.395897 0.351618 0.459726 0.355366 0.511398 0.360477 0.541033 0.376150 0.536474 0.393186 0.528116 0.390801 0.481763 0.383305 0.427052 0.352300 0.266717 0.329131 0.290274
0 0.325043 0.471884 0.342078 0.470365 0.359796 0.448328 0.363203 0.432371 0.353663 0.366261 0.315843 0.250760 0.286201 0.262158 0.308688 0.395897 0.317547 0.410334
0 0.278024 0.418693 0.281772 0.465046 0.289949 0.511398 0.312095 0.497720 0.324020 0.486322 0.328450 0.463526 0.326405 0.432371 0.316525 0.401976 0.303578 0.363982 0.289267 0.296353 0.269847 0.270517 0.247700 0.279635 0.242589 0.314590 0.250085 0.360942 0.262010 0.384498
0 0.499489 0.486322 0.510733 0.494681 0.527768 0.490122 0.535945 0.477964 0.532198 0.439970 0.524702 0.349544 0.513799 0.217325 0.487905 0.224164 0.499489 0.377660 0.499830 0.422492
0 0.534583 0.401976 0.535264 0.448328 0.540375 0.481763 0.550596 0.481763 0.559796 0.469605 0.559455 0.436930 0.561158 0.384498 0.559455 0.237082 0.539693 0.241641 0.533901 0.325988 0.534583 0.376140
0 0.571380 0.498480 0.561840 0.456687 0.560477 0.414134 0.567632 0.359422 0.574446 0.221884 0.591482 0.232523 0.598296 0.366261 0.597274 0.398936 0.593867 0.443769 0.589438 0.484802 0.583305 0.504559
0 0.601704 0.504559 0.589438 0.503040 0.589097 0.452128 0.590119 0.424012 0.597615 0.373860 0.597615 0.235562 0.619761 0.258359 0.621124 0.373860 0.620443 0.435410 0.627257 0.477964 0.621124 0.500000 0.610221 0.504559
0 0.635094 0.511398 0.620443 0.501520 0.619761 0.422492 0.619761 0.372340 0.622487 0.336626 0.641227 0.258359 0.655196 0.279635 0.645656 0.348024 0.643271 0.382219 0.644293 0.432371 0.648382 0.449848 0.649404 0.477964 0.645656 0.501520
0 0.669847 0.493161 0.653152 0.486322 0.649404 0.459726 0.651448 0.417173 0.667802 0.372340 0.688586 0.250760 0.718910 0.296353 0.713118 0.363982 0.702555 0.387538 0.693697 0.405775 0.691312 0.453647 0.686882 0.493161
0 0.491312 0.531155 0.515162 0.528116 0.511414 0.594225 0.503237 0.764438 0.491652 0.773556
0 0.508688 0.526596 0.535264 0.525836 0.531516 0.590426 0.526405 0.777356 0.510051 0.773556
0 0.528450 0.618541 0.528450 0.549392 0.529472 0.524316 0.547189 0.522796 0.557411 0.537994 0.556729 0.577508 0.547871 0.768997 0.532879 0.781915
0 0.555366 0.623860 0.551618 0.550912 0.552300 0.519757 0.565588 0.514438 0.577513 0.534195 0.578876 0.562310 0.578876 0.612462 0.576831 0.819909 0.554344 0.819909
0 0.579557 0.650456 0.573765 0.604103 0.571380 0.574468 0.578876 0.532675 0.593867 0.532675 0.603407 0.564590 0.606474 0.633739 0.603407 0.803951 0.581261 0.800152
0 0.603407 0.612462 0.601704 0.579027 0.599659 0.553951 0.612947 0.541033 0.629302 0.549392 0.631687 0.629939 0.628620 0.791793 0.602726 0.772036 0.606474 0.642097
0 0.658262 0.625380 0.644293 0.588906 0.640545 0.549392 0.639523 0.531155 0.657240 0.518237 0.671550 0.516717 0.683475 0.519757 0.692334 0.559271 0.701193 0.582827 0.729813 0.705927 0.684838 0.737842 0.668484 0.678571
0 0.737990 0.660334 0.722658 0.650456 0.712095 0.626900 0.699489 0.582067 0.691652 0.559271 0.681772 0.528116 0.682794 0.509878 0.689949 0.498480 0.709370 0.490122 0.720273 0.481763 0.724702 0.488602 0.733901 0.522796 0.745486 0.556231 0.783305 0.622340 0.761840 0.676292
0 0.463373 0.532675 0.489267 0.536474 0.490630 0.790274 0.471550 0.781915
0 0.441227 0.536474 0.437479 0.570669 0.443952 0.642097 0.453833 0.780395 0.475980 0.806991 0.470187 0.688450 0.469165 0.623860 0.465417 0.552432 0.464055 0.524316
0 0.414310 0.595745 0.418058 0.552432 0.424872 0.536474 0.429983 0.536474 0.437479 0.544833 0.448382 0.580547 0.443271 0.658055 0.438842 0.816869 0.416014 0.805471
0 0.381261 0.781915 0.381942 0.688450 0.383986 0.646657 0.383986 0.605623 0.387053 0.562310 0.390119 0.539514 0.400341 0.528116 0.412266 0.537994 0.423509 0.549392 0.429302 0.549392 0.425554 0.585866 0.420443 0.633739 0.410903 0.777356
0 0.325724 0.722644 0.337649 0.686170 0.344123 0.642097 0.344804 0.621581 0.350937 0.579027 0.356048 0.541033 0.356729 0.490122 0.344804 0.488602 0.327087 0.486322 0.314480 0.478723 0.306303 0.508359 0.305622 0.587386 0.282794 0.714286
0 0.229302 0.633739 0.248382 0.582827 0.258944 0.566109 0.265758 0.536474 0.267121 0.511398 0.273935 0.488602 0.289267 0.498480 0.312095 0.515957 0.316865 0.524316 0.312095 0.552432 0.303237 0.577508 0.290971 0.633739 0.260988 0.714286
