0 0.483193 0.574468 0.494398 0.581307 0.510854 0.579787 0.510854 0.544073 0.508053 0.483283 0.503501 0.303951 0.487745 0.305471 0.485994 0.460486 0.487045 0.503040 0.483193 0.532675 0.482843 0.559271
0 0.466036 0.572948 0.477241 0.573708 0.483193 0.556991 0.483193 0.511398 0.483193 0.469605 0.482843 0.427812 0.478992 0.388298 0.476891 0.344985 0.468137 0.356383 0.468487 0.426292 0.468487 0.453647 0.468487 0.479483 0.466737 0.505319 0.465336 0.538754
0 0.440476 0.502280 0.442227 0.538754 0.449230 0.560030 0.457983 0.556991 0.464286 0.531915 0.465336 0.502280 0.467087 0.473404 0.465336 0.372340 0.462885 0.329027 0.461835 0.291033 0.454482 0.293313 0.445378 0.379939 0.445728 0.418693 0.441877 0.456687
0 0.405812 0.514438 0.411765 0.529635 0.420168 0.519757 0.424720 0.481003 0.424370 0.429331 0.423319 0.365502 0.420518 0.319149 0.416667 0.270517 0.403011 0.275076 0.403011 0.353343 0.404062 0.386018 0.404062 0.421733 0.404412 0.451368 0.402661 0.477964 0.402661 0.495441
0 0.328431 0.457447 0.334384 0.497720 0.354342 0.505319 0.362045 0.468085 0.366597 0.452128 0.365896 0.418693 0.367647 0.384498 0.366947 0.323708 0.352241 0.296353 0.332983 0.299392 0.325280 0.302432 0.324230 0.348784 0.330882 0.389058 0.332633 0.416413
0 0.511905 0.579787 0.528011 0.581307 0.540266 0.579027 0.539566 0.522036 0.539566 0.470365 0.538165 0.415653 0.532213 0.365502 0.529062 0.319149 0.518207 0.343465 0.518207 0.450608 0.516807 0.507599 0.513305 0.533435
0 0.542017 0.579027 0.553571 0.585106 0.559174 0.572948 0.560574 0.528116 0.561625 0.488602 0.557773 0.323708 0.543067 0.326748 0.544468 0.434650 0.542717 0.490122 0.542717 0.522796 0.538515 0.560030
0 0.557773 0.557751 0.564776 0.575988 0.575980 0.587386 0.586485 0.571429 0.588235 0.535714 0.586835 0.469605 0.586835 0.424012 0.582983 0.351824 0.579132 0.291793 0.565826 0.301672 0.566527 0.394377 0.563375 0.475684 0.561625 0.503799
0 0.584034 0.565350 0.599090 0.563070 0.602941 0.540274 0.602241 0.511398 0.600840 0.481763 0.599440 0.430091 0.598389 0.369301 0.596639 0.297112 0.584034 0.299392 0.585434 0.407295 0.582283 0.457447 0.581933 0.497720 0.579482 0.519757 0.581933 0.546353
0 0.630252 0.549392 0.623599 0.498480 0.619748 0.458967 0.623249 0.420973 0.623249 0.354103 0.636555 0.348784 0.654062 0.370821 0.655812 0.424012 0.656513 0.457447 0.651611 0.502280 0.649510 0.550912 0.635504 0.556991
0 0.654062 0.490122 0.651961 0.432371 0.652311 0.395137 0.659314 0.351824 0.662815 0.316109 0.698529 0.327508 0.695728 0.376140 0.685924 0.448328 0.690476 0.479483 0.694328 0.514438 0.693277 0.543313 0.684174 0.543313 0.677171 0.553951 0.673319 0.555471 0.666667 0.552432 0.657213 0.534954 0.652311 0.512918
0 0.514706 0.604103 0.521709 0.601064 0.532213 0.603343 0.531863 0.645897 0.529762 0.692249 0.526961 0.759878 0.528361 0.802432 0.516457 0.800912 0.518207 0.744681 0.515406 0.695289 0.515406 0.670973 0.515406 0.648936
0 0.530812 0.604103 0.544118 0.603343 0.551471 0.608663 0.554272 0.620061 0.550420 0.679331 0.545868 0.794073 0.541667 0.841945 0.531513 0.831307 0.529762 0.766717 0.532913 0.712766 0.534314 0.671733 0.533964 0.640578
0 0.554622 0.667933 0.561625 0.636018 0.564426 0.626900 0.568277 0.626900 0.571779 0.638298 0.573529 0.670973 0.575980 0.728723 0.570378 0.852584 0.554622 0.850304 0.554272 0.781915 0.557073 0.726444 0.554272 0.690729
0 0.604342 0.712766 0.599790 0.661094 0.605742 0.614742 0.614496 0.619301 0.619748 0.633739 0.620448 0.667933 0.621849 0.709726 0.631653 0.830547 0.618347 0.834347 0.609594 0.761398
0 0.670868 0.673252 0.660714 0.640578 0.660714 0.610942 0.670518 0.594985 0.684524 0.581307 0.690476 0.586626 0.701681 0.611702 0.706583 0.631459 0.745798 0.730243 0.721989 0.765957 0.699230 0.750000 0.687325 0.730243 0.677171 0.695289
0 0.495448 0.603343 0.506653 0.603343 0.516457 0.607903 0.510854 0.658055 0.505252 0.813070 0.497199 0.811550 0.494398 0.737082 0.494748 0.698328 0.495798 0.665653 0.494748 0.646657
0 0.471639 0.601064 0.488095 0.605623 0.495448 0.605623 0.494048 0.649696 0.490546 0.709726 0.485294 0.849544 0.473389 0.841945 0.473039 0.744681 0.475490 0.700608
0 0.452031 0.591945 0.465336 0.585106 0.474090 0.611702 0.471639 0.646657 0.468137 0.698328 0.466036 0.750760 0.454132 0.870061 0.434174 0.857903 0.442227 0.757599 0.445378 0.707447 0.447829 0.661094 0.449230 0.617021
0 0.424370 0.591945 0.434174 0.579787 0.439426 0.584347 0.449230 0.598784 0.450980 0.642097 0.445378 0.695289 0.440476 0.766717 0.431723 0.822948 0.424720 0.842705 0.412815 0.828267 0.413165 0.795593 0.421919 0.750000 0.424720 0.720365 0.422969 0.666413 0.423319 0.636018 0.423319 0.609422
0 0.399510 0.588906 0.403011 0.563070 0.416667 0.570669 0.429622 0.575988 0.432073 0.583587 0.430322 0.613982 0.427871 0.638298 0.424720 0.663374 0.420518 0.697568 0.416667 0.742401 0.412115 0.769757 0.400210 0.814590 0.394258 0.833587 0.385504 0.814590 0.380952 0.791033 0.386905 0.764438 0.392157 0.741641 0.397059 0.679331 0.399510 0.661094 0.398459 0.631459 0.399510 0.611702
0 0.307773 0.555471 0.315826 0.522036 0.324230 0.516717 0.338936 0.524316 0.349440 0.535714 0.359244 0.546353 0.365896 0.550912 0.369048 0.572948 0.362745 0.604103 0.354692 0.626900 0.350140 0.641337 0.341387 0.669453 0.334734 0.693009 0.323179 0.717325 0.305672 0.744681 0.293417 0.765957 0.285714 0.734043 0.273109 0.711246 0.279412 0.687690 0.288866 0.663374 0.299370 0.621581 0.306723 0.595745 0.310574 0.579787
