0 0.512901 0.583112 0.515690 0.525931 0.513598 0.483378 0.516736 0.411569 0.511855 0.379654 0.506974 0.350399 0.495467 0.350399 0.488494 0.376330 0.486750 0.411569 0.486750 0.461436 0.487448 0.511303 0.484658 0.547872 0.484658 0.585106 0.501046 0.595745
0 0.487448 0.511303 0.484658 0.545878 0.486750 0.583112 0.467225 0.586436 0.458508 0.568484 0.458508 0.519947 0.460600 0.435505 0.461297 0.398271 0.463389 0.361702 0.469317 0.341090 0.478033 0.341090 0.488494 0.370346 0.485704 0.414894 0.484658 0.461436
0 0.461297 0.483378 0.466179 0.523936 0.464435 0.564495 0.455718 0.586436 0.439331 0.585106 0.433403 0.561170 0.434449 0.523936 0.436192 0.486702 0.436192 0.444814 0.437238 0.412899 0.439331 0.341090 0.444909 0.322473 0.457462 0.345080 0.461297 0.378324 0.461297 0.411569 0.459554 0.452128
0 0.440028 0.488697 0.448745 0.531250 0.444909 0.562500 0.435146 0.575798 0.415969 0.573803 0.407252 0.551862 0.407252 0.512633 0.413180 0.490691 0.413180 0.452128 0.413877 0.418883 0.413877 0.383644 0.424686 0.369016 0.435146 0.381649 0.435146 0.411569 0.436192 0.446144
0 0.413180 0.409574 0.413877 0.452128 0.417713 0.486702 0.418759 0.538564 0.417015 0.561170 0.408996 0.571809 0.396444 0.579122 0.382148 0.579122 0.381102 0.559176 0.384937 0.509309 0.387029 0.476064 0.387727 0.446144 0.387727 0.409574 0.394700 0.379654 0.398536 0.365027 0.412134 0.376330
0 0.387727 0.411569 0.388773 0.452128 0.388773 0.479388 0.387727 0.507314 0.385983 0.533245 0.379010 0.566489 0.366457 0.571809 0.351116 0.557181 0.334728 0.553191 0.336471 0.523936 0.343445 0.488697 0.349024 0.453457 0.352859 0.429521 0.356695 0.407580 0.358787 0.383644 0.364714 0.365027 0.371339 0.346410 0.380056 0.341090 0.385983 0.348404 0.388773 0.379654
0 0.337517 0.429521 0.340307 0.461436 0.340307 0.490691 0.340307 0.511303 0.333682 0.536569 0.323919 0.545878 0.310321 0.542553 0.295676 0.535239 0.288006 0.512633 0.291841 0.486702 0.297768 0.464761 0.300558 0.433511 0.300558 0.405585 0.302650 0.383644 0.302650 0.353723 0.308577 0.337101 0.321827 0.329787 0.331590 0.343085 0.335425 0.378324 0.335425 0.409574
0 0.515690 0.523936 0.511855 0.575798 0.519526 0.590426 0.527197 0.592420 0.536960 0.588431 0.543933 0.581117 0.543933 0.529255 0.543933 0.507314 0.541841 0.468750 0.543933 0.440824 0.543933 0.402261 0.543933 0.370346 0.538006 0.337101 0.532078 0.329787 0.518480 0.329787 0.513598 0.350399 0.511855 0.372340 0.511855 0.407580 0.514644 0.438830 0.514644 0.474069
0 0.542887 0.507314 0.539749 0.557181 0.546722 0.581117 0.560321 0.579122 0.566946 0.562500 0.566946 0.518617 0.565900 0.488697 0.565900 0.457447 0.563110 0.412899 0.561367 0.369016 0.559275 0.339096 0.546722 0.328457 0.540795 0.359707 0.542887 0.414894 0.541841 0.464761
0 0.562064 0.488697 0.563110 0.525931 0.566946 0.569814 0.580544 0.588431 0.589261 0.568484 0.593096 0.547872 0.591353 0.490691 0.590307 0.461436 0.592050 0.431516 0.589261 0.392952 0.588215 0.359707 0.585425 0.328457 0.575662 0.309840 0.566946 0.319149 0.559275 0.352394 0.559275 0.392952 0.563110 0.436835
0 0.589261 0.494681 0.590307 0.533245 0.596932 0.562500 0.603905 0.577793 0.615411 0.562500 0.618201 0.529255 0.613668 0.500000 0.614365 0.459441 0.615411 0.429521 0.615411 0.394947 0.609484 0.361702 0.604951 0.345080 0.593096 0.346410 0.587517 0.376330 0.587517 0.420213 0.589261 0.461436
0 0.611576 0.498005 0.609484 0.529255 0.618201 0.555186 0.626220 0.571809 0.639819 0.568484 0.645397 0.549867 0.645397 0.521941 0.644351 0.478059 0.641562 0.429521 0.645397 0.394947 0.647490 0.363032 0.644351 0.333777 0.634937 0.320479 0.625174 0.335771 0.620293 0.361702 0.615411 0.402261 0.613668 0.442819 0.610530 0.479388
0 0.642608 0.481383 0.643654 0.518617 0.636681 0.561170 0.650279 0.573803 0.665969 0.583112 0.680265 0.577793 0.693863 0.555186 0.688982 0.527926 0.684100 0.496011 0.687936 0.470080 0.690028 0.433511 0.692817 0.409574 0.692817 0.381649 0.685146 0.365027 0.670502 0.359707 0.653068 0.361702 0.646444 0.405585 0.645397 0.450133
0 0.690028 0.470080 0.683403 0.501995 0.693863 0.549867 0.708508 0.562500 0.715132 0.555186 0.729777 0.547872 0.734658 0.527926 0.729777 0.483378 0.733612 0.452128 0.742329 0.416888 0.744421 0.392952 0.744421 0.367021 0.730823 0.352394 0.721060 0.348404 0.708508 0.348404 0.701534 0.374335 0.692817 0.424202
0 0.521618 0.623670 0.522315 0.677527 0.525453 0.716090 0.525453 0.754654 0.524407 0.791888 0.530335 0.817819 0.539052 0.817819 0.543933 0.787899 0.543933 0.751330 0.545676 0.716090 0.543933 0.666223 0.542887 0.632979 0.541841 0.618351
0 0.541841 0.621676 0.541841 0.656915 0.542887 0.695479 0.541841 0.727394 0.540795 0.763963 0.542887 0.795213 0.545676 0.819149 0.551604 0.837766 0.559275 0.834441 0.563110 0.806516 0.564156 0.767952 0.564156 0.727394 0.562064 0.682846 0.562064 0.651596 0.562064 0.618351 0.554393 0.611037
0 0.562064 0.616356 0.559275 0.666223 0.561367 0.716090 0.565900 0.754654 0.567992 0.801197 0.571827 0.835771 0.578801 0.860372 0.592050 0.861702 0.602859 0.835771 0.599024 0.795213 0.596234 0.740027 0.591353 0.690160 0.587517 0.649601 0.583333 0.614362
0 0.583333 0.616356 0.586471 0.666223 0.589261 0.719415 0.593096 0.767952 0.602859 0.789894 0.606695 0.810505 0.616457 0.815824 0.625174 0.804521 0.621339 0.752660 0.617503 0.723404 0.614365 0.678856 0.612622 0.644282 0.608787 0.607048 0.600767 0.595745 0.589261 0.594415
0 0.604951 0.601729 0.610530 0.642287 0.625174 0.716090 0.627964 0.747340 0.634937 0.780585 0.638773 0.802527 0.644351 0.813830 0.653068 0.811835 0.657252 0.787899 0.652371 0.749335 0.647490 0.694149 0.643654 0.652926 0.642608 0.625665 0.637727 0.592420 0.626220 0.588431
0 0.660042 0.618351 0.662831 0.651596 0.675384 0.684840 0.683403 0.718085 0.692817 0.738032 0.701534 0.749335 0.715132 0.760638 0.727685 0.747340 0.738494 0.736037 0.743375 0.716090 0.738494 0.686170 0.728731 0.660904 0.716179 0.632979 0.706416 0.611037 0.703626 0.581117 0.697699 0.575798 0.688982 0.585106 0.684100 0.605053 0.668759 0.605053
0 0.704672 0.573803 0.710251 0.619681 0.731520 0.651596 0.744421 0.677527 0.758717 0.694149 0.769526 0.702793 0.778243 0.706782 0.791841 0.694149 0.793584 0.668218 0.797420 0.645612 0.783124 0.623670 0.772315 0.605053 0.759763 0.571809 0.748257 0.551862 0.738494 0.542553 0.723849 0.553191 0.715132 0.568484
0 0.519526 0.623670 0.523361 0.678856 0.529289 0.727394 0.528243 0.758644 0.526499 0.825133 0.523361 0.845080 0.514644 0.841755 0.512901 0.819149 0.511855 0.775266 0.509763 0.745346 0.508020 0.710771 0.501046 0.668218 0.499303 0.623670 0.503138 0.611037
0 0.500349 0.628989 0.504184 0.662234 0.504881 0.686170 0.508020 0.716090 0.509066 0.747340 0.509066 0.778590 0.508020 0.813830 0.508020 0.841755 0.499303 0.856383 0.491632 0.849069 0.485704 0.797207 0.488494 0.767952 0.488494 0.728723 0.484658 0.690160 0.481869 0.651596 0.480823 0.627660 0.487448 0.607048
0 0.480823 0.627660 0.482915 0.660904 0.487448 0.694149 0.487448 0.730718 0.487448 0.752660 0.487448 0.785904 0.483612 0.804521 0.474895 0.827128 0.465481 0.835771 0.457462 0.815824 0.457462 0.789894 0.455718 0.740027 0.457462 0.702793 0.457462 0.664229 0.457462 0.630984 0.466179 0.612367 0.475941 0.603059
0 0.463389 0.627660 0.464435 0.652926 0.458508 0.680851 0.457462 0.718085 0.454672 0.756649 0.451883 0.797207 0.451883 0.817819 0.448047 0.849069 0.433403 0.852394 0.429568 0.837766 0.429568 0.797207 0.429568 0.765957 0.432357 0.721410 0.432357 0.680851 0.431311 0.656915 0.431311 0.628989 0.436192 0.611037 0.444909 0.605053 0.454672 0.614362
0 0.433403 0.611037 0.439331 0.642287 0.427476 0.686170 0.427476 0.719415 0.426430 0.745346 0.420851 0.771277 0.413877 0.797207 0.405160 0.832447 0.394700 0.843750 0.391562 0.821144 0.394700 0.785904 0.398536 0.756649 0.401325 0.719415 0.401325 0.682846 0.401325 0.647606 0.400279 0.619681 0.408298 0.597739 0.425732 0.594415
0 0.378312 0.636303 0.366457 0.668218 0.354951 0.694149 0.346234 0.719415 0.334728 0.740027 0.326011 0.747340 0.311367 0.756649 0.294979 0.765957 0.280335 0.754654 0.273710 0.721410 0.281381 0.688165 0.297768 0.662234 0.309275 0.636303 0.317294 0.618351 0.326011 0.599734 0.332636 0.575798 0.340307 0.573803 0.356695 0.588431 0.378312 0.590426
0 0.330544 0.592420 0.317294 0.634973 0.307531 0.660904 0.286960 0.692154 0.273710 0.712101 0.247559 0.723404 0.238842 0.704787 0.240586 0.671543 0.251395 0.636303 0.263947 0.605053 0.277545 0.569814 0.290098 0.540559 0.308577 0.555186 0.321130 0.561170 0.330544 0.571809
