0 0.475948 0.529635 0.484329 0.534954 0.490525 0.537994 0.497813 0.529635 0.502551 0.473404 0.493440 0.268237 0.476676 0.275836 0.474854 0.438450 0.474125 0.515957
0 0.458455 0.465805 0.455175 0.514438 0.459184 0.527356 0.469023 0.531155 0.476676 0.525836 0.479592 0.474924 0.485423 0.259119 0.466472 0.259119
0 0.437318 0.456687 0.438047 0.487842 0.440962 0.525076 0.447522 0.527356 0.456268 0.515198 0.458090 0.489362 0.462099 0.481763 0.467201 0.441489 0.462828 0.252280 0.438047 0.244681 0.437318 0.446809
0 0.362974 0.451368 0.366254 0.422492 0.372449 0.368541 0.375729 0.339666 0.378280 0.266717 0.408892 0.266717 0.409257 0.392857 0.413994 0.416413 0.413630 0.465046 0.411808 0.487082 0.394679 0.496960 0.386662 0.496201 0.376822 0.494681 0.365160 0.488602 0.361516 0.464286
0 0.329082 0.446049 0.323251 0.428571 0.323615 0.403495 0.328717 0.368541 0.338192 0.322948 0.347668 0.215805 0.369898 0.225684 0.372449 0.284954 0.369898 0.365502 0.371720 0.396657 0.366254 0.438450 0.352041 0.458967 0.337099 0.458967
0 0.286443 0.415653 0.280977 0.407295 0.281341 0.367781 0.288994 0.332067 0.296283 0.288754 0.316327 0.198328 0.340379 0.228723 0.336006 0.344985 0.331997 0.378419 0.324708 0.410334 0.314140 0.426292 0.297012 0.414894
0 0.501093 0.532675 0.504738 0.537234 0.514213 0.539514 0.522595 0.539514 0.527697 0.530395 0.530977 0.512158 0.527332 0.444529 0.521866 0.263678 0.501458 0.263678 0.501093 0.466565 0.499636 0.524316
0 0.528426 0.498480 0.528426 0.524316 0.540087 0.537234 0.550292 0.532675 0.554665 0.520517 0.553936 0.481003 0.552114 0.443769 0.540087 0.274316 0.525146 0.277356 0.522230 0.354863 0.526239 0.429331
0 0.547376 0.461246 0.552114 0.502280 0.555758 0.519757 0.564140 0.529635 0.572522 0.525076 0.580175 0.517477 0.580175 0.481763 0.575802 0.437690 0.568878 0.243921 0.554665 0.248480 0.549563 0.383739 0.549563 0.424012
0 0.569242 0.436930 0.565598 0.476444 0.567420 0.499240 0.573980 0.502280 0.584184 0.510638 0.593294 0.519757 0.599125 0.496201 0.600219 0.477204 0.598761 0.436930 0.598397 0.398176 0.587464 0.243161 0.568878 0.243161 0.569971 0.422492
0 0.591472 0.435410 0.594023 0.476444 0.596939 0.489362 0.609329 0.498480 0.616618 0.506839 0.629738 0.506839 0.633017 0.467325 0.629738 0.436170 0.624271 0.408055 0.620627 0.379939 0.606778 0.240881 0.587464 0.236322 0.590379 0.360182
0 0.657070 0.464286 0.651239 0.436170 0.652332 0.395897 0.652332 0.352584 0.655248 0.217325 0.683673 0.228723 0.688776 0.360182 0.694242 0.406535 0.700437 0.433891 0.693513 0.463526 0.675656 0.466565 0.662172 0.468845
0 0.708455 0.435410 0.696793 0.420973 0.694242 0.396657 0.694971 0.351064 0.696793 0.202128 0.718659 0.207447 0.728863 0.281155 0.735423 0.352584 0.742711 0.379939 0.739067 0.413374 0.726312 0.428571 0.716472 0.436170
0 0.505102 0.560790 0.530612 0.569909 0.528790 0.646657 0.533163 0.787994 0.512391 0.787994
0 0.529155 0.563070 0.552114 0.563830 0.556122 0.580547 0.552114 0.623860 0.547012 0.778116 0.532070 0.780395
0 0.549563 0.559271 0.567784 0.557751 0.580175 0.582067 0.581633 0.616261 0.587099 0.735562 0.581997 0.803191 0.564140 0.796353 0.563776 0.725684 0.552843 0.627660
0 0.580175 0.611702 0.572522 0.588146 0.575802 0.559271 0.582362 0.543313 0.593294 0.550152 0.604227 0.563830 0.604227 0.601824 0.618076 0.764438 0.598032 0.778116
0 0.607872 0.605623 0.599490 0.565350 0.597668 0.548632 0.600583 0.540274 0.615160 0.534195 0.625000 0.535714 0.634840 0.566109 0.635569 0.600304 0.661443 0.758359 0.638120 0.768237 0.617347 0.679331 0.610423 0.613222
0 0.672376 0.578267 0.663994 0.563830 0.654155 0.529635 0.654155 0.512918 0.665087 0.498480 0.677114 0.487842 0.689504 0.479483 0.701166 0.481763 0.713557 0.514438 0.722668 0.556991 0.758017 0.671733 0.731778 0.689210 0.678571 0.594225
0 0.720481 0.527356 0.714286 0.522036 0.706268 0.506839 0.702259 0.491641 0.701531 0.477204 0.708819 0.463526 0.716108 0.459726 0.724490 0.442249 0.730685 0.435410 0.745991 0.435410 0.755831 0.464286 0.760204 0.501520 0.801020 0.603343 0.776968 0.635258 0.735423 0.572948
0 0.489796 0.563070 0.511297 0.568389 0.512026 0.661854 0.509475 0.775836 0.494169 0.771277
0 0.473032 0.555471 0.492711 0.566869 0.493076 0.618541 0.493805 0.765957 0.485058 0.768997 0.468659 0.601824
0 0.451895 0.563070 0.462828 0.556991 0.470117 0.575228 0.473032 0.600304 0.473032 0.679331 0.471939 0.797872 0.452988 0.796353 0.451166 0.598024
0 0.430029 0.595745 0.430758 0.547872 0.434038 0.534195 0.446793 0.535714 0.457362 0.567629 0.457726 0.590426 0.451895 0.618541 0.438411 0.784954 0.421283 0.784954 0.425292 0.684650
0 0.399417 0.631459 0.405248 0.550152 0.405248 0.527356 0.407434 0.517477 0.424198 0.519757 0.434767 0.527356 0.444606 0.540274 0.439869 0.566869 0.428936 0.612462 0.408163 0.752280 0.389213 0.738602
0 0.286079 0.655015 0.295918 0.601064 0.307945 0.552432 0.312318 0.544073 0.325437 0.522036 0.327259 0.487082 0.342930 0.471884 0.356050 0.479483 0.367347 0.495441 0.383382 0.502280 0.383382 0.532675 0.373907 0.563070 0.359329 0.581307 0.308309 0.701368
0 0.226312 0.566109 0.244534 0.547872 0.259840 0.519757 0.271866 0.492401 0.275146 0.474924 0.279155 0.441489 0.286443 0.430851 0.305029 0.430851 0.317420 0.443009 0.323615 0.450608 0.336370 0.456687 0.339650 0.483283 0.330175 0.510638 0.313776 0.534954 0.288630 0.588906 0.229592 0.610942
