0 0.469741 0.373860 0.464697 0.402736 0.468660 0.487082 0.470821 0.531915 0.487032 0.556231 0.497839 0.546353 0.494957 0.523556 0.490994 0.462006 0.490994 0.431611 0.489193 0.373860
0 0.443444 0.371581 0.445245 0.425532 0.445245 0.437690 0.440562 0.455927 0.440562 0.507599 0.446326 0.535714 0.454251 0.542553 0.461095 0.540274 0.462896 0.511398 0.464697 0.493161 0.464697 0.453647 0.464697 0.425532 0.463977 0.383739 0.463977 0.365502
0 0.412104 0.377660 0.411383 0.414894 0.410303 0.452128 0.413184 0.470365 0.403458 0.519757 0.417147 0.542553 0.427954 0.542553 0.442363 0.513678 0.443444 0.476444 0.433718 0.433131 0.433718 0.402736 0.436599 0.376140
0 0.385807 0.376140 0.387968 0.412614 0.385086 0.435410 0.385086 0.459726 0.385086 0.472644 0.378242 0.534195 0.387968 0.552432 0.412104 0.540274 0.416066 0.515198 0.410303 0.496960 0.410303 0.455927 0.403458 0.411094 0.403458 0.396657
0 0.355908 0.371581 0.353746 0.406535 0.359510 0.455927 0.358790 0.503040 0.353026 0.525836 0.362752 0.554711 0.375360 0.554711 0.382205 0.540274 0.387968 0.515198 0.385086 0.472644 0.378963 0.441489 0.378963 0.406535 0.378963 0.367781
0 0.320605 0.376140 0.321686 0.420973 0.321686 0.464286 0.323487 0.482523 0.323487 0.505319 0.322767 0.517477 0.322767 0.529635 0.331412 0.535714 0.349063 0.537994 0.354827 0.537994 0.359510 0.523556 0.360591 0.484802 0.357709 0.437690 0.347983 0.402736 0.345101 0.371581
0 0.286744 0.341185 0.285663 0.408815 0.285663 0.459726 0.288545 0.522036 0.306196 0.546353 0.313040 0.535714 0.324568 0.505319 0.310879 0.396657 0.306196 0.349544
0 0.500000 0.367781 0.498919 0.412614 0.494957 0.459726 0.493876 0.515198 0.503602 0.540274 0.516571 0.540274 0.523055 0.509119 0.526297 0.425532 0.522334 0.382219 0.517291 0.349544
0 0.525216 0.355623 0.521254 0.394377 0.518372 0.464286 0.523055 0.493161 0.533141 0.519757 0.546470 0.522036 0.552594 0.509119 0.553314 0.474164 0.553314 0.433131 0.548631 0.404255 0.554395 0.353343
0 0.565922 0.359422 0.564121 0.396657 0.550432 0.470365 0.553314 0.496960 0.562320 0.519757 0.575648 0.535714 0.586455 0.523556 0.597262 0.529635 0.601225 0.496960 0.588617 0.459726 0.586455 0.417173 0.586455 0.390578 0.587536 0.338906 0.565202 0.332827
0 0.609870 0.336626 0.598343 0.417173 0.588617 0.462006 0.583573 0.503040 0.599063 0.534195 0.613833 0.534195 0.623559 0.513678 0.617795 0.459726 0.624640 0.392097 0.624640 0.349544 0.623559 0.335106
0 0.627522 0.347264 0.624640 0.392097 0.618516 0.441489 0.617795 0.462006 0.621398 0.513678 0.633285 0.525836 0.660663 0.509119 0.657421 0.490881 0.649856 0.453647 0.646974 0.412614 0.644092 0.341185
0 0.673991 0.367781 0.663545 0.425532 0.665346 0.472644 0.666427 0.509119 0.681916 0.528116 0.698487 0.534195 0.713256 0.503040 0.709294 0.453647 0.705331 0.420973 0.709294 0.376140 0.708213 0.351064 0.695605 0.336626 0.677233 0.338906
0 0.507565 0.708207 0.508646 0.648936 0.504683 0.601824 0.503602 0.585106 0.507565 0.570669 0.517291 0.577508 0.518372 0.593465 0.519452 0.632219 0.523055 0.655015 0.524135 0.698328
0 0.523055 0.572948 0.533862 0.558511 0.539625 0.589666 0.536744 0.626140 0.537824 0.677812 0.533862 0.722644 0.527017 0.708207 0.526297 0.696049 0.526297 0.669453 0.526297 0.653495 0.524135 0.624620
0 0.543588 0.563070 0.553314 0.552432 0.559078 0.563070 0.562320 0.593465 0.567003 0.648936 0.567003 0.681611 0.568084 0.704407 0.568084 0.763678 0.548631 0.747720 0.545749 0.700608 0.545749 0.657295 0.545749 0.622340
0 0.565202 0.546353 0.580692 0.544073 0.589337 0.554711 0.596182 0.593465 0.590418 0.665653 0.596182 0.706687 0.595101 0.763678 0.577810 0.724924 0.573847 0.663374 0.570965 0.622340 0.565922 0.585106
0 0.581772 0.558511 0.604107 0.548632 0.611671 0.560790 0.623559 0.598024 0.623559 0.630699 0.623559 0.686170 0.627522 0.718845 0.624640 0.731003 0.611671 0.704407 0.610951 0.674012 0.605187 0.626140 0.596182 0.599544 0.581772 0.583587
0 0.615634 0.554711 0.635086 0.564590 0.645893 0.537994 0.653818 0.531915 0.665346 0.550152 0.668228 0.583587 0.673271 0.607903 0.680115 0.659574 0.689841 0.689970 0.669308 0.702128 0.653818 0.692249 0.645893 0.661094 0.640130 0.642857 0.627522 0.607903
0 0.672190 0.542553 0.687680 0.542553 0.702450 0.531915 0.719741 0.528116 0.722983 0.570669 0.725865 0.616261 0.740274 0.657295 0.741354 0.710486 0.725865 0.702128 0.716138 0.687690 0.705331 0.659574 0.683718 0.613982 0.673991 0.591185
0 0.720821 0.505319 0.741354 0.501520 0.760807 0.515198 0.762608 0.572948 0.760807 0.616261 0.763689 0.651216 0.757925 0.657295 0.744236 0.636778 0.730548 0.572948 0.721902 0.535714
0 0.481268 0.583587 0.482349 0.626140 0.487032 0.667173 0.493876 0.704407 0.498919 0.721125 0.504683 0.667173 0.498919 0.624620 0.500000 0.577508
0 0.466859 0.569149 0.458934 0.587386 0.458934 0.632219 0.461816 0.655015 0.462896 0.694529 0.468660 0.721125 0.475504 0.762158 0.480548 0.743161 0.484150 0.694529 0.481268 0.665653 0.478386 0.626140 0.481268 0.566869
0 0.431556 0.569149 0.442363 0.546353 0.460014 0.558511 0.458934 0.587386 0.460014 0.628419 0.463977 0.683891 0.461816 0.710486 0.456052 0.743161 0.437680 0.729483 0.437680 0.700608 0.437680 0.657295 0.433718 0.598024
0 0.413184 0.554711 0.402378 0.563070 0.402378 0.591185 0.402378 0.605623 0.402378 0.636778 0.404539 0.675532 0.410303 0.731003 0.421110 0.743161 0.425072 0.721125 0.426873 0.687690 0.426873 0.651216 0.429755 0.601824 0.430836 0.579027 0.422911 0.558511
0 0.378242 0.558511 0.371398 0.610182 0.378242 0.642857 0.378242 0.683891 0.378242 0.753799 0.393732 0.739362 0.393732 0.702128 0.403458 0.651216 0.403458 0.589666 0.402378 0.554711
0 0.342219 0.564590 0.332493 0.599544 0.332493 0.626140 0.325648 0.696049 0.320605 0.731003 0.355908 0.751520 0.366354 0.741641 0.376081 0.674012 0.376081 0.626140 0.386888 0.558511
0 0.302233 0.542553 0.289625 0.572948 0.290706 0.642857 0.290706 0.665653 0.287464 0.706687 0.300432 0.716565 0.306196 0.696049 0.314841 0.663374 0.323487 0.634498 0.331412 0.604103 0.334294 0.570669 0.326729 0.556231
0 0.256484 0.554711 0.273055 0.544073 0.282781 0.542553 0.292507 0.550152 0.295389 0.570669 0.291427 0.624620 0.290706 0.669453 0.280980 0.681611 0.271974 0.681611 0.267291 0.653495 0.266210 0.624620 0.256484 0.583587
