0 0.468405 0.303951 0.469408 0.344225 0.469408 0.373100 0.468405 0.398176 0.464393 0.447568 0.464393 0.478723 0.465396 0.505319 0.469408 0.538754 0.474423 0.554711 0.493146 0.550152 0.497827 0.523556 0.494818 0.496201 0.494818 0.465046 0.494818 0.431611 0.494818 0.384498 0.494818 0.355623 0.494818 0.317629 0.494818 0.301672 0.489134 0.281915 0.471414 0.275076
0 0.446673 0.284195 0.443664 0.297872 0.442996 0.315350 0.444667 0.355623 0.445670 0.377660 0.445670 0.402736 0.445670 0.433891 0.445670 0.476444 0.447676 0.500760 0.449682 0.523556 0.455700 0.538754 0.467402 0.543313 0.472417 0.516717 0.472417 0.483283 0.472417 0.443009 0.470411 0.405015 0.468405 0.367021 0.465396 0.324468 0.465396 0.279635
0 0.426279 0.288754 0.425276 0.317629 0.425276 0.331307 0.425276 0.362462 0.424273 0.389058 0.423270 0.415653 0.422267 0.449088 0.421264 0.498480 0.422267 0.534195 0.428954 0.556991 0.443664 0.529635 0.446673 0.485562 0.446673 0.449088 0.446673 0.386778 0.446673 0.324468 0.448679 0.277356 0.432966 0.270517
0 0.410231 0.291033 0.408559 0.329027 0.407556 0.377660 0.405550 0.405015 0.404547 0.453647 0.403544 0.485562 0.403544 0.507599 0.414243 0.529635 0.426948 0.496201 0.426948 0.481003 0.427951 0.417933 0.431963 0.351064 0.432966 0.272796 0.413240 0.265957
0 0.385824 0.277356 0.384821 0.317629 0.382815 0.355623 0.379806 0.389058 0.377800 0.436170 0.377800 0.471884 0.380809 0.500760 0.393514 0.509878 0.407556 0.507599 0.406553 0.465046 0.402541 0.413374 0.402541 0.357903 0.403544 0.310790 0.405550 0.243921 0.386827 0.241641
0 0.367101 0.261398 0.361083 0.263678 0.355400 0.275076 0.349381 0.310790 0.348378 0.335866 0.344366 0.377660 0.340689 0.422492 0.336677 0.453647 0.336677 0.485562 0.359412 0.491641 0.372116 0.485562 0.380809 0.405015 0.381812 0.375380 0.381812 0.333587 0.382815 0.301672 0.385824 0.265957
0 0.333668 0.219605 0.325644 0.248480 0.321966 0.270517 0.314945 0.291033 0.310933 0.317629 0.308258 0.344225 0.306252 0.364742 0.316951 0.386778 0.332665 0.395897 0.345369 0.384498 0.348378 0.348784 0.354397 0.319909 0.359412 0.277356 0.366098 0.248480 0.362086 0.227964
0 0.498830 0.272796 0.498830 0.353343 0.497827 0.379939 0.494818 0.420213 0.493146 0.465046 0.493146 0.485562 0.495821 0.516717 0.498830 0.531915 0.512538 0.536474 0.522568 0.521277 0.521565 0.496201 0.521565 0.465046 0.520562 0.433891 0.517553 0.382219 0.515547 0.360182 0.517553 0.281915
0 0.525577 0.286474 0.521565 0.317629 0.519559 0.335866 0.518556 0.348784 0.518556 0.375380 0.517553 0.393617 0.516550 0.424772 0.516550 0.451368 0.516550 0.476444 0.516550 0.516717 0.522568 0.529635 0.542294 0.529635 0.546974 0.478723 0.544968 0.417933 0.544968 0.335866 0.547977 0.277356
0 0.554998 0.263678 0.549983 0.293313 0.545971 0.324468 0.542294 0.369301 0.542294 0.409574 0.542962 0.433891 0.544968 0.465046 0.548980 0.500760 0.558007 0.527356 0.568706 0.500760 0.575727 0.424772 0.573721 0.389058 0.570712 0.324468 0.570712 0.277356 0.565697 0.246201
0 0.576396 0.243921 0.574724 0.286474 0.569709 0.341945 0.563691 0.405015 0.563691 0.462766 0.567703 0.485562 0.576396 0.491641 0.591441 0.491641 0.595119 0.474164 0.595119 0.415653 0.595119 0.339666 0.595119 0.277356 0.595119 0.234802
0 0.595119 0.237082 0.591441 0.286474 0.588432 0.344225 0.588432 0.402736 0.588432 0.433891 0.590438 0.469605 0.597125 0.485562 0.608158 0.485562 0.619860 0.478723 0.623872 0.453647 0.623872 0.395897 0.621866 0.331307 0.615848 0.281915 0.613842 0.223404
0 0.609161 0.257599 0.609161 0.319909 0.611836 0.377660 0.616851 0.417933 0.620863 0.438450 0.630558 0.455927 0.646272 0.458207 0.653293 0.445289 0.661986 0.424772 0.659311 0.391337 0.649281 0.351064 0.639585 0.295593 0.633567 0.257599 0.629555 0.239362
0 0.633567 0.237082 0.632564 0.265957 0.634570 0.331307 0.638582 0.351064 0.645269 0.367021 0.656302 0.377660 0.672016 0.377660 0.677700 0.362462 0.687730 0.353343 0.686727 0.319909 0.674022 0.279635 0.665998 0.250760 0.658308 0.219605 0.639585 0.210486
0 0.504179 0.740122 0.500502 0.696049 0.502173 0.643617 0.499833 0.597264 0.498495 0.578267 0.498495 0.551672 0.480441 0.556231 0.480441 0.592705 0.482447 0.626140 0.486125 0.652736 0.488131 0.680091 0.489468 0.718085 0.490806 0.743161 0.494483 0.762158 0.502842 0.759119
0 0.480441 0.763678 0.482447 0.716565 0.482447 0.690729 0.485456 0.652736 0.484788 0.626140 0.482447 0.586626 0.481110 0.557751 0.474758 0.547112 0.464393 0.554711 0.459712 0.564590 0.461050 0.588146 0.463056 0.607143 0.465062 0.621581 0.467068 0.643617 0.467068 0.654255 0.468740 0.681611 0.468740 0.706687 0.468740 0.730243 0.468071 0.763678
0 0.451354 0.782675 0.453360 0.773556 0.458041 0.750760 0.462387 0.711246 0.468071 0.671733 0.470077 0.640578 0.468071 0.610182 0.463725 0.585106 0.459712 0.563070 0.454697 0.547112 0.445002 0.547112 0.441993 0.567629 0.439318 0.583587 0.437981 0.597264 0.436643 0.623100 0.436643 0.646657 0.436643 0.670213 0.434637 0.689210 0.434637 0.719605 0.433634 0.749240 0.437312 0.773556
0 0.423270 0.763678 0.427616 0.749240 0.431628 0.718085 0.434637 0.684650 0.436643 0.635258 0.439987 0.604103 0.444333 0.576748 0.439987 0.567629 0.428954 0.559271 0.422601 0.557751 0.414911 0.566109 0.412905 0.585106 0.414243 0.616261 0.410231 0.693769 0.410231 0.721125 0.410231 0.744681
0 0.382815 0.750760 0.394183 0.734043 0.399532 0.719605 0.403878 0.696049 0.409562 0.655775 0.411568 0.616261 0.412237 0.592705 0.416917 0.566109 0.414243 0.550152 0.409562 0.544073 0.402541 0.535714 0.396189 0.525076 0.381478 0.538754 0.378134 0.548632 0.373788 0.566109 0.372451 0.598784 0.367770 0.629179 0.366098 0.651216 0.363424 0.681611 0.361418 0.705167 0.361418 0.719605 0.366098 0.730243 0.375125 0.740122
0 0.348713 0.692249 0.352391 0.683131 0.357071 0.665653 0.362755 0.643617 0.366767 0.620061 0.370445 0.594225 0.375125 0.564590 0.379472 0.538754 0.380809 0.526596 0.380809 0.516717 0.371782 0.513678 0.367770 0.510638 0.357071 0.503799 0.343363 0.500760 0.338348 0.506079 0.331996 0.521277 0.327984 0.544073 0.325978 0.573708 0.323638 0.598784 0.318957 0.646657 0.315948 0.674772 0.322969 0.693769 0.339017 0.697568
0 0.247075 0.526596 0.271481 0.516717 0.288867 0.490122 0.304915 0.471125 0.315948 0.497720 0.324306 0.512158 0.331327 0.529635 0.335674 0.551672 0.337011 0.572188 0.329990 0.579787 0.315279 0.588146 0.303577 0.594225 0.284855 0.607143 0.272150 0.613222 0.258108 0.621581 0.252758 0.616261 0.250752 0.589666 0.246406 0.567629
0 0.521565 0.738602 0.522233 0.655775 0.520896 0.616261 0.519559 0.585106 0.518221 0.556231 0.511869 0.547112 0.499833 0.548632 0.498495 0.567629 0.498495 0.591185 0.502842 0.617781 0.504179 0.649696 0.507523 0.680091 0.508860 0.724164 0.511869 0.756079 0.517218 0.775076
0 0.543297 0.759119 0.543297 0.719605 0.540956 0.687690 0.539619 0.642097 0.539619 0.594225 0.540288 0.553191 0.530592 0.551672 0.520227 0.551672 0.515881 0.569149 0.515881 0.601064 0.518221 0.623100 0.522233 0.651216 0.523571 0.681611 0.528586 0.719605 0.529923 0.760638
0 0.578068 0.750760 0.575059 0.719605 0.571046 0.673252 0.569709 0.632219 0.569040 0.610182 0.569040 0.588146 0.566031 0.559271 0.561351 0.541793 0.548646 0.534195 0.541625 0.535714 0.536275 0.567629 0.541625 0.595745 0.544634 0.620061 0.547309 0.661094 0.551655 0.689210 0.554998 0.716565 0.558342 0.753040 0.566031 0.768237
0 0.612170 0.727204 0.610164 0.692249 0.605149 0.651216 0.600134 0.623100 0.595453 0.585106 0.594784 0.545593 0.591107 0.531155 0.575727 0.516717 0.563357 0.525076 0.560013 0.567629 0.564025 0.594225 0.571715 0.617781 0.575727 0.630699 0.581411 0.658055 0.588432 0.690729 0.594784 0.722644 0.600134 0.747720 0.607155 0.759119 0.610832 0.746201
0 0.655299 0.668693 0.650953 0.649696 0.646941 0.630699 0.642594 0.608663 0.636576 0.576748 0.632230 0.554711 0.630893 0.529635 0.629555 0.507599 0.625209 0.497720 0.614176 0.490122 0.587095 0.515198 0.582748 0.531155 0.584086 0.550152 0.589769 0.569149 0.595453 0.591185 0.600802 0.613222 0.605817 0.642097 0.611501 0.670213 0.616851 0.692249 0.624540 0.703647 0.636576 0.703647 0.646272 0.690729
0 0.681043 0.639058 0.686727 0.632219 0.690739 0.613222 0.692076 0.594225 0.689402 0.572188 0.682380 0.550152 0.677031 0.529635 0.672016 0.512158 0.667001 0.480243 0.665664 0.464286 0.657305 0.459726 0.644935 0.474164 0.627549 0.483283 0.626881 0.509119 0.630893 0.535714 0.634236 0.553191 0.639251 0.572188 0.646941 0.589666 0.654631 0.611702 0.659311 0.629179 0.669341 0.642097
0 0.744567 0.521277 0.742227 0.518237 0.722835 0.472644 0.710465 0.434650 0.697760 0.434650 0.682380 0.469605 0.674691 0.468085 0.672016 0.478723 0.674022 0.509119 0.687396 0.534195 0.697760 0.563070 0.707456 0.576748 0.717151 0.589666 0.728519 0.595745 0.738215 0.585106 0.745236 0.556231
