0 0.494245 0.373100 0.499826 0.575228 0.472271 0.570669 0.464597 0.555471 0.465644 0.524316 0.465644 0.378419
0 0.464248 0.366261 0.465295 0.492401 0.467736 0.510638 0.467388 0.524316 0.465295 0.542553 0.463900 0.557751 0.460412 0.564590 0.452738 0.564590 0.449948 0.563830 0.447157 0.556231 0.445413 0.546353 0.445065 0.527356 0.445065 0.515957 0.442972 0.483283 0.445413 0.371581
0 0.439135 0.374620 0.444018 0.475684 0.444018 0.506839 0.447855 0.527356 0.444716 0.556231 0.442274 0.561550 0.436693 0.566869 0.429717 0.568389 0.423090 0.566109 0.420649 0.563830 0.418556 0.547872 0.420300 0.466565 0.424137 0.367781 0.439833 0.362462
0 0.409138 0.367781 0.419602 0.420973 0.420300 0.467325 0.420300 0.500000 0.425183 0.518997 0.427973 0.534195 0.429717 0.546353 0.429717 0.555471 0.429020 0.576748 0.426578 0.582827 0.424486 0.586626 0.422044 0.587386 0.416812 0.585866 0.408790 0.583587 0.400070 0.575988 0.395187 0.572188 0.392396 0.571429 0.390303 0.547112 0.394140 0.515198 0.399372 0.464286 0.395187 0.380699
0 0.389955 0.382979 0.397977 0.424012 0.399023 0.480243 0.397628 0.519757 0.402860 0.544073 0.404953 0.557751 0.406348 0.575988 0.406348 0.583587 0.404953 0.589666 0.401465 0.607903 0.394140 0.610182 0.382281 0.600304 0.372864 0.591945 0.370073 0.570669 0.373212 0.551672 0.376003 0.431611 0.376003 0.386778
0 0.363446 0.381459 0.373910 0.438450 0.373910 0.496960 0.376003 0.531915 0.378444 0.575228 0.375654 0.596505 0.369027 0.608663 0.356121 0.613222 0.349843 0.611702 0.340774 0.601064 0.336240 0.588906 0.334845 0.567629 0.337984 0.547112 0.339379 0.537994 0.340774 0.508359 0.340774 0.489362 0.340426 0.467325 0.340426 0.435410 0.344611 0.383739
0 0.337286 0.366261 0.340426 0.429331 0.341123 0.475684 0.341472 0.511398 0.341472 0.535714 0.337984 0.550912 0.333101 0.568389 0.327869 0.572948 0.321242 0.570669 0.314266 0.564590 0.307987 0.557751 0.302755 0.544073 0.298919 0.528875 0.299616 0.511398 0.303104 0.500000 0.307987 0.468085 0.316707 0.433131 0.321242 0.373860
0 0.289850 0.352584 0.284269 0.409574 0.265434 0.461246 0.265434 0.489362 0.273805 0.510638 0.281479 0.527356 0.289152 0.534954 0.294036 0.530395 0.301709 0.516717 0.303453 0.496201 0.307639 0.473404 0.310429 0.460486 0.314615 0.443009 0.317754 0.429331 0.320544 0.393617 0.321242 0.365502
0 0.493547 0.358663 0.497733 0.528116 0.497733 0.566869 0.512033 0.572948 0.521451 0.570669 0.529473 0.560790 0.532264 0.545593 0.530520 0.505319 0.525985 0.445289 0.517963 0.354103
0 0.523195 0.356383 0.528427 0.468845 0.530520 0.518997 0.531217 0.556991 0.542379 0.574468 0.548657 0.567629 0.552494 0.561550 0.556331 0.549392 0.556679 0.540274 0.555633 0.509878 0.544472 0.361702
0 0.546913 0.360942 0.555633 0.509119 0.555633 0.529635 0.556679 0.543313 0.558075 0.547872 0.558772 0.563830 0.564353 0.586626 0.576212 0.576748 0.583188 0.563070 0.585281 0.537234 0.581095 0.496960 0.572375 0.357143
0 0.634112 0.404255 0.609348 0.447568 0.607255 0.475684 0.604116 0.496201 0.598884 0.511398 0.595745 0.517477 0.589815 0.529635 0.585630 0.548632 0.585630 0.573708 0.591210 0.596505 0.607953 0.601064 0.613185 0.598024 0.617719 0.603343 0.620160 0.605623 0.624695 0.601824 0.627834 0.587386 0.631322 0.575988 0.632020 0.564590 0.633066 0.542553 0.634810 0.522796 0.636205 0.484802 0.641088 0.450608 0.645971 0.420973
0 0.648064 0.407295 0.640739 0.446809 0.637949 0.468845 0.635856 0.486322 0.634461 0.507599 0.632717 0.525076 0.631671 0.537234 0.631322 0.549392 0.631671 0.563070 0.632020 0.575988 0.632020 0.585866 0.633415 0.597264 0.638298 0.610182 0.642832 0.617021 0.648413 0.617021 0.657830 0.613982 0.665504 0.602584 0.670038 0.590426 0.672131 0.580547 0.672131 0.566869 0.671085 0.552432 0.668992 0.543313 0.666899 0.531915 0.664458 0.503799 0.663411 0.472644 0.660621 0.449088 0.664458 0.406535 0.650855 0.399696
0 0.670038 0.398176 0.662714 0.426292 0.660272 0.451368 0.662016 0.465046 0.664458 0.483283 0.665155 0.496960 0.665155 0.509878 0.664806 0.520517 0.666550 0.534195 0.668294 0.544073 0.670736 0.557751 0.674922 0.576748 0.680153 0.585106 0.685385 0.583587 0.724451 0.522036 0.716428 0.485562 0.703523 0.457447 0.697245 0.417933 0.695501 0.402736
0 0.492850 0.595745 0.495989 0.804711 0.514824 0.796353 0.517963 0.639818 0.517963 0.594225
0 0.518661 0.589666 0.518312 0.655015 0.515173 0.813070 0.531217 0.815350 0.540286 0.657295 0.543774 0.611702 0.542379 0.592705
0 0.552843 0.586626 0.543425 0.610182 0.542030 0.650456 0.538193 0.722644 0.527032 0.810790 0.544123 0.825988 0.558423 0.793313 0.566795 0.646657 0.566097 0.632979 0.567841 0.624620 0.568887 0.613982 0.566446 0.604103 0.561563 0.592705 0.554238 0.584347
0 0.581095 0.596505 0.573073 0.604863 0.568887 0.620061 0.565748 0.629939 0.565748 0.639818 0.566795 0.664134 0.573073 0.833587 0.597140 0.826748 0.592257 0.655775 0.593652 0.639058 0.594349 0.623100 0.593652 0.619301 0.590862 0.610942 0.586676 0.604103
0 0.604813 0.604103 0.600628 0.608663 0.595745 0.610942 0.591908 0.616261 0.589815 0.623860 0.590164 0.636778 0.591908 0.645897 0.593652 0.660334 0.592954 0.676292 0.594001 0.704407 0.596791 0.741641 0.601674 0.782675 0.606209 0.827508 0.625044 0.828267 0.623997 0.741641 0.626439 0.656535 0.628880 0.619301 0.625741 0.610182 0.620160 0.602584 0.617370 0.599544 0.613882 0.598784 0.610743 0.598024 0.606557 0.601064
0 0.492850 0.586626 0.496338 0.809271 0.476107 0.809271 0.472968 0.677052 0.467736 0.594225
0 0.465992 0.587386 0.470875 0.642857 0.472968 0.677812 0.480991 0.798632 0.462156 0.808511 0.451343 0.680091 0.442972 0.591185
0 0.439833 0.585106 0.445065 0.601064 0.448901 0.662614 0.463202 0.823708 0.442972 0.830547 0.428671 0.691489 0.424486 0.648176 0.420649 0.615502 0.425532 0.598024 0.434601 0.589666
0 0.413324 0.597264 0.416114 0.609422 0.423788 0.618541 0.425881 0.621581 0.426230 0.630699 0.425881 0.638298 0.424486 0.648936 0.423439 0.662614 0.423439 0.679331 0.422742 0.707447 0.422393 0.739362 0.421346 0.803951 0.419254 0.831307 0.397977 0.825988 0.398326 0.705167 0.397977 0.680851 0.396931 0.664894 0.395884 0.645897 0.395187 0.632979 0.397279 0.622340 0.399721 0.613982 0.402511 0.604103 0.405651 0.599544
0 0.386467 0.624620 0.375305 0.621581 0.370422 0.630699 0.363097 0.663374 0.351587 0.716565 0.349145 0.742401 0.353680 0.772796 0.367980 0.784195 0.381932 0.782675 0.392047 0.743161 0.396931 0.695289 0.401465 0.675532 0.403907 0.664894 0.403907 0.658815 0.402163 0.654255 0.396931 0.654255 0.392396 0.647416 0.388908 0.629179
0 0.326125 0.594225 0.323334 0.609422 0.322288 0.617021 0.320893 0.625380 0.317405 0.630699 0.312173 0.632219 0.305546 0.635258 0.301360 0.640578 0.295780 0.654255 0.291594 0.678571 0.288804 0.696049 0.294036 0.724164 0.306592 0.733283 0.316707 0.734802 0.336589 0.714286 0.348448 0.688450 0.355424 0.664134 0.357168 0.637538 0.351936 0.620821 0.335891 0.607903
0 0.297524 0.540274 0.290896 0.537234 0.284618 0.539514 0.272759 0.556991 0.258807 0.587386 0.229857 0.651216 0.229159 0.677812 0.245902 0.707447 0.258110 0.718845 0.275201 0.701368 0.281828 0.676292 0.293687 0.659574 0.303104 0.644377 0.310429 0.636018 0.317056 0.629179 0.321939 0.616261 0.325776 0.598024 0.323683 0.586626 0.320195 0.578267 0.315312 0.567629 0.310429 0.561550 0.305546 0.554711 0.300663 0.544833
0 0.588071 0.366261 0.579351 0.484043 0.583537 0.506839 0.591908 0.515957 0.602721 0.505319 0.606906 0.485562 0.610743 0.368541
