0 0.502845 0.598024 0.498933 0.333587 0.468350 0.333587 0.462304 0.596505
0 0.463016 0.594985 0.467639 0.332067 0.440612 0.335106 0.433499 0.525836 0.435277 0.579787
0 0.426743 0.588906 0.439900 0.542553 0.438834 0.331307 0.410384 0.328267 0.407539 0.479483 0.402205 0.546353 0.410028 0.592705
0 0.412873 0.582067 0.418208 0.547112 0.403272 0.328267 0.384068 0.332067 0.383357 0.494681 0.382646 0.588906 0.395448 0.610942
0 0.384424 0.591185 0.390469 0.565350 0.382290 0.328267 0.364154 0.329787 0.359886 0.458967 0.352063 0.579787 0.364154 0.598024
0 0.352063 0.576748 0.360953 0.553951 0.362731 0.502280 0.352063 0.315350 0.318990 0.325988 0.317568 0.484043 0.309388 0.548632 0.323613 0.572948
0 0.302632 0.550152 0.316501 0.522036 0.317568 0.331307 0.300853 0.332067 0.303343 0.378419 0.289474 0.394377 0.273115 0.383739 0.260313 0.531915
0 0.273826 0.255319 0.301920 0.265198 0.304410 0.328267 0.304410 0.379939 0.288051 0.396657 0.266003 0.378419
0 0.502134 0.598024 0.498578 0.333587 0.531650 0.337386 0.534139 0.487082 0.541252 0.592705
0 0.538762 0.579787 0.534139 0.496201 0.530939 0.333587 0.559388 0.338906 0.563656 0.494681 0.568990 0.572948
0 0.576814 0.579787 0.564723 0.538754 0.562945 0.484043 0.561166 0.337386 0.587127 0.333587 0.589972 0.453647 0.598506 0.524316 0.594239 0.578267
0 0.586415 0.550152 0.582148 0.509878 0.598506 0.324468 0.620199 0.324468 0.619488 0.561550 0.606330 0.578267
0 0.613442 0.563830 0.612376 0.502280 0.625178 0.320669 0.648649 0.329787 0.644381 0.484043 0.644381 0.572188 0.631223 0.581307
0 0.651138 0.568389 0.640825 0.561550 0.639047 0.506079 0.650427 0.322188 0.682788 0.335106 0.684566 0.484043 0.692745 0.542553
0 0.694879 0.547112 0.682788 0.487842 0.692034 0.310790 0.745021 0.322188 0.736131 0.424012 0.738976 0.517477
0 0.514936 0.606383 0.516003 0.844985 0.534495 0.835866 0.537696 0.593465
0 0.537696 0.594985 0.533428 0.837386 0.548364 0.835866 0.560455 0.585106
0 0.561166 0.585106 0.550853 0.841185 0.575747 0.838906 0.586060 0.665653 0.583926 0.623100 0.588193 0.588906
0 0.589972 0.601824 0.582859 0.626140 0.586060 0.667173 0.584637 0.834347 0.604552 0.829787 0.614865 0.592705
0 0.615932 0.618541 0.608819 0.661094 0.658962 0.833587 0.701636 0.778116 0.662873 0.648176 0.658250 0.589666 0.639403 0.596505
0 0.660028 0.585866 0.662518 0.648936 0.719772 0.785714 0.753556 0.726444 0.704481 0.551672
0 0.513514 0.605623 0.516003 0.851064 0.497155 0.848784 0.489331 0.600304
0 0.490043 0.602584 0.496799 0.851064 0.477240 0.855623 0.468350 0.664894 0.461593 0.606383
0 0.461593 0.602584 0.468350 0.661854 0.477952 0.855623 0.455192 0.860182 0.449147 0.762918 0.439900 0.690729 0.435633 0.600304
0 0.421408 0.613222 0.437767 0.632219 0.442390 0.693009 0.453770 0.857903 0.432788 0.860182 0.417852 0.721125 0.405761 0.639058
0 0.403272 0.657295 0.351351 0.832067 0.309744 0.789514 0.341750 0.668693 0.344950 0.622340 0.356330 0.601824 0.386913 0.618541 0.405050 0.639058
0 0.303698 0.771277 0.341750 0.664894 0.353841 0.635258 0.347084 0.600304 0.308677 0.561550 0.294808 0.585106 0.263869 0.746960
