0 0.508986 0.316109 0.507630 0.557751 0.480502 0.555471 0.478806 0.511398 0.486267 0.311550
0 0.482876 0.300152 0.480841 0.481003 0.479485 0.544833 0.454730 0.531155 0.454730 0.494681 0.460156 0.444529 0.465242 0.306231
0 0.461851 0.294073 0.457782 0.461246 0.456426 0.480243 0.457782 0.484802 0.458121 0.491641 0.457782 0.502280 0.456765 0.510638 0.454391 0.522036 0.452018 0.533435 0.447948 0.539514 0.443879 0.541793 0.439810 0.537994 0.435063 0.532675 0.429637 0.524316 0.427942 0.512918 0.430315 0.491641 0.439132 0.295593
0 0.431333 0.308511 0.436758 0.440729 0.440827 0.471884 0.441506 0.484802 0.441506 0.498480 0.440488 0.515198 0.436080 0.529635 0.427603 0.536474 0.421499 0.537994 0.416412 0.534954 0.413360 0.529635 0.410648 0.513678 0.410309 0.491641 0.410987 0.315350
0 0.407596 0.318389 0.418786 0.461246 0.422855 0.493161 0.422516 0.506839 0.418108 0.518237 0.414378 0.525076 0.406918 0.527356 0.401153 0.525076 0.396066 0.519757 0.394710 0.503040 0.395049 0.473404 0.396745 0.322948
0 0.401153 0.329787 0.406239 0.455927 0.407596 0.476444 0.406239 0.493161 0.401492 0.506839 0.397762 0.518997 0.388945 0.522036 0.380807 0.518997 0.372669 0.512158 0.361139 0.502280 0.356392 0.488602 0.359105 0.468085 0.381146 0.327508
0 0.328586 0.301672 0.331299 0.376900 0.319091 0.458207 0.332655 0.498480 0.353001 0.508359 0.360461 0.491641 0.366226 0.453647 0.379112 0.316109
0 0.510682 0.308511 0.507630 0.562310 0.539166 0.553951 0.540861 0.534954 0.537809 0.315350
0 0.537131 0.316109 0.540522 0.552432 0.557816 0.544833 0.559512 0.520517 0.561207 0.500000 0.559512 0.470365 0.556460 0.311550
0 0.557816 0.310790 0.559512 0.455167 0.556460 0.493161 0.558834 0.511398 0.561207 0.526596 0.563920 0.553191 0.572397 0.551672 0.580875 0.544073 0.583588 0.517477 0.583588 0.306991
0 0.583588 0.310030 0.581892 0.426292 0.578501 0.500000 0.579858 0.522796 0.584266 0.537994 0.592743 0.550912 0.601221 0.549392 0.606985 0.537234 0.606307 0.503040 0.604951 0.311550
0 0.615802 0.324468 0.610715 0.437690 0.605290 0.504559 0.608681 0.541033 0.644625 0.539514 0.645303 0.512918 0.641573 0.455927 0.645303 0.401216 0.649712 0.367021 0.648355 0.346505 0.641573 0.326748 0.626653 0.322948
0 0.649712 0.318389 0.649373 0.333587 0.646999 0.367781 0.645643 0.397416 0.642930 0.416413 0.642252 0.442249 0.642930 0.468845 0.644286 0.493161 0.646999 0.521277 0.689386 0.505319 0.683622 0.447568 0.682265 0.389818 0.682265 0.338906 0.678874 0.315350 0.667684 0.306991 0.656833 0.306991 0.649034 0.306991
0 0.502543 0.590426 0.495422 0.826748 0.508647 0.826748 0.520515 0.647416 0.522889 0.591945
0 0.522211 0.591185 0.519498 0.658055 0.507291 0.829027 0.523228 0.837386 0.541200 0.640578 0.543235 0.592705
0 0.541879 0.591945 0.541200 0.655015 0.541200 0.854863 0.561546 0.851824 0.565276 0.653495 0.564598 0.593465 0.545609 0.590426
0 0.575110 0.592705 0.566294 0.611702 0.567311 0.662614 0.566633 0.839666 0.598169 0.830547 0.593082 0.695289 0.594778 0.632219 0.590370 0.597264 0.582570 0.594985
0 0.601221 0.581307 0.593421 0.581307 0.591048 0.594225 0.591387 0.610942 0.595456 0.629179 0.622584 0.815350 0.674127 0.757599 0.636826 0.638298 0.634452 0.607903 0.632757 0.593465 0.627331 0.585106 0.617497 0.582827 0.608342 0.580547
0 0.643608 0.548632 0.622584 0.576748 0.626992 0.587386 0.631400 0.598024 0.634452 0.614742 0.678196 0.768237 0.711428 0.712766 0.686673 0.601064 0.673788 0.544073 0.663954 0.531155
0 0.502543 0.588906 0.494744 0.844225 0.479485 0.839666 0.480163 0.649696 0.480502 0.583587
0 0.480502 0.582067 0.481180 0.820669 0.468633 0.823708 0.458800 0.646657 0.458460 0.585106
0 0.458460 0.581307 0.460156 0.664894 0.452357 0.835866 0.425568 0.824468 0.429976 0.664134 0.436080 0.611702 0.437097 0.580547
0 0.414378 0.570669 0.430994 0.572948 0.438454 0.599544 0.431333 0.658815 0.426924 0.836626 0.401153 0.835866 0.408613 0.644377 0.406918 0.608663 0.404205 0.588146 0.403188 0.572188 0.410987 0.565350
0 0.387250 0.560790 0.355714 0.547112 0.350288 0.573708 0.343167 0.601824 0.317396 0.736322 0.362835 0.778875 0.384198 0.634498 0.393693 0.577508
0 0.347236 0.527356 0.310614 0.508359 0.294337 0.587386 0.268566 0.657295 0.307901 0.720365 0.338759 0.637538 0.349271 0.588906 0.357748 0.547112
