0 0.488372 0.376140 0.494715 0.580547 0.463002 0.584347 0.462297 0.562310 0.458069 0.375380 0.486963 0.367021
0 0.454898 0.360182 0.462650 0.544073 0.463354 0.587386 0.437280 0.588146 0.439394 0.563830 0.437632 0.537234 0.436575 0.370061
0 0.426357 0.349544 0.438337 0.517477 0.441860 0.555471 0.435166 0.585106 0.420014 0.584347 0.412967 0.576748 0.409796 0.553191 0.411557 0.515957 0.411910 0.352584
0 0.403101 0.353343 0.414729 0.491641 0.420366 0.519757 0.419662 0.559271 0.410853 0.586626 0.398168 0.585106 0.392530 0.566869 0.389711 0.547872 0.390416 0.521277 0.392530 0.497720 0.390416 0.357143
0 0.385835 0.358663 0.394996 0.496960 0.401691 0.522796 0.401691 0.541793 0.400282 0.563070 0.392882 0.577508 0.380902 0.582067 0.377378 0.579787 0.371388 0.566109 0.369626 0.543313 0.370684 0.505319 0.372093 0.368541
0 0.360465 0.351064 0.371036 0.477204 0.376674 0.521277 0.377378 0.537994 0.376674 0.555471 0.368922 0.566109 0.359760 0.566109 0.350951 0.563830 0.346371 0.560030 0.338266 0.553951 0.332629 0.547872 0.335095 0.521277 0.337914 0.486322 0.327696 0.368541
0 0.295278 0.354103 0.300916 0.432371 0.291050 0.505319 0.300211 0.533435 0.311839 0.534195 0.319944 0.541793 0.328753 0.538754 0.335447 0.527356 0.338266 0.506839 0.337209 0.480243 0.324172 0.350304
0 0.496829 0.367021 0.493658 0.580547 0.514447 0.586626 0.525370 0.582067 0.527132 0.542553 0.527132 0.481763 0.528541 0.364742
0 0.528541 0.361702 0.525018 0.531155 0.525018 0.582067 0.548978 0.581307 0.551797 0.541033 0.550740 0.496201 0.547921 0.357143
0 0.553206 0.330547 0.551092 0.507599 0.549683 0.539514 0.555673 0.571429 0.568710 0.576748 0.578224 0.572188 0.580691 0.548632 0.577519 0.465805 0.573996 0.323708
0 0.579986 0.325228 0.578576 0.453647 0.571529 0.500000 0.570472 0.530395 0.573643 0.558511 0.582452 0.570669 0.599013 0.571429 0.607118 0.548632 0.601128 0.505319 0.599013 0.449848 0.599366 0.325988
0 0.601128 0.335106 0.600070 0.480243 0.597604 0.509119 0.597252 0.544073 0.602185 0.558511 0.612403 0.569909 0.629316 0.569909 0.633192 0.541033 0.631078 0.515198 0.630021 0.484043 0.627907 0.331307
0 0.637773 0.335866 0.630726 0.433131 0.630374 0.476444 0.628259 0.504559 0.627202 0.528875 0.629316 0.550152 0.637421 0.560790 0.647639 0.562310 0.660324 0.557751 0.670895 0.546353 0.673009 0.531915 0.671600 0.516717 0.669486 0.496201 0.669486 0.474164 0.675123 0.346505
0 0.682875 0.328267 0.669486 0.477964 0.667371 0.502280 0.669133 0.514438 0.673714 0.531155 0.680761 0.539514 0.691684 0.539514 0.701550 0.531915 0.713178 0.523556 0.716702 0.506079 0.711064 0.463526 0.709302 0.333587
0 0.498238 0.601824 0.497181 0.775076 0.516913 0.775836 0.517266 0.647416 0.516913 0.598784
0 0.525018 0.596505 0.517970 0.597264 0.516209 0.653495 0.516561 0.787234 0.532770 0.788754 0.536293 0.642857 0.540169 0.600304
0 0.542636 0.588906 0.539817 0.600304 0.535941 0.665653 0.547216 0.856383 0.573996 0.826748 0.562016 0.683891 0.562368 0.644377 0.565187 0.623100 0.564130 0.609422 0.557435 0.596505
0 0.568710 0.585866 0.556730 0.609422 0.556378 0.623860 0.559197 0.635258 0.561311 0.645897 0.567301 0.814590 0.594080 0.808511 0.583157 0.653495 0.584214 0.627660 0.583157 0.609422 0.581395 0.587386
0 0.591614 0.589666 0.582452 0.602584 0.583510 0.623860 0.587033 0.654255 0.611346 0.819149 0.647287 0.772796 0.610994 0.645897 0.611346 0.613982 0.609937 0.591185 0.603242 0.582067
0 0.656448 0.568389 0.640240 0.585866 0.639535 0.612462 0.647639 0.639058 0.693094 0.751520 0.728682 0.689970 0.691332 0.601824 0.688161 0.571429 0.681113 0.556991 0.670543 0.553951 0.662791 0.563070
0 0.699084 0.541793 0.688513 0.559271 0.688161 0.570669 0.691332 0.601824 0.711769 0.644377 0.748062 0.676292 0.766737 0.623860 0.735729 0.570669 0.724101 0.526596 0.715292 0.525076 0.708598 0.528875 0.701550 0.540274
0 0.496829 0.599544 0.498591 0.623860 0.497533 0.788754 0.485553 0.787234 0.480973 0.660334 0.479915 0.604863
0 0.479563 0.601064 0.482382 0.686170 0.486258 0.803951 0.472868 0.804711 0.462297 0.667173 0.457364 0.601824
0 0.451727 0.599544 0.438689 0.599544 0.436223 0.621581 0.435166 0.648936 0.437280 0.685410 0.441508 0.724164 0.434813 0.844225 0.450317 0.848024 0.465821 0.740122 0.463354 0.667173 0.459479 0.623100 0.456307 0.601824
0 0.432347 0.601064 0.436223 0.617021 0.440451 0.626140 0.442565 0.637538 0.441508 0.653495 0.441156 0.683891 0.440099 0.717325 0.440803 0.737082 0.431290 0.844985 0.415433 0.839666 0.415433 0.705927 0.414729 0.667933 0.412262 0.656535 0.415433 0.632979 0.418605 0.601064 0.428471 0.598784
0 0.415433 0.598024 0.422833 0.599544 0.425300 0.606383 0.427061 0.619301 0.422833 0.632979 0.417900 0.655775 0.413672 0.689210 0.396406 0.825988 0.372798 0.819909 0.388302 0.734043 0.392530 0.689970 0.393587 0.645897 0.396406 0.612462 0.403101 0.598024 0.412262 0.593465
0 0.376321 0.587386 0.369626 0.591185 0.362932 0.595745 0.359760 0.613982 0.358351 0.640578 0.330162 0.750760 0.374912 0.790274 0.392178 0.702128 0.396758 0.650456 0.405215 0.621581 0.411557 0.601824 0.408034 0.587386 0.402748 0.584347 0.396406 0.584347 0.387949 0.581307 0.382311 0.583587
0 0.330162 0.554711 0.326286 0.576748 0.319944 0.601824 0.311135 0.636778 0.295983 0.675532 0.274137 0.708207 0.309373 0.753040 0.349894 0.678571 0.362227 0.627660 0.368569 0.604863 0.371741 0.584347 0.363636 0.576748 0.356942 0.570669 0.344257 0.561550 0.337562 0.553951 0.333686 0.550152
0 0.282946 0.508359 0.238901 0.660334 0.268851 0.708967 0.300564 0.667173 0.320296 0.602584 0.330162 0.554711 0.321001 0.541793 0.310430 0.533435 0.304087 0.535714 0.297745 0.525076 0.286469 0.507599
