0 0.483997 0.395897 0.480085 0.427052 0.477240 0.450608 0.472262 0.484043 0.471195 0.513678 0.469417 0.562310 0.478307 0.587386 0.512802 0.568389 0.505690 0.524316 0.511735 0.490881 0.510669 0.446049 0.506757 0.395897 0.497866 0.386778
0 0.459459 0.382979 0.457326 0.405775 0.452347 0.450608 0.449502 0.486322 0.449502 0.537234 0.454481 0.594225 0.473329 0.562310 0.473329 0.537234 0.472262 0.486322 0.474040 0.435410 0.474040 0.389058
0 0.440612 0.386778 0.436700 0.416413 0.429587 0.467325 0.421764 0.515957 0.421764 0.547872 0.434566 0.594225 0.452347 0.557751 0.450569 0.490881 0.446657 0.446049 0.452347 0.405775 0.453414 0.385258
0 0.426743 0.404255 0.426743 0.435410 0.423898 0.484043 0.421764 0.515957 0.421764 0.534954 0.416785 0.575228 0.407895 0.579027 0.402916 0.560030 0.401138 0.534954 0.402205 0.500760 0.399004 0.448328 0.399004 0.405775 0.400071 0.378419
0 0.391181 0.401976 0.388336 0.414894 0.386202 0.452888 0.386202 0.486322 0.389403 0.518237 0.393314 0.547872 0.393314 0.564590 0.377312 0.583587 0.366643 0.583587 0.358464 0.581307 0.355619 0.553951 0.355619 0.522036 0.355619 0.477964 0.354552 0.439970 0.353841 0.405775 0.354552 0.374620 0.363442 0.363982 0.374467 0.366261 0.381223 0.372340
0 0.317212 0.391337 0.313300 0.408055 0.312233 0.452888 0.312233 0.503040 0.312233 0.532675 0.312233 0.549392 0.304410 0.575228 0.282717 0.553951 0.279516 0.528875 0.290541 0.496960 0.294452 0.462766 0.294452 0.418693 0.294452 0.386778 0.297297 0.359422 0.308321 0.366261
0 0.514580 0.378419 0.514580 0.427052 0.513869 0.462766 0.508890 0.513678 0.508890 0.545593 0.512802 0.570669 0.528450 0.575228 0.533428 0.560030 0.534495 0.515957 0.534495 0.471884 0.534495 0.424772 0.533428 0.382979
0 0.546230 0.389058 0.538407 0.424772 0.534495 0.462766 0.534495 0.494681 0.534495 0.534954 0.548364 0.572948 0.554054 0.572948 0.556188 0.538754 0.556188 0.473404 0.556188 0.427052 0.557255 0.393617
0 0.573969 0.380699 0.557255 0.500760 0.561166 0.519757 0.567212 0.543313 0.572902 0.553951 0.578947 0.553951 0.583926 0.507599 0.581792 0.486322 0.580725 0.443769 0.587838 0.367781 0.580014 0.361702
0 0.639047 0.378419 0.636202 0.412614 0.631223 0.452888 0.630156 0.486322 0.632290 0.560030 0.657895 0.560030 0.665007 0.543313 0.665007 0.503040 0.665718 0.462766 0.663940 0.399696 0.665007 0.370061 0.644026 0.355623
0 0.680654 0.389058 0.672831 0.437690 0.669630 0.481763 0.669630 0.526596 0.669630 0.556231 0.684566 0.560030 0.697368 0.547872 0.701280 0.528875 0.701280 0.486322 0.702347 0.386778 0.703414 0.361702 0.673898 0.361702
0 0.515647 0.781915 0.511735 0.735562 0.506757 0.695289 0.503912 0.659574 0.500711 0.610942 0.507824 0.594225 0.517781 0.602584 0.520626 0.617021 0.519559 0.659574 0.521693 0.697568 0.526671 0.735562
0 0.546230 0.591945 0.532361 0.602584 0.525605 0.617021 0.523471 0.661854 0.522760 0.722644 0.523471 0.792553 0.532361 0.792553 0.535562 0.712006 0.537340 0.667933 0.539474 0.633739
0 0.556188 0.600304 0.548364 0.608663 0.542319 0.642857 0.544452 0.678571 0.545164 0.703647 0.545164 0.766717 0.542319 0.811550 0.548364 0.817629 0.556188 0.765198 0.562233 0.718845 0.562233 0.689210 0.565078 0.632219
0 0.573969 0.602584 0.565078 0.613222 0.566145 0.651216 0.567923 0.682371 0.571835 0.784195 0.575036 0.806991 0.581792 0.771277 0.581792 0.686930 0.583926 0.627660 0.583926 0.598024
0 0.591750 0.591945 0.587838 0.604863 0.586771 0.640578 0.587838 0.674012 0.591750 0.739362 0.602774 0.806991 0.608464 0.819909 0.611664 0.762918 0.604552 0.720365 0.603485 0.659574 0.602774 0.621581
0 0.624467 0.585866 0.611664 0.591945 0.605619 0.600304 0.604552 0.625380 0.608464 0.674012 0.615576 0.727204 0.624467 0.787994 0.635135 0.800912 0.657895 0.803191 0.667852 0.781915 0.667852 0.741641 0.656117 0.689210 0.655050 0.640578 0.653983 0.613222 0.639047 0.585866
0 0.500000 0.781915 0.500711 0.752280 0.500711 0.686930 0.501778 0.642857 0.496799 0.594225 0.482930 0.591945 0.482219 0.623860 0.487198 0.661854 0.487909 0.699848 0.483997 0.747720 0.485064 0.798632 0.495021 0.809271
0 0.477240 0.785714 0.480085 0.756839 0.480085 0.714286 0.480085 0.665653 0.479018 0.629939 0.474040 0.606383 0.460526 0.606383 0.459459 0.642857 0.462304 0.680851 0.466216 0.720365 0.467283 0.781915 0.468350 0.813830 0.477240 0.809271
0 0.481152 0.610942 0.480085 0.642857 0.480085 0.665653 0.480085 0.718845 0.481152 0.773556 0.487909 0.796353 0.496799 0.705927 0.500000 0.655015 0.500000 0.627660 0.496799 0.606383
0 0.460526 0.608663 0.460526 0.633739 0.461238 0.670213 0.462304 0.699848 0.464438 0.777356 0.471195 0.803191 0.478307 0.741641 0.480085 0.676292 0.480085 0.613222 0.476174 0.589666
0 0.438478 0.606383 0.431721 0.632219 0.437767 0.678571 0.444523 0.765198 0.451636 0.851824 0.462304 0.750000 0.465149 0.648936 0.467283 0.632219 0.460526 0.614742
0 0.428876 0.625380 0.420697 0.640578 0.419986 0.670213 0.419986 0.720365 0.421764 0.787994 0.424964 0.857903 0.432788 0.847264 0.435633 0.792553 0.435633 0.709726 0.437767 0.651216 0.438478 0.619301
0 0.403983 0.619301 0.396159 0.629939 0.394026 0.655015 0.395092 0.697568 0.395092 0.760638 0.399004 0.819909 0.405050 0.828267 0.411807 0.800912 0.413940 0.743921 0.415007 0.689210 0.415007 0.629939
0 0.338905 0.633739 0.331792 0.670213 0.312233 0.708207 0.292319 0.731003 0.281650 0.733283 0.265647 0.724924 0.258890 0.697568 0.267781 0.665653 0.282717 0.632219 0.289474 0.617021 0.302276 0.594225 0.316145 0.585866
