0 0.488866 0.382172 0.493421 0.517418 0.493421 0.555328 0.465081 0.564549 0.465587 0.549180 0.464069 0.536885 0.464575 0.520492 0.460020 0.377049 0.488360 0.372951
0 0.460526 0.378074 0.464575 0.516393 0.465587 0.536885 0.467105 0.562500 0.441802 0.557377 0.441802 0.543033 0.442814 0.523566 0.438765 0.425205 0.442308 0.371926 0.459514 0.368852
0 0.433198 0.358607 0.440789 0.476434 0.442814 0.498975 0.442308 0.511270 0.441802 0.523566 0.441296 0.533811 0.438259 0.549180 0.430668 0.556352 0.423583 0.558402 0.419028 0.548156 0.414980 0.533811 0.414980 0.522541 0.418016 0.512295 0.420040 0.500000 0.419028 0.479508 0.417004 0.453893 0.419028 0.349385 0.431174 0.342213
0 0.418016 0.343238 0.417510 0.461066 0.418522 0.484631 0.419534 0.493852 0.419534 0.501025 0.418522 0.512295 0.416498 0.523566 0.413968 0.534836 0.407895 0.540984 0.400810 0.542008 0.393219 0.532787 0.389170 0.526639 0.387146 0.515369 0.389170 0.491803 0.391194 0.457992 0.403340 0.339139 0.416498 0.334016
0 0.400810 0.353484 0.385628 0.525615 0.365891 0.518443 0.366397 0.494877 0.365891 0.465164 0.377530 0.355533 0.388664 0.320697 0.401316 0.320697
0 0.364879 0.316598 0.364879 0.439549 0.366397 0.474385 0.365891 0.492828 0.361336 0.520492 0.337551 0.530738 0.326417 0.524590 0.324393 0.487705 0.327429 0.466189 0.331478 0.406762 0.331478 0.326844
0 0.333502 0.327869 0.331984 0.419057 0.326923 0.462090 0.324393 0.488730 0.308198 0.502049 0.298077 0.491803 0.284919 0.477459 0.280870 0.460041 0.281377 0.439549 0.288968 0.418033 0.296053 0.413934 0.300607 0.389344 0.308704 0.337090 0.314777 0.322746
0 0.287955 0.302254 0.273279 0.330943 0.262652 0.356557 0.261134 0.377049 0.266194 0.399590 0.270243 0.414959 0.273785 0.424180 0.278340 0.425205 0.289980 0.414959 0.296053 0.414959 0.305162 0.375000 0.317814 0.315574 0.302632 0.302254
0 0.489879 0.381148 0.492409 0.515369 0.493927 0.529713 0.493927 0.551230 0.495951 0.560451 0.503036 0.563525 0.509109 0.560451 0.515182 0.556352 0.517206 0.551230 0.518725 0.540984 0.518219 0.526639 0.517713 0.513320 0.517206 0.498975 0.515688 0.465164 0.514676 0.350410 0.490891 0.350410
0 0.522773 0.339139 0.517206 0.500000 0.516194 0.508197 0.514676 0.517418 0.514676 0.524590 0.515182 0.532787 0.516194 0.545082 0.518725 0.552254 0.523785 0.555328 0.529352 0.556352 0.535931 0.552254 0.536437 0.544057 0.536943 0.532787 0.536437 0.521516 0.533907 0.507172 0.533907 0.496926 0.534919 0.484631 0.541498 0.343238
0 0.544534 0.342213 0.536943 0.478484 0.533907 0.491803 0.533401 0.500000 0.533907 0.516393 0.536437 0.535861 0.540486 0.548156 0.546053 0.550205 0.549595 0.547131 0.554656 0.542008 0.557186 0.534836 0.558198 0.523566 0.558198 0.511270 0.558198 0.496926 0.558198 0.482582 0.567308 0.326844 0.547065 0.322746
0 0.582490 0.325820 0.574899 0.449795 0.573381 0.470287 0.571862 0.477459 0.571356 0.486680 0.573381 0.494877 0.574899 0.502049 0.577429 0.510246 0.578947 0.519467 0.580466 0.526639 0.587045 0.530738 0.592611 0.531762 0.597672 0.527664 0.602733 0.517418 0.604251 0.506148 0.603239 0.495902 0.603745 0.477459 0.603745 0.459016 0.603239 0.432377 0.600709 0.323770
0 0.609818 0.309426 0.603745 0.431352 0.599696 0.439549 0.598178 0.443648 0.596660 0.451844 0.596660 0.462090 0.597166 0.472336 0.598684 0.481557 0.600202 0.491803 0.602733 0.504098 0.605769 0.514344 0.610324 0.521516 0.618421 0.521516 0.627530 0.515369 0.633603 0.509221 0.637146 0.504098 0.639676 0.489754 0.638158 0.473361 0.637652 0.459016 0.633603 0.426230 0.633603 0.326844 0.631579 0.305328
0 0.631579 0.310451 0.634109 0.422131 0.633097 0.439549 0.635121 0.451844 0.637652 0.473361 0.647773 0.489754 0.656883 0.487705 0.667510 0.478484 0.678644 0.463115 0.681174 0.446721 0.674595 0.426230 0.666498 0.401639 0.658401 0.360656 0.652834 0.308402
0 0.652328 0.307377 0.661437 0.380123 0.667004 0.404713 0.674089 0.425205 0.678138 0.432377 0.685729 0.436475 0.691802 0.430328 0.698381 0.415984 0.701417 0.403689 0.705466 0.386270 0.705466 0.373975 0.696862 0.360656 0.687753 0.349385 0.679656 0.330943 0.671053 0.299180 0.668016 0.288934 0.654352 0.290984
0 0.489372 0.581967 0.490385 0.598361 0.490385 0.721311 0.508097 0.718238 0.510121 0.657787 0.509615 0.605533 0.509109 0.574795
0 0.509109 0.575820 0.509615 0.608607 0.508603 0.754098 0.522267 0.756148 0.529858 0.627049 0.529352 0.611680 0.528846 0.602459 0.529352 0.589139 0.529352 0.581967 0.528340 0.575820 0.524798 0.571721 0.520243 0.571721
0 0.533907 0.569672 0.529858 0.574795 0.528846 0.580943 0.527834 0.591189 0.532389 0.779713 0.555162 0.777664 0.554656 0.612705 0.553138 0.600410 0.550607 0.590164 0.549595 0.582992 0.551113 0.575820 0.552126 0.564549 0.546053 0.562500 0.540486 0.563525
0 0.558704 0.571721 0.549595 0.585041 0.554150 0.609631 0.555162 0.637295 0.560223 0.762295 0.582490 0.759221 0.577935 0.604508 0.578441 0.592213 0.577935 0.578893 0.576417 0.571721 0.571862 0.563525 0.561741 0.567623
0 0.582996 0.551230 0.577429 0.551230 0.572874 0.555328 0.570344 0.565574 0.571356 0.578893 0.575405 0.595287 0.581478 0.610656 0.586538 0.679303 0.605263 0.764344 0.635628 0.744877 0.614879 0.656762 0.610830 0.572746 0.605769 0.552254 0.596660 0.548156
0 0.631579 0.524590 0.622470 0.534836 0.621457 0.551230 0.627530 0.571721 0.635121 0.589139 0.678138 0.684426 0.702935 0.703893 0.719636 0.655738 0.711032 0.610656 0.702429 0.589139 0.689271 0.570697 0.680162 0.550205 0.673583 0.530738 0.671559 0.523566 0.667510 0.515369 0.663968 0.505123 0.658907 0.498975 0.651822 0.498975 0.644231 0.506148 0.638664 0.514344 0.634109 0.521516
0 0.677126 0.467213 0.668522 0.471311 0.663462 0.478484 0.660425 0.492828 0.662955 0.507172 0.668522 0.524590 0.676113 0.543033 0.720142 0.640369 0.742409 0.587090 0.720648 0.520492 0.713057 0.494877 0.707490 0.470287 0.702935 0.455943 0.696862 0.445697 0.691296 0.443648 0.686235 0.451844 0.683704 0.462090
0 0.488866 0.581967 0.490385 0.599385 0.491397 0.769467 0.474190 0.770492 0.471154 0.623975 0.471154 0.579918
0 0.471154 0.578893 0.472672 0.626025 0.472166 0.772541 0.447368 0.770492 0.450405 0.611680 0.448381 0.579918
0 0.444838 0.573770 0.450405 0.582992 0.450405 0.614754 0.442308 0.792008 0.414474 0.785861 0.424089 0.611680 0.427632 0.593238 0.425607 0.580943 0.427126 0.573770 0.434717 0.572746
0 0.414474 0.569672 0.427126 0.589139 0.427632 0.595287 0.423077 0.614754 0.411437 0.785861 0.385628 0.779713 0.398279 0.611680 0.398279 0.595287 0.398785 0.580943 0.401316 0.571721 0.409919 0.566598
0 0.396761 0.560451 0.391194 0.557377 0.385628 0.552254 0.382085 0.552254 0.378543 0.557377 0.375000 0.561475 0.372976 0.567623 0.371457 0.576844 0.371457 0.592213 0.336538 0.748975 0.358806 0.770492 0.394231 0.618852 0.398279 0.606557 0.401822 0.599385 0.404858 0.590164 0.405870 0.579918 0.406883 0.563525
0 0.337551 0.538934 0.334514 0.544057 0.332490 0.548156 0.331478 0.552254 0.330466 0.558402 0.328947 0.569672 0.326923 0.578893 0.276822 0.703893 0.323381 0.755123 0.351215 0.672131 0.365891 0.603484 0.371457 0.588115 0.373988 0.577869 0.375506 0.569672 0.376518 0.558402 0.376012 0.551230 0.368927 0.546107 0.362854 0.545082 0.352227 0.539959 0.345142 0.534836 0.338563 0.534836
0 0.295040 0.502049 0.287449 0.529713 0.286943 0.546107 0.285931 0.553279 0.283907 0.560451 0.281883 0.565574 0.278846 0.570697 0.275810 0.575820 0.272267 0.582992 0.269231 0.590164 0.241397 0.635246 0.269231 0.680328 0.302126 0.633197 0.326923 0.578893 0.329960 0.568648 0.330466 0.561475 0.331478 0.555328 0.332996 0.550205 0.335020 0.545082 0.335526 0.539959 0.332490 0.531762 0.322874 0.526639 0.315789 0.518443 0.308198 0.508197 0.302632 0.502049
0 0.272773 0.487705 0.260121 0.483607 0.250506 0.494877 0.240891 0.514344 0.227227 0.553279 0.210020 0.604508 0.232794 0.638320 0.268725 0.590164 0.278340 0.571721 0.283401 0.563525 0.286437 0.552254 0.288462 0.538934 0.287449 0.523566 0.283401 0.509221 0.276316 0.496926
