0 0.472776 0.443769 0.469395 0.504559 0.479540 0.519757 0.503889 0.515957 0.507271 0.503040 0.505242 0.389818 0.506595 0.328267 0.506595 0.284954 0.505242 0.260638 0.488333 0.261398 0.482584 0.291033
0 0.449104 0.424772 0.448766 0.465805 0.454515 0.504559 0.462293 0.503799 0.472438 0.479483 0.472776 0.405775 0.475482 0.334347 0.481231 0.270517 0.482246 0.240122 0.475482 0.221125 0.465675 0.228723 0.462969 0.273556
0 0.420697 0.419453 0.417653 0.458967 0.422726 0.493921 0.438958 0.495441 0.449780 0.474924 0.450118 0.414134 0.450795 0.351824 0.454177 0.322948 0.456544 0.297112 0.456544 0.263678 0.457220 0.234043 0.452486 0.220365 0.440987 0.227964 0.436929 0.256839
0 0.378424 0.406535 0.377071 0.454407 0.382820 0.480243 0.398039 0.477964 0.404802 0.464286 0.407846 0.392097 0.411228 0.319149 0.411228 0.253799 0.409199 0.228723 0.401759 0.201368 0.391951 0.210486
0 0.344268 0.387538 0.340210 0.431611 0.344606 0.461246 0.361853 0.469605 0.377748 0.462766 0.385864 0.441489 0.387217 0.386778 0.387217 0.290274 0.379777 0.255319 0.370646 0.251520 0.355428 0.259119 0.348664 0.273556 0.345282 0.294833
0 0.300981 0.373100 0.297937 0.398936 0.305715 0.435410 0.315861 0.434650 0.335813 0.449848 0.345282 0.426292 0.347650 0.400456 0.341562 0.316109 0.341562 0.267477 0.340548 0.246960 0.335475 0.234043 0.324653 0.240122 0.317890 0.261398 0.312141 0.291793
0 0.263104 0.363982 0.258032 0.383739 0.266486 0.410334 0.272235 0.425532 0.278323 0.438450 0.294555 0.413374 0.307406 0.385258 0.313493 0.331307 0.315861 0.268997 0.315861 0.232523 0.312817 0.200608 0.306730 0.189970 0.299290 0.187690 0.289821 0.197568 0.285086 0.218845 0.278999 0.310790
0 0.512344 0.445289 0.510653 0.496960 0.516064 0.520517 0.531958 0.522796 0.546162 0.515198 0.544809 0.458207 0.542442 0.378419 0.542442 0.344985 0.539060 0.276596 0.532634 0.251520 0.522827 0.274316
0 0.544809 0.433891 0.544471 0.459726 0.553940 0.506079 0.564423 0.515198 0.572878 0.493921 0.574907 0.449848 0.573554 0.390578 0.573554 0.333587 0.572878 0.287234 0.569158 0.256839 0.558336 0.278116 0.548191 0.365502
0 0.587082 0.439970 0.586067 0.471125 0.591816 0.499240 0.602976 0.497720 0.612445 0.501520 0.621914 0.481003 0.623605 0.454407 0.616503 0.398936 0.611431 0.328267 0.610416 0.301672 0.609401 0.275836 0.602300 0.257599 0.597565 0.246960 0.590801 0.259878
0 0.563409 0.452888 0.564085 0.486322 0.571863 0.502280 0.583700 0.492401 0.590125 0.471884 0.585729 0.395897 0.587082 0.347264 0.586067 0.314590 0.584376 0.287994 0.580318 0.277356 0.574907 0.291033 0.571187 0.322948
0 0.574231 0.458207 0.575583 0.481763 0.585391 0.501520 0.594521 0.504559 0.599256 0.477204 0.594521 0.407295 0.594860 0.329787 0.595198 0.298632 0.591816 0.285714 0.585729 0.285714 0.582347 0.307751 0.578289 0.375380
0 0.605681 0.437690 0.605681 0.473404 0.618194 0.501520 0.636118 0.509878 0.648969 0.490122 0.650321 0.457447 0.649645 0.411094 0.647278 0.367021 0.643896 0.319909 0.640514 0.289514 0.632736 0.272036 0.628001 0.265957 0.620900 0.273556 0.614474 0.310790
0 0.641190 0.409574 0.641190 0.442249 0.654379 0.473404 0.665201 0.472644 0.677376 0.468085 0.687859 0.458207 0.691579 0.439210 0.691241 0.405015 0.682110 0.359422 0.679067 0.324468 0.679743 0.283435 0.679067 0.256839 0.668921 0.251520 0.655394 0.272796 0.646263 0.307751
0 0.683125 0.385258 0.683801 0.410334 0.692594 0.440729 0.705107 0.433891 0.717281 0.416413 0.729794 0.407295 0.728441 0.373860 0.719310 0.316109 0.716943 0.281155 0.717281 0.251520 0.710856 0.231003 0.699696 0.227964 0.690903 0.235562 0.683463 0.256839 0.681096 0.315350
0 0.687183 0.467325 0.685154 0.487082 0.684816 0.502280 0.694961 0.534195 0.721677 0.585866 0.743321 0.603343 0.754481 0.605623 0.761921 0.572948 0.762597 0.550912 0.749746 0.521277 0.733514 0.483283 0.726074 0.439210 0.715928 0.433891 0.706459 0.441489 0.698005 0.460486
0 0.642543 0.516717 0.636794 0.532675 0.647278 0.567629 0.658776 0.596505 0.681772 0.658055 0.699019 0.678571 0.710856 0.684650 0.723030 0.670213 0.729456 0.632979 0.713223 0.575988 0.698681 0.534954 0.689550 0.506839 0.682787 0.480243 0.672979 0.480243 0.659452 0.493921 0.652012 0.502280
0 0.584038 0.540274 0.580994 0.549392 0.587082 0.598784 0.590125 0.642097 0.595536 0.692249 0.603991 0.740881 0.611092 0.751520 0.617856 0.745441 0.620900 0.717325 0.617518 0.586626 0.616503 0.544073 0.607034 0.525836 0.595536 0.528875
0 0.573892 0.529635 0.565776 0.547112 0.561042 0.566109 0.567805 0.616261 0.573216 0.685410 0.577612 0.731763 0.582685 0.755319 0.591140 0.752280 0.594183 0.716565 0.592492 0.606383 0.591816 0.554711 0.586067 0.535714
0 0.551573 0.544833 0.543456 0.566869 0.546838 0.620821 0.544133 0.689210 0.544133 0.743161 0.550896 0.767477 0.563071 0.756079 0.568820 0.683891 0.570172 0.611702 0.570172 0.575988 0.568143 0.558511
0 0.533311 0.547872 0.530267 0.548632 0.528576 0.591185 0.526209 0.637538 0.522489 0.708967 0.530267 0.760638 0.540413 0.758359 0.542103 0.699088 0.543456 0.630699 0.548867 0.589666 0.551573 0.567629 0.550220 0.556991 0.545485 0.552432
0 0.513358 0.543313 0.509976 0.547112 0.504565 0.571429 0.505242 0.618541 0.502536 0.699848 0.503889 0.737082 0.512682 0.744681 0.518769 0.731763 0.523504 0.618541 0.527562 0.591185 0.530944 0.552432 0.528576 0.542553
0 0.483260 0.537234 0.482246 0.551672 0.483936 0.586626 0.487656 0.648936 0.486304 0.715046 0.488671 0.737842 0.495435 0.739362 0.501522 0.701368 0.504565 0.633739 0.506256 0.585106 0.505242 0.549392 0.500169 0.542553
0 0.465336 0.537234 0.460940 0.546353 0.462293 0.579787 0.463307 0.644377 0.466351 0.737842 0.469395 0.765957 0.480216 0.763678 0.484613 0.702888 0.484951 0.598784 0.483260 0.553191 0.477173 0.534195
0 0.445046 0.534195 0.436591 0.547872 0.434224 0.604103 0.437944 0.664894 0.441326 0.727204 0.444707 0.767477 0.456544 0.764438 0.460264 0.729483 0.462969 0.650456 0.462969 0.570669 0.457220 0.531915
0 0.427460 0.518997 0.418668 0.532675 0.414609 0.563070 0.415624 0.642097 0.411566 0.720365 0.416638 0.757599 0.429828 0.750760 0.434900 0.686930 0.440987 0.586626 0.444707 0.549392 0.441664 0.532675 0.433209 0.519757
0 0.400744 0.515198 0.393304 0.525836 0.391951 0.545593 0.386202 0.652736 0.382144 0.704407 0.384173 0.748480 0.391951 0.753799 0.402097 0.733283 0.412918 0.624620 0.420020 0.567629 0.426446 0.537994 0.425093 0.523556 0.419006 0.510638
0 0.372675 0.489362 0.361515 0.489362 0.353737 0.496201 0.350355 0.525836 0.343253 0.582067 0.328712 0.645897 0.323977 0.680851 0.334122 0.709726 0.359824 0.699088 0.377410 0.664894 0.395333 0.572188 0.405817 0.533435 0.408860 0.509119 0.406493 0.502280 0.391275 0.493921 0.379777 0.481763
0 0.319242 0.458207 0.313493 0.466565 0.309097 0.496201 0.292526 0.556991 0.271221 0.619301 0.269868 0.668693 0.279337 0.682371 0.298275 0.677052 0.322962 0.633739 0.342577 0.569909 0.356104 0.535714 0.362191 0.524316 0.366250 0.509119 0.365235 0.482523 0.356442 0.474924 0.339871 0.468845 0.331755 0.459726
0 0.292864 0.441489 0.285086 0.439970 0.275617 0.444529 0.264795 0.454407 0.260061 0.467325 0.257017 0.516717 0.247886 0.553191 0.238755 0.573708 0.229963 0.613982 0.233683 0.634498 0.253974 0.632219 0.269192 0.613222 0.289144 0.567629 0.302333 0.512918 0.315522 0.470365 0.315861 0.456687 0.312817 0.443009 0.298275 0.439210
