0 0.505472 0.312310 0.502394 0.550152 0.470930 0.537234 0.476060 0.483283 0.476060 0.439970 0.479822 0.389058 0.475376 0.310030 0.475718 0.292553 0.507524 0.291793
0 0.470930 0.532675 0.452120 0.528875 0.453146 0.493161 0.454856 0.468085 0.456566 0.425532 0.453146 0.291033 0.478796 0.287994 0.477770 0.336626 0.478112 0.387538 0.476060 0.447568
0 0.452462 0.534195 0.426129 0.538754 0.429891 0.518237 0.427497 0.464286 0.416553 0.275836 0.453146 0.268997 0.455540 0.425532 0.454172 0.482523 0.452120 0.518237
0 0.405267 0.273556 0.427839 0.469605 0.429549 0.534954 0.389193 0.529635 0.390561 0.443769 0.375171 0.284195
0 0.506156 0.295593 0.502052 0.554711 0.533174 0.553191 0.530438 0.477204 0.533174 0.293313
0 0.533858 0.292553 0.529754 0.493161 0.532148 0.551672 0.553010 0.544073 0.553352 0.506839 0.550616 0.474164 0.555746 0.303951
0 0.490082 0.569149 0.492476 0.814590 0.512312 0.813070 0.509576 0.601064 0.510602 0.563070
0 0.511286 0.562310 0.510260 0.604103 0.511286 0.813070 0.536252 0.806991 0.529070 0.660334 0.531464 0.600304 0.533858 0.563830
0 0.533516 0.564590 0.531122 0.606383 0.528728 0.658055 0.535226 0.810030 0.557114 0.804711 0.553010 0.705927 0.556088 0.626140 0.557114 0.579027
0 0.557456 0.579787 0.554720 0.629179 0.551642 0.705927 0.555062 0.803951 0.569767 0.804711 0.575239 0.658055 0.578317 0.639058 0.575239 0.587386
0 0.575581 0.581307 0.574897 0.616261 0.580027 0.648936 0.573529 0.801672 0.610807 0.801672 0.602257 0.660334 0.603967 0.641337 0.602599 0.579027
0 0.630643 0.588906 0.667921 0.560030 0.677497 0.586626 0.720246 0.788754 0.675103 0.832827 0.635431 0.660334 0.633037 0.640578
0 0.490082 0.568389 0.492818 0.816109 0.469562 0.811550 0.471272 0.682371 0.469904 0.572948
0 0.447674 0.572188 0.469904 0.573708 0.470246 0.810790 0.452120 0.806231 0.454514 0.672492 0.454514 0.630699
0 0.423051 0.575228 0.446990 0.572188 0.454514 0.632219 0.451094 0.838906 0.424761 0.838906
0 0.417921 0.575988 0.405951 0.879939 0.372093 0.866261 0.382011 0.638298 0.384747 0.635258 0.389877 0.582067
0 0.324213 0.541033 0.256156 0.729483 0.306430 0.822188 0.354309 0.659574 0.354651 0.644377 0.359097 0.639058 0.367305 0.566109
0 0.655267 0.341945 0.622777 0.479483 0.626881 0.535714 0.666895 0.534954 0.676471 0.493921 0.696648 0.338146
0 0.561560 0.294073 0.549590 0.463526 0.550616 0.493921 0.551300 0.514438 0.554378 0.534954 0.561218 0.545593 0.564979 0.545593 0.570109 0.538754 0.573529 0.534954 0.574213 0.523556 0.578317 0.460486 0.577291 0.303951
0 0.618673 0.316109 0.621067 0.477964 0.623803 0.500760 0.621409 0.521277 0.616963 0.532675 0.606019 0.538754 0.602599 0.532675 0.599179 0.523556 0.596101 0.512918 0.593707 0.503799 0.592681 0.485562 0.593023 0.466565 0.594733 0.311550 0.614227 0.303191
0 0.592681 0.307751 0.594049 0.475684 0.595759 0.487842 0.597127 0.497720 0.598153 0.509878 0.598153 0.522036 0.596443 0.532675 0.593365 0.543313 0.588577 0.547112 0.584473 0.545593 0.580027 0.537994 0.576949 0.530395 0.575923 0.524316 0.573871 0.510638 0.575239 0.488602 0.576949 0.466565 0.578317 0.303191
