0 0.464413 0.366261 0.464413 0.386778 0.461210 0.475684 0.461210 0.499240 0.469395 0.545593 0.482206 0.549392 0.488968 0.528875 0.487900 0.473404 0.487189 0.416413 0.490036 0.378419 0.481139 0.355623
0 0.442705 0.319909 0.441637 0.378419 0.441637 0.435410 0.437722 0.494681 0.436655 0.549392 0.457295 0.543313 0.457295 0.475684 0.460498 0.393617 0.463345 0.338906
0 0.412811 0.340426 0.416014 0.367781 0.414947 0.418693 0.411744 0.480243 0.411032 0.530395 0.429537 0.545593 0.437722 0.518237 0.433808 0.412614 0.434520 0.344985 0.438434 0.321429 0.424911 0.313070
0 0.398932 0.338906 0.395018 0.363982 0.393950 0.416413 0.392171 0.473404 0.392171 0.545593 0.416726 0.547872 0.419929 0.507599 0.411744 0.423252 0.416726 0.355623 0.412811 0.319909
0 0.379359 0.338906 0.374377 0.376900 0.371530 0.439970 0.369395 0.513678 0.393238 0.537234 0.400000 0.499240 0.397153 0.412614 0.401068 0.357903
0 0.319929 0.313070 0.309253 0.325988 0.306050 0.359422 0.308185 0.412614 0.308185 0.439970 0.303203 0.484043 0.325979 0.505319 0.338790 0.486322 0.338790 0.439970 0.345552 0.395897 0.342705 0.325988
0 0.496797 0.347264 0.496797 0.386778 0.488968 0.461246 0.490036 0.519757 0.503915 0.547872 0.517794 0.543313 0.524555 0.519757 0.519573 0.427052 0.520641 0.393617 0.521708 0.340426 0.510676 0.315350
0 0.532384 0.325988 0.528470 0.404255 0.524555 0.528875 0.524555 0.547872 0.540569 0.557751 0.551246 0.537234 0.549466 0.492401 0.552313 0.431611 0.552313 0.393617 0.554093 0.344985 0.554093 0.321429
0 0.571174 0.328267 0.559075 0.338906 0.551246 0.424772 0.553381 0.499240 0.560142 0.541033 0.580071 0.530395 0.590747 0.526596 0.589680 0.484043 0.585053 0.418693 0.585053 0.355623 0.585053 0.328267
0 0.597865 0.332067 0.592883 0.347264 0.587900 0.401976 0.592883 0.471884 0.598577 0.526596 0.614591 0.524316 0.621352 0.496960 0.621352 0.450608 0.622420 0.389058 0.622420 0.329787
0 0.664057 0.310790 0.660854 0.344985 0.656228 0.446049 0.656940 0.484043 0.674021 0.509878 0.686833 0.488602 0.689680 0.418693 0.695730 0.355623 0.692527 0.313070
0 0.500712 0.766717 0.500712 0.743921 0.496797 0.689210 0.487189 0.625380 0.486121 0.579027 0.504982 0.568389 0.515658 0.619301 0.516726 0.686930 0.519573 0.733283 0.516726 0.768997
0 0.531673 0.766717 0.538434 0.739362 0.544484 0.671733 0.539502 0.619301 0.539502 0.579027 0.510676 0.566869 0.509609 0.613222 0.517794 0.693009 0.521708 0.739362 0.521708 0.775836
0 0.558363 0.768997 0.564057 0.750000 0.567260 0.705927 0.565125 0.640578 0.567260 0.583587 0.542349 0.564590 0.537367 0.576748 0.537367 0.629939 0.544484 0.718845
0 0.583986 0.817629 0.581851 0.771277 0.572954 0.714286 0.569039 0.642857 0.571886 0.585866 0.585765 0.579027 0.588968 0.623860 0.590747 0.676292 0.600712 0.779635 0.596797 0.798632
0 0.613523 0.794833 0.602847 0.756839 0.594662 0.695289 0.591815 0.638298 0.585765 0.606383 0.599644 0.587386 0.617438 0.604863 0.617438 0.671733 0.623488 0.724924 0.627402 0.781915
0 0.643060 0.784195 0.633452 0.746201 0.616370 0.695289 0.614591 0.644377 0.609609 0.610942 0.610676 0.581307 0.631317 0.575228 0.651957 0.564590 0.661922 0.600304 0.655160 0.608663 0.651957 0.636018 0.664057 0.678571 0.677936 0.741641 0.660854 0.787994
0 0.696441 0.735562 0.676868 0.697568 0.667972 0.674012 0.661922 0.655015 0.659075 0.608663 0.655160 0.585866 0.655160 0.564590 0.666904 0.553951 0.681851 0.545593 0.703559 0.553951 0.709609 0.606383 0.716370 0.651216 0.724199 0.690729 0.709609 0.737842
0 0.492883 0.758359 0.488968 0.712006 0.490036 0.633739 0.483986 0.585866 0.474021 0.585866 0.474021 0.627660 0.473310 0.680851 0.474021 0.747720 0.479004 0.794833
0 0.469395 0.771277 0.470107 0.735562 0.473310 0.680851 0.474021 0.629939 0.470107 0.594225 0.461210 0.585866 0.452313 0.606383 0.455516 0.648936 0.459431 0.712006 0.459431 0.775836
0 0.455516 0.790274 0.453381 0.708207 0.453381 0.651216 0.448399 0.589666 0.437722 0.587386 0.430605 0.632219 0.430605 0.695289 0.434520 0.779635 0.441637 0.819909
0 0.416014 0.773556 0.419929 0.750000 0.426690 0.686930 0.432740 0.617021 0.427758 0.581307 0.406050 0.591945 0.407829 0.661854 0.406050 0.714286 0.404982 0.777356
0 0.391103 0.766717 0.393950 0.728723 0.406050 0.651216 0.413879 0.595745 0.395018 0.591945 0.381139 0.591945 0.376157 0.665653 0.359431 0.727204 0.374377 0.779635
0 0.350534 0.750000 0.352669 0.709726 0.372242 0.652736 0.384342 0.595745 0.383274 0.562310 0.348754 0.557751 0.337722 0.587386 0.327046 0.648936 0.313167 0.703647 0.325979 0.760638
0 0.303203 0.693009 0.314947 0.671733 0.330961 0.604863 0.338790 0.560030 0.327046 0.543313 0.307117 0.543313 0.292171 0.595745 0.280427 0.676292 0.278292 0.712006
