0 0.495467 0.579122 0.495467 0.535239 0.496165 0.490691 0.495467 0.446144 0.491632 0.398271 0.487448 0.365027 0.472106 0.348404 0.459554 0.367021 0.456764 0.455452 0.458508 0.481383 0.458508 0.538564 0.453626 0.573803 0.469317 0.585106
0 0.457462 0.544548 0.451883 0.579122 0.447001 0.581117 0.431311 0.553191 0.434449 0.509309 0.434449 0.457447 0.430614 0.400266 0.430614 0.357713 0.435146 0.324468 0.445955 0.328457 0.456764 0.367021 0.455718 0.416888 0.457462 0.461436 0.458508 0.507314
0 0.435146 0.511303 0.434449 0.547872 0.427476 0.573803 0.414923 0.577793 0.400279 0.549867 0.405160 0.514628 0.406206 0.468750 0.403417 0.420213 0.402371 0.372340 0.402371 0.337101 0.408996 0.309840 0.423640 0.324468 0.427476 0.376330 0.429568 0.403590 0.432357 0.459441
0 0.405160 0.516622 0.401325 0.549867 0.383891 0.561170 0.368550 0.538564 0.368550 0.505319 0.380056 0.468750 0.382148 0.431516 0.382845 0.383644 0.379010 0.348404 0.387029 0.311835 0.401325 0.326463 0.402371 0.374335 0.402371 0.416888 0.405160 0.464761
0 0.380056 0.468750 0.382148 0.514628 0.378312 0.536569 0.364714 0.538564 0.347978 0.553191 0.337517 0.536569 0.340307 0.496011 0.340307 0.452128 0.340307 0.420213 0.344142 0.379654 0.352162 0.345080 0.359833 0.328457 0.376220 0.345080 0.379010 0.381649 0.381102 0.418883
0 0.335425 0.461436 0.346234 0.485372 0.350070 0.511303 0.338563 0.538564 0.329847 0.547872 0.317294 0.542553 0.302650 0.551862 0.296722 0.514628 0.297768 0.466755 0.296722 0.422207 0.288006 0.372340 0.291144 0.333777 0.303696 0.320479 0.324965 0.383644 0.329847 0.426197
0 0.295676 0.440824 0.305439 0.470080 0.308577 0.501995 0.306485 0.525931 0.296722 0.533245 0.286262 0.545878 0.267782 0.514628 0.259066 0.498005 0.260809 0.457447 0.254184 0.405585 0.244421 0.367021 0.260809 0.339096 0.273710 0.353723 0.284170 0.394947
0 0.496165 0.488697 0.497211 0.529255 0.496165 0.573803 0.508020 0.585106 0.530335 0.588431 0.538006 0.575798 0.534170 0.511303 0.533124 0.478059 0.530335 0.433511 0.531032 0.390957 0.516736 0.365027 0.499303 0.378324 0.493375 0.414894
0 0.534170 0.507314 0.535914 0.549867 0.538006 0.579122 0.554393 0.588431 0.564156 0.561170 0.564156 0.521941 0.563110 0.468750 0.561367 0.420213 0.560321 0.381649 0.554393 0.343085 0.539052 0.335771 0.531032 0.381649 0.532078 0.436835
0 0.562064 0.519947 0.563110 0.564495 0.574616 0.588431 0.591353 0.573803 0.601813 0.561170 0.600767 0.511303 0.599024 0.466755 0.599024 0.414894 0.603905 0.374335 0.603905 0.339096 0.596234 0.315160 0.586471 0.303856 0.571827 0.329787 0.565202 0.378324 0.565202 0.422207 0.561367 0.479388
0 0.597978 0.470080 0.589261 0.507314 0.593096 0.536569 0.606695 0.566489 0.615411 0.575798 0.631102 0.562500 0.636681 0.544548 0.635635 0.498005 0.631799 0.464761 0.626220 0.433511 0.626220 0.398271 0.630056 0.365027 0.630056 0.339096 0.625174 0.320479 0.613668 0.319149 0.600767 0.331782 0.600767 0.381649 0.600070 0.420213
0 0.631102 0.462766 0.626918 0.507314 0.627964 0.544548 0.642608 0.571809 0.655160 0.577793 0.665969 0.555186 0.665969 0.514628 0.661088 0.470080 0.658996 0.426197 0.660042 0.396277 0.657950 0.374335 0.654114 0.339096 0.637727 0.331782 0.624128 0.386968
0 0.666667 0.498005 0.657950 0.533245 0.670502 0.562500 0.684100 0.562500 0.702580 0.575798 0.718271 0.557181 0.713389 0.503324 0.720014 0.468750 0.728731 0.429521 0.735704 0.409574 0.745119 0.390957 0.748954 0.369016 0.748257 0.341090 0.732566 0.322473 0.710251 0.345080 0.697699 0.386968 0.687936 0.416888 0.674686 0.450133
0 0.715132 0.466755 0.705370 0.498005 0.708508 0.542553 0.725941 0.562500 0.745119 0.561170 0.759763 0.549867 0.757671 0.505319 0.759763 0.464761 0.760809 0.420213 0.768480 0.400266 0.783124 0.376330 0.776151 0.333777 0.763598 0.329787 0.750000 0.361702 0.735704 0.411569
0 0.501046 0.616356 0.499303 0.671543 0.495467 0.714096 0.483612 0.756649 0.474895 0.791888 0.488494 0.811835 0.504184 0.775266 0.516736 0.716090 0.527197 0.664229 0.528243 0.618351
0 0.528243 0.612367 0.524407 0.656915 0.517782 0.706782 0.503138 0.752660 0.502092 0.784574 0.503138 0.827128 0.510809 0.830452 0.523361 0.815824 0.535216 0.782580 0.545676 0.736037 0.552650 0.686170 0.559275 0.652926 0.565900 0.630984 0.569038 0.605053 0.552650 0.597739 0.538006 0.599734
0 0.560321 0.612367 0.550558 0.652926 0.550558 0.694149 0.542887 0.747340 0.541841 0.804521 0.541841 0.839761 0.545676 0.873005 0.553347 0.891622 0.571827 0.871011 0.579498 0.845080 0.582636 0.806516 0.587517 0.756649 0.590307 0.723404 0.594142 0.684840 0.599024 0.645612 0.596932 0.616356 0.581590 0.597739
0 0.597978 0.623670 0.595188 0.675532 0.591353 0.725399 0.591353 0.777261 0.591353 0.819149 0.596234 0.863697 0.603905 0.878324 0.617503 0.875000 0.626220 0.858378 0.626918 0.819149 0.627964 0.769282 0.627964 0.716090 0.636681 0.673537 0.637727 0.632979 0.627964 0.621676 0.615411 0.612367
0 0.631799 0.625665 0.626918 0.662234 0.646444 0.721410 0.654114 0.769282 0.666667 0.811835 0.681311 0.849069 0.698745 0.869016 0.721060 0.880319 0.735704 0.839761 0.738494 0.806516 0.733612 0.763963 0.718271 0.721410 0.702580 0.678856 0.692120 0.642287 0.684100 0.611037 0.661785 0.607048 0.643654 0.609043
0 0.688982 0.632979 0.696653 0.669548 0.712343 0.716090 0.727685 0.745346 0.747211 0.771277 0.771269 0.780585 0.786960 0.778590 0.803347 0.775266 0.806137 0.742021 0.808229 0.719415 0.795676 0.704787 0.775105 0.686170 0.761855 0.664229 0.752092 0.634973 0.744421 0.605053 0.735704 0.592420 0.717225 0.590426 0.711297 0.607048 0.694909 0.618351
0 0.501046 0.616356 0.503138 0.656915 0.497211 0.690160 0.491632 0.723404 0.483612 0.760638 0.475941 0.791888 0.466179 0.827128 0.457462 0.827128 0.457462 0.793883 0.458508 0.761968 0.463389 0.721410 0.470014 0.688165 0.474198 0.669548 0.474198 0.638298 0.478731 0.614362 0.490586 0.609043
0 0.489540 0.611037 0.484658 0.649601 0.476987 0.680851 0.470014 0.712101 0.461297 0.745346 0.455718 0.777261 0.451883 0.801197 0.442120 0.828457 0.431311 0.854388 0.421897 0.849069 0.417015 0.828457 0.428522 0.801197 0.439331 0.777261 0.448047 0.694149 0.450837 0.675532 0.452580 0.640293 0.452580 0.605053 0.459554 0.592420 0.474198 0.590426
0 0.456764 0.607048 0.450837 0.652926 0.448745 0.695479 0.442120 0.740027 0.441074 0.773271 0.430614 0.799202 0.417713 0.835771 0.404463 0.863697 0.392608 0.852394 0.396444 0.817819 0.411088 0.754654 0.413877 0.702793 0.420851 0.652926 0.418759 0.605053 0.431311 0.588431
0 0.419805 0.640293 0.420851 0.675532 0.408996 0.702793 0.404463 0.744016 0.395746 0.780585 0.383891 0.813830 0.369596 0.854388 0.355997 0.856383 0.354951 0.837766 0.360879 0.799202 0.370293 0.767952 0.382845 0.706782 0.387029 0.662234 0.390865 0.623670 0.398536 0.607048 0.410042 0.607048
0 0.388773 0.621676 0.385983 0.660904 0.382845 0.701463 0.373431 0.736037 0.366457 0.771277 0.355997 0.801197 0.344142 0.832447 0.327755 0.834441 0.326011 0.799202 0.337517 0.752660 0.345188 0.706782 0.350070 0.668218 0.353905 0.625665 0.364714 0.601729 0.379010 0.609043
0 0.354951 0.618351 0.347280 0.675532 0.339261 0.719415 0.331590 0.771277 0.313110 0.801197 0.290098 0.834441 0.268828 0.828457 0.267782 0.791888 0.278243 0.730718 0.291841 0.682846 0.300558 0.647606 0.307531 0.603059 0.315202 0.588431 0.331590 0.592420 0.347978 0.599734
0 0.306485 0.603059 0.304393 0.640293 0.295676 0.669548 0.283124 0.690160 0.269526 0.721410 0.254184 0.738032 0.235704 0.756649 0.226987 0.769282 0.215481 0.777261 0.195955 0.751330 0.199093 0.723404 0.211646 0.692154 0.229079 0.652926 0.245467 0.605053 0.256974 0.569814 0.267782 0.561170 0.282427 0.571809 0.296722 0.585106
