0 0.489761 0.561550 0.511263 0.553191 0.513311 0.517477 0.510239 0.466565 0.496928 0.246960 0.478840 0.258359 0.483618 0.394377 0.484983 0.481003 0.484642 0.534195
0 0.462799 0.505319 0.466894 0.543313 0.471331 0.547112 0.477816 0.536474 0.483959 0.511398 0.485666 0.466565 0.484642 0.376140 0.477133 0.262918 0.466212 0.270517 0.467235 0.352584 0.470648 0.398936 0.465870 0.452888
0 0.439590 0.525076 0.450853 0.547112 0.459727 0.530395 0.467235 0.508359 0.464846 0.473404 0.463823 0.418693 0.466553 0.367021 0.467918 0.261398 0.455290 0.267477 0.445734 0.340426 0.442662 0.400456 0.443686 0.449848 0.442662 0.481763
0 0.424573 0.534195 0.435495 0.550152 0.441638 0.530395 0.453925 0.543313 0.455973 0.503799 0.452560 0.433131 0.443686 0.253040 0.428669 0.256839 0.432765 0.357903 0.430034 0.425532 0.426962 0.458207 0.424232 0.518997
0 0.403754 0.518997 0.413652 0.548632 0.422184 0.531915 0.429010 0.543313 0.437201 0.517477 0.435154 0.481003 0.429352 0.308511 0.416041 0.269757 0.403072 0.275076 0.409898 0.346505 0.409215 0.394377 0.409215 0.437690 0.404778 0.493921
0 0.369283 0.481763 0.372696 0.518997 0.386348 0.515198 0.394539 0.532675 0.409898 0.531915 0.415017 0.518237 0.416382 0.478723 0.416382 0.439210 0.411604 0.333587 0.401365 0.259119 0.375085 0.264438 0.378157 0.334347 0.378157 0.386018 0.382253 0.417933 0.376451 0.451368 0.369625 0.473404
0 0.332423 0.449848 0.332765 0.477204 0.339249 0.487842 0.341980 0.484802 0.352901 0.506079 0.366212 0.504559 0.375085 0.483283 0.375768 0.460486 0.378157 0.436170 0.377133 0.373100 0.376109 0.264438 0.358362 0.269757 0.361433 0.318389 0.363140 0.343465 0.362457 0.357903 0.356655 0.379179 0.346758 0.403495 0.338567 0.430091
0 0.312287 0.366261 0.324915 0.392097 0.337884 0.392857 0.349829 0.392097 0.358020 0.389058 0.360410 0.363982 0.360410 0.313070 0.355631 0.271277 0.337543 0.247720 0.326621 0.300152 0.320137 0.327508 0.314334 0.338906
0 0.514334 0.551672 0.532765 0.556991 0.538567 0.531155 0.539249 0.484802 0.527304 0.250760 0.513311 0.254559 0.511604 0.405015 0.511263 0.481003 0.511263 0.504559 0.511263 0.531915
0 0.533788 0.513678 0.545734 0.553951 0.549147 0.540274 0.553242 0.517477 0.552901 0.483283 0.549829 0.434650 0.531399 0.311550 0.523208 0.319909 0.529010 0.417933 0.531058 0.487082
0 0.546416 0.536474 0.555631 0.528116 0.558703 0.529635 0.561775 0.549392 0.567918 0.554711 0.573038 0.544833 0.577133 0.530395 0.576792 0.510638 0.573038 0.481003 0.571331 0.451368 0.563823 0.377660 0.561092 0.239362 0.541297 0.243921 0.543345 0.366261 0.546416 0.398176 0.549147 0.475684 0.543003 0.509878 0.542321 0.525076
0 0.568942 0.515198 0.572355 0.531915 0.580546 0.539514 0.588737 0.547112 0.596587 0.528875 0.597611 0.508359 0.592150 0.468845 0.588055 0.425532 0.586007 0.386778 0.595563 0.338906 0.598635 0.281915 0.580546 0.282675 0.573720 0.347264 0.568942 0.385258 0.570307 0.414894 0.568942 0.452128 0.568942 0.493161
0 0.589761 0.480243 0.588737 0.512918 0.592150 0.534195 0.598976 0.542553 0.606826 0.541033 0.614334 0.544833 0.622867 0.526596 0.631399 0.532675 0.638567 0.516717 0.638567 0.488602 0.633788 0.458207 0.629352 0.444529 0.616041 0.377660 0.612969 0.354863 0.620137 0.278116 0.605802 0.275836 0.597952 0.348784 0.593515 0.382219 0.591126 0.414894 0.592833 0.438450
0 0.635836 0.507599 0.648464 0.519757 0.655290 0.515198 0.661433 0.493921 0.666553 0.494681 0.670307 0.474164 0.667918 0.439970 0.656655 0.403495 0.647099 0.370061 0.644369 0.338906 0.646416 0.266717 0.624915 0.272036 0.620478 0.321429 0.618089 0.395137 0.628669 0.474924
0 0.645734 0.377660 0.655290 0.404255 0.665188 0.380699 0.668259 0.376900 0.678840 0.383739 0.682253 0.367021 0.689761 0.364742 0.689420 0.348784 0.668259 0.243921 0.643003 0.275076 0.642662 0.317629 0.645051 0.361702
0 0.516724 0.579787 0.527986 0.579787 0.538908 0.594225 0.533788 0.649696 0.530034 0.782675 0.517406 0.783435
0 0.533447 0.604863 0.538567 0.582827 0.546075 0.582067 0.559044 0.601064 0.554608 0.639058 0.551877 0.646657 0.540273 0.801672 0.529352 0.800912 0.534471 0.648176 0.535836 0.627660
0 0.553584 0.598024 0.567918 0.571429 0.574061 0.588146 0.578498 0.618541 0.576792 0.641337 0.577133 0.672492 0.573720 0.750760 0.568259 0.849544 0.547440 0.840426 0.547099 0.755319 0.551536 0.646657
0 0.574061 0.602584 0.578157 0.587386 0.584983 0.588146 0.589761 0.574468 0.601706 0.597264 0.601024 0.629179 0.598976 0.675532 0.598976 0.756079 0.611604 0.844985 0.594198 0.852584 0.582253 0.801672 0.574403 0.739362 0.576109 0.664894 0.576792 0.637538 0.573379 0.615502
0 0.591126 0.591945 0.595904 0.585106 0.606143 0.564590 0.620137 0.578267 0.623891 0.601824 0.621160 0.635258 0.622867 0.683131 0.625256 0.724164 0.637884 0.827508 0.618430 0.837386 0.605802 0.740881 0.600341 0.683891 0.596246 0.628419 0.589761 0.617781 0.590102 0.602584
0 0.617747 0.577508 0.634130 0.558511 0.638567 0.544073 0.652560 0.537994 0.658020 0.546353 0.662116 0.584347 0.665529 0.624620 0.680887 0.672492 0.703072 0.768997 0.673720 0.797112 0.650512 0.727964 0.639249 0.683131 0.634130 0.652736 0.623208 0.628419 0.621160 0.612462 0.615358 0.591945
0 0.651877 0.543313 0.665188 0.521277 0.670990 0.518997 0.678157 0.500760 0.683959 0.488602 0.690444 0.493161 0.699317 0.516717 0.703754 0.546353 0.708191 0.569909 0.747099 0.673252 0.726280 0.710486 0.692491 0.657295 0.682935 0.632979 0.674744 0.610942 0.657338 0.579027 0.651877 0.556231
0 0.494539 0.588146 0.517065 0.574468 0.518430 0.599544 0.517065 0.633739 0.517406 0.797112 0.504437 0.797872 0.501024 0.648176 0.494198 0.610942
0 0.471672 0.595745 0.482253 0.579787 0.495904 0.582827 0.495904 0.627660 0.502730 0.703647 0.503754 0.734043 0.497611 0.783435 0.485666 0.773556 0.488737 0.711246 0.480546 0.653495 0.471672 0.620821
0 0.454949 0.594985 0.465529 0.580547 0.474061 0.592705 0.480205 0.617021 0.481570 0.651976 0.484983 0.722644 0.479181 0.834347 0.460751 0.827508 0.460751 0.755319 0.460068 0.703647 0.456314 0.669453 0.456655 0.636778 0.453925 0.616261
0 0.435154 0.590426 0.442662 0.579787 0.446075 0.580547 0.451195 0.590426 0.457679 0.595745 0.460068 0.592705 0.462457 0.604863 0.462457 0.626900 0.459044 0.789514 0.452901 0.837386 0.435154 0.828267 0.433788 0.716565 0.434471 0.649696 0.432423 0.622340
0 0.408874 0.619301 0.409556 0.591945 0.423549 0.568389 0.429693 0.578267 0.439249 0.591945 0.443686 0.605623 0.440273 0.627660 0.437884 0.646657 0.435836 0.763678 0.427986 0.823708 0.408874 0.807751 0.414676 0.709726 0.412969 0.637538
0 0.374061 0.553191 0.382253 0.536474 0.396246 0.547872 0.410580 0.561550 0.423549 0.569149 0.425256 0.591945 0.418089 0.617021 0.403072 0.661094 0.391809 0.721884 0.360410 0.806231 0.333447 0.781915 0.352560 0.677052 0.366553 0.618541 0.370307 0.563830
0 0.323891 0.522036 0.339590 0.500760 0.349147 0.521277 0.364164 0.518237 0.372355 0.535714 0.379863 0.541793 0.380205 0.572948 0.371331 0.596505 0.352218 0.632979 0.337543 0.684650 0.302730 0.750760 0.270990 0.696809 0.303413 0.617781 0.316724 0.569909
