0 0.457954 0.550152 0.453399 0.611702 0.459706 0.627660 0.473020 0.631459 0.480729 0.629939 0.484583 0.620061 0.486685 0.548632 0.489138 0.469605 0.488437 0.359422 0.484933 0.330547 0.474422 0.327508 0.466713 0.363222 0.464961 0.465805
0 0.439033 0.536474 0.436580 0.587386 0.440785 0.617781 0.448844 0.617021 0.455851 0.610182 0.459706 0.508359 0.464961 0.429331 0.467765 0.369301 0.467765 0.334347 0.464611 0.297872 0.459706 0.294073 0.453399 0.306231 0.447793 0.449848
0 0.412404 0.523556 0.412404 0.556231 0.418010 0.607903 0.425718 0.624620 0.437281 0.607903 0.444989 0.569149 0.447793 0.541793 0.446041 0.467325 0.446041 0.384498 0.442537 0.325988 0.438332 0.291033 0.433076 0.273556 0.426419 0.290274
0 0.389629 0.539514 0.389629 0.584347 0.399089 0.598784 0.412404 0.588146 0.422214 0.591945 0.432376 0.573708 0.436230 0.526596 0.430974 0.458207 0.429923 0.405775 0.425018 0.357143 0.422565 0.331307 0.418010 0.313070 0.405046 0.340426 0.392782 0.477964
0 0.361598 0.533435 0.361247 0.555471 0.368956 0.579027 0.376314 0.585106 0.391381 0.588906 0.400841 0.576748 0.405046 0.553951 0.407498 0.509119 0.404345 0.422492 0.404345 0.374620 0.404345 0.342705 0.403294 0.309271 0.398038 0.284954 0.387526 0.287234 0.379467 0.356383
0 0.330413 0.505319 0.325858 0.512918 0.324457 0.544073 0.334268 0.580547 0.362649 0.586626 0.372460 0.558511 0.376664 0.519757 0.376314 0.441489 0.374212 0.380699 0.369657 0.338146 0.362649 0.325988 0.351086 0.336626
0 0.293973 0.454407 0.286615 0.471125 0.288017 0.522036 0.304135 0.547872 0.322705 0.551672 0.339523 0.512918 0.344779 0.414134 0.344779 0.360182 0.343027 0.329787 0.337421 0.305471 0.329362 0.301672 0.322355 0.324468 0.307989 0.417173
0 0.287666 0.319909 0.274352 0.337386 0.272950 0.360942 0.283111 0.414894 0.304135 0.409574 0.319201 0.387538 0.325858 0.358663 0.329012 0.326748 0.329713 0.266717 0.326559 0.247720 0.318851 0.228723 0.300981 0.240881
0 0.488437 0.547872 0.484933 0.573708 0.484583 0.631459 0.502453 0.637538 0.514366 0.623100 0.517519 0.558511 0.517519 0.434650 0.517519 0.348024 0.511563 0.317629 0.499650 0.332067
0 0.514716 0.532675 0.514716 0.590426 0.515767 0.626900 0.526629 0.633739 0.538542 0.613982 0.540995 0.585106 0.536790 0.480243 0.536440 0.420973 0.536440 0.351064 0.535039 0.331307 0.527680 0.322948 0.517870 0.344985
0 0.534338 0.532675 0.529432 0.553951 0.535039 0.593465 0.542747 0.626140 0.551507 0.632219 0.559916 0.609422 0.566924 0.544833 0.561317 0.465805 0.561317 0.391337 0.561317 0.355623 0.557463 0.322188 0.549054 0.313070 0.541345 0.335106 0.534688 0.431611
0 0.551507 0.530395 0.549755 0.550152 0.555711 0.598024 0.566223 0.604863 0.574982 0.613982 0.585844 0.605623 0.592502 0.588906 0.594954 0.565350 0.591100 0.521277 0.587596 0.425532 0.586896 0.399696 0.586896 0.370821 0.585844 0.334347 0.582691 0.306231 0.571479 0.306231 0.566924 0.338146
0 0.580238 0.525836 0.584443 0.575988 0.599509 0.595745 0.611773 0.595745 0.620182 0.579027 0.624387 0.563070 0.621584 0.531915 0.616678 0.506839 0.612824 0.447568 0.612474 0.405775 0.610021 0.367781 0.611072 0.330547 0.609671 0.294073 0.606868 0.284195 0.594254 0.289514 0.584793 0.376900
0 0.615277 0.500000 0.618080 0.551672 0.631395 0.572188 0.649965 0.564590 0.664331 0.566109 0.669937 0.540274 0.666083 0.490881 0.657673 0.417173 0.651016 0.358663 0.645760 0.327508 0.640154 0.301672 0.628591 0.297112 0.617730 0.306231 0.613174 0.338146
0 0.666783 0.500760 0.670287 0.548632 0.680098 0.561550 0.694464 0.566109 0.701121 0.554711 0.717589 0.551672 0.717940 0.509119 0.704275 0.461246 0.690259 0.425532 0.684653 0.388298 0.678697 0.351824 0.673441 0.322948 0.659425 0.312310 0.646111 0.320669 0.646461 0.354863
0 0.689909 0.436170 0.707779 0.449088 0.717589 0.451368 0.723546 0.443769 0.732656 0.411094 0.732656 0.373860 0.726349 0.345745 0.710231 0.325988 0.693062 0.316109 0.676945 0.322948 0.674492 0.341945 0.672740 0.378419
0 0.475123 0.649696 0.472670 0.677812 0.476174 0.759878 0.480028 0.836626 0.487386 0.858663 0.492642 0.855623 0.497898 0.819149 0.496496 0.724164 0.492992 0.653495 0.484933 0.646657
0 0.455851 0.648936 0.452348 0.670973 0.456202 0.727964 0.461808 0.800912 0.466013 0.848784 0.469867 0.856383 0.475823 0.857903 0.478977 0.849544 0.476174 0.753799 0.475123 0.696049 0.478276 0.663374 0.476524 0.645897 0.468465 0.639058
0 0.441135 0.645897 0.437631 0.659574 0.434478 0.699848 0.432376 0.764438 0.435529 0.841945 0.439383 0.907295 0.455501 0.911854 0.457954 0.895897 0.461808 0.812310 0.460056 0.703647 0.458304 0.658815 0.454800 0.642097 0.447793 0.635258
0 0.425718 0.632219 0.411352 0.664894 0.403994 0.696049 0.401542 0.733283 0.394884 0.805471 0.394534 0.868541 0.409250 0.876900 0.425018 0.816869 0.438332 0.721125 0.444989 0.675532 0.437982 0.649696 0.433076 0.638298
0 0.394884 0.620061 0.379818 0.637538 0.370708 0.699848 0.350385 0.807751 0.352488 0.852584 0.367905 0.860182 0.384022 0.829027 0.409601 0.718085 0.426069 0.679331 0.426769 0.662614 0.420463 0.633739
0 0.317099 0.563070 0.306587 0.593465 0.276104 0.693009 0.266994 0.721125 0.266293 0.764438 0.283812 0.762158 0.322705 0.711246 0.341275 0.670973 0.357744 0.645137 0.358094 0.611702 0.339874 0.588906 0.329012 0.561550
0 0.267344 0.521277 0.252978 0.539514 0.249124 0.611702 0.233707 0.677052 0.234758 0.724164 0.248073 0.734802 0.272600 0.699088 0.290470 0.651976 0.302383 0.615502 0.313245 0.574468 0.311142 0.550152 0.296426 0.535714
0 0.494394 0.650456 0.493343 0.666413 0.495795 0.753040 0.499650 0.825228 0.502453 0.841945 0.508059 0.857903 0.514015 0.854103 0.514716 0.793313 0.514015 0.716565 0.514366 0.666413 0.514015 0.648936 0.504205 0.642097
0 0.521023 0.641337 0.515067 0.648176 0.511212 0.674012 0.512614 0.759878 0.514015 0.814590 0.514716 0.841945 0.518921 0.855623 0.529432 0.862462 0.534338 0.843465 0.529432 0.736322 0.534688 0.678571 0.532936 0.645897 0.529082 0.640578
0 0.529783 0.645897 0.525578 0.677052 0.531885 0.749240 0.535739 0.810790 0.536090 0.851064 0.537842 0.874620 0.543097 0.884498 0.552908 0.882979 0.556412 0.863982 0.556412 0.733283 0.555711 0.670213 0.552908 0.648936 0.546601 0.642857 0.538192 0.639058 0.535739 0.639058
0 0.559566 0.644377 0.556062 0.648176 0.549404 0.657295 0.552558 0.703647 0.560967 0.792553 0.564471 0.852584 0.568325 0.870821 0.578486 0.873860 0.586545 0.859422 0.586545 0.802432 0.585144 0.727964 0.586545 0.678571 0.583392 0.650456 0.576384 0.637538 0.563069 0.635258
0 0.599860 0.612462 0.599159 0.635258 0.612474 0.696809 0.644709 0.797112 0.656622 0.816869 0.667835 0.821429 0.687807 0.800152 0.692712 0.764438 0.685354 0.706687 0.662579 0.660334 0.659075 0.615502 0.647863 0.591945 0.641205 0.588146 0.617730 0.601064
