0 0.410455 0.335866 0.408769 0.391337 0.404722 0.427052 0.404722 0.491641 0.408769 0.516717 0.434401 0.509878 0.435413 0.440729 0.432378 0.402736 0.432378 0.331307 0.417538 0.315350
0 0.398651 0.346505 0.402698 0.447568 0.402698 0.514438 0.388870 0.516717 0.385835 0.474164 0.387858 0.424772 0.386847 0.362462 0.385835 0.335866 0.384823 0.299392 0.401686 0.306231
0 0.375042 0.331307 0.384823 0.476444 0.388870 0.516717 0.376728 0.527356 0.366948 0.498480 0.369983 0.465046 0.361889 0.373100 0.356155 0.319909 0.374030 0.306231
0 0.345025 0.339666 0.345025 0.405015 0.348061 0.471884 0.350084 0.512158 0.369983 0.500760 0.368971 0.413374 0.358853 0.326748
0 0.298482 0.308511 0.296459 0.453647 0.291400 0.500760 0.275548 0.500760 0.269815 0.455927 0.268803 0.379939 0.266779 0.301672 0.270826 0.279635 0.300506 0.284195
0 0.451265 0.324468 0.441484 0.400456 0.439460 0.460486 0.434401 0.500760 0.457336 0.507599 0.467116 0.493921 0.464081 0.429331 0.468128 0.322188
0 0.474199 0.331307 0.463069 0.391337 0.459359 0.453647 0.467116 0.503040 0.478921 0.498480 0.490051 0.467325 0.490051 0.411094 0.489039 0.317629 0.489039 0.284195 0.476223 0.293313
0 0.500843 0.299392 0.492074 0.331307 0.487015 0.389058 0.482968 0.453647 0.488027 0.487082 0.502867 0.507599 0.514671 0.498480 0.512648 0.460486 0.509949 0.429331 0.508938 0.346505 0.519730 0.295593
0 0.524789 0.306231 0.513659 0.346505 0.500843 0.407295 0.502867 0.455927 0.512648 0.487082 0.527487 0.491641 0.529511 0.460486 0.531535 0.409574 0.543339 0.317629 0.543339 0.279635 0.525801 0.275076
0 0.545363 0.288754 0.533558 0.375380 0.523777 0.455927 0.535582 0.493921 0.546374 0.481003 0.553457 0.449088 0.554469 0.377660 0.566273 0.272796
0 0.573356 0.263678 0.554469 0.355623 0.553457 0.433891 0.554469 0.471884 0.578078 0.471884 0.593929 0.462766 0.596965 0.405015 0.602024 0.248480 0.569309 0.239362
0 0.602024 0.255319 0.593929 0.436170 0.603035 0.451368 0.639798 0.449088 0.639798 0.411094 0.642833 0.259878
0 0.469140 0.688450 0.459359 0.561550 0.452277 0.523556 0.465093 0.514438 0.474199 0.514438 0.474199 0.541033 0.474199 0.559271 0.481956 0.688450
0 0.501855 0.728723 0.492074 0.724164 0.474199 0.538754 0.476223 0.496201 0.487015 0.500760 0.499831 0.516717 0.497808 0.554711 0.497808 0.581307 0.499831 0.652736
0 0.526476 0.706687 0.509949 0.637538 0.505902 0.569909 0.500843 0.514438 0.512648 0.500760 0.522766 0.512158 0.520742 0.538754 0.520742 0.576748 0.527487 0.641337
0 0.543339 0.690729 0.527487 0.597264 0.523777 0.531915 0.522766 0.500760 0.546374 0.500760 0.546374 0.543313 0.547386 0.648176
0 0.583137 0.690729 0.565261 0.639818 0.558516 0.592705 0.556492 0.536474 0.550422 0.507599 0.569309 0.493921 0.594941 0.503040 0.593929 0.541033 0.598988 0.583587 0.611804 0.635258
0 0.634739 0.605623 0.628668 0.612462 0.620911 0.588146 0.610793 0.541033 0.605059 0.521277 0.593255 0.485562 0.596965 0.469605 0.617875 0.465046 0.631703 0.460486 0.647555 0.491641 0.648567 0.545593 0.667454 0.601824
0 0.452277 0.690729 0.459359 0.626140 0.455312 0.529635 0.445194 0.521277 0.440472 0.538754 0.443170 0.572188 0.446206 0.626140
0 0.425632 0.704407 0.433390 0.572188 0.433390 0.523556 0.426307 0.518997 0.417538 0.518997 0.418550 0.597264 0.414503 0.657295
0 0.413491 0.711246 0.419562 0.529635 0.400675 0.521277 0.398651 0.588146 0.398651 0.675532 0.398651 0.711246
0 0.392580 0.733283 0.401686 0.527356 0.388870 0.521277 0.382799 0.541033 0.382799 0.583587 0.382799 0.603343 0.379764 0.664134 0.380776 0.713526
0 0.351096 0.717325 0.345025 0.567629 0.346037 0.538754 0.357167 0.529635 0.374030 0.538754 0.378752 0.583587 0.378752 0.623860 0.375717 0.650456 0.373019 0.677812 0.373019 0.719605 0.370995 0.751520
0 0.307251 0.512158 0.307251 0.531915 0.309275 0.583587 0.309275 0.617021 0.302530 0.648176 0.299494 0.675532 0.320405 0.708967 0.335245 0.711246 0.337268 0.688450 0.338280 0.641337 0.340304 0.583587 0.345025 0.518997 0.329174 0.518997
0 0.276560 0.668693 0.282631 0.650456 0.295447 0.594985 0.298482 0.563830 0.299494 0.518997 0.291400 0.512158 0.274536 0.512158 0.267791 0.536474 0.259696 0.569909 0.253963 0.601824 0.250927 0.623860 0.261720 0.655015
