0 0.497165 0.526596 0.497165 0.577508 0.482282 0.585866 0.468816 0.585866 0.467045 0.569909 0.465273 0.525076 0.469525 0.492401 0.469880 0.474924 0.469880 0.441489 0.469880 0.414134 0.469880 0.389818 0.476967 0.370821 0.485471 0.374620 0.488306 0.403495 0.489015 0.433891 0.491141 0.482523 0.493622 0.507599
0 0.444720 0.526596 0.443303 0.549392 0.442948 0.573708 0.450035 0.585106 0.461021 0.593465 0.468816 0.585106 0.468108 0.556991 0.465982 0.516717 0.466336 0.493921 0.465982 0.469605 0.466336 0.444529 0.464564 0.425532 0.464564 0.401216 0.462438 0.376900 0.452162 0.361702 0.439405 0.361702 0.437987 0.378419 0.440468 0.414894 0.442240 0.449088 0.442240 0.479483
0 0.413182 0.503799 0.415663 0.540274 0.418143 0.562310 0.421687 0.583587 0.428774 0.597264 0.434089 0.588906 0.439759 0.566109 0.442948 0.549392 0.445783 0.524316 0.444720 0.493921 0.442240 0.469605 0.442240 0.445289 0.441176 0.422492 0.438696 0.407295 0.436215 0.389818 0.432318 0.378419 0.423813 0.369301 0.420269 0.378419 0.418498 0.401216 0.415663 0.433131 0.413891 0.454407 0.412119 0.484802
0 0.386605 0.521277 0.386251 0.550912 0.390149 0.573708 0.397236 0.600304 0.402551 0.589666 0.412119 0.575988 0.419206 0.579787 0.424522 0.570669 0.428065 0.550912 0.428065 0.530395 0.427002 0.509878 0.418498 0.478723 0.415663 0.452128 0.414954 0.435410 0.413891 0.414134 0.413182 0.398936 0.408575 0.376140 0.400780 0.361702 0.389794 0.368541 0.386251 0.392097 0.390149 0.427812 0.389086 0.455927 0.388023 0.482523
0 0.361446 0.534195 0.360737 0.566869 0.359674 0.587386 0.369596 0.588906 0.383062 0.594985 0.393338 0.594985 0.399008 0.575988 0.400780 0.550912 0.397236 0.517477 0.397236 0.487082 0.395464 0.458207 0.395110 0.437690 0.393338 0.418693 0.389794 0.392097 0.380936 0.382219 0.374911 0.383739 0.368533 0.395137 0.367116 0.421733 0.364989 0.471125
0 0.329554 0.524316 0.326010 0.559271 0.330617 0.582067 0.340184 0.591185 0.350815 0.589666 0.361446 0.591185 0.369596 0.575988 0.373140 0.547872 0.372077 0.528116 0.367824 0.505319 0.364989 0.469605 0.363218 0.450608 0.362509 0.433891 0.360737 0.416413 0.360028 0.403495 0.350106 0.398936 0.339476 0.412614 0.336641 0.439210 0.333097 0.479483
0 0.496456 0.528875 0.496456 0.563070 0.496456 0.582067 0.507796 0.581307 0.516655 0.579787 0.526223 0.573708 0.527286 0.547872 0.527286 0.530395 0.527286 0.503799 0.528349 0.475684 0.529766 0.452128 0.530120 0.411094 0.529057 0.378419 0.524451 0.353343 0.512048 0.348024 0.505315 0.368541 0.503189 0.410334 0.502481 0.460486
0 0.526223 0.535714 0.526223 0.566109 0.532601 0.569909 0.547484 0.575988 0.553154 0.562310 0.554571 0.541793 0.553154 0.509878 0.553863 0.490122 0.556343 0.446809 0.555634 0.417933 0.558115 0.386018 0.557406 0.367021 0.553154 0.355623 0.548547 0.353343 0.540751 0.357903 0.537208 0.392097 0.533664 0.424012 0.530120 0.469605 0.528349 0.506079
0 0.553863 0.528875 0.553863 0.559271 0.561658 0.577508 0.572289 0.581307 0.578668 0.563070 0.584692 0.537994 0.583983 0.502280 0.588590 0.452888 0.590361 0.422492 0.591779 0.403495 0.593905 0.387538 0.593551 0.370821 0.587527 0.357143 0.578668 0.355623 0.573352 0.373100 0.570517 0.406535 0.565202 0.444529 0.560950 0.479483 0.556697 0.509119
0 0.577959 0.524316 0.574061 0.547112 0.577959 0.581307 0.589298 0.593465 0.599929 0.598784 0.609497 0.585106 0.614103 0.558511 0.612332 0.512918 0.613040 0.481003 0.613040 0.455927 0.614103 0.437690 0.614103 0.420213 0.614103 0.398936 0.614103 0.379939 0.600992 0.363222 0.594614 0.367021 0.592133 0.395137 0.588590 0.440729 0.585046 0.474924 0.579731 0.509878
0 0.607725 0.525076 0.602764 0.572188 0.604536 0.591185 0.617647 0.598784 0.626506 0.597264 0.636428 0.582067 0.636074 0.536474 0.635365 0.486322 0.633593 0.459726 0.635365 0.433891 0.635365 0.412614 0.630758 0.395897 0.621191 0.393617 0.613040 0.417933 0.609851 0.445289 0.607016 0.490881
0 0.698086 0.526596 0.691354 0.551672 0.698441 0.587386 0.701984 0.598784 0.718639 0.593465 0.729979 0.585866 0.734585 0.562310 0.733877 0.530395 0.733522 0.505319 0.733522 0.483283 0.733522 0.462006 0.731751 0.431611 0.723955 0.422492 0.713324 0.439210 0.708009 0.471884
0 0.491141 0.608663 0.491850 0.639058 0.492913 0.669453 0.492913 0.710486 0.492913 0.743161 0.492913 0.806231 0.499646 0.817629 0.508859 0.810030 0.508859 0.781155 0.509568 0.712766 0.509568 0.669453 0.508859 0.629179 0.510631 0.594985 0.500000 0.596505
0 0.509568 0.600304 0.508859 0.631459 0.508859 0.665653 0.509568 0.692249 0.508859 0.721884 0.508859 0.764438 0.512048 0.792553 0.515946 0.822948 0.521262 0.822948 0.525514 0.807751 0.527994 0.769757 0.528349 0.718845 0.527994 0.674772 0.530120 0.640578 0.531538 0.606383 0.524451 0.594985
0 0.530829 0.604863 0.529766 0.642097 0.527994 0.678571 0.527286 0.718845 0.530829 0.745441 0.531892 0.778875 0.538625 0.816869 0.545004 0.843465 0.557406 0.854863 0.561658 0.832827 0.560950 0.796353 0.553863 0.734043 0.553863 0.697568 0.556343 0.639058 0.554571 0.613982 0.543232 0.600304
0 0.554926 0.638298 0.554571 0.664894 0.559178 0.684650 0.557406 0.731763 0.563430 0.811550 0.565556 0.835866 0.573352 0.839666 0.576187 0.802432 0.576896 0.749240 0.580439 0.699088 0.584692 0.661094 0.582211 0.608663 0.565556 0.602584 0.561658 0.617781
0 0.593551 0.639058 0.591070 0.665653 0.595677 0.699088 0.601701 0.724164 0.604181 0.740881 0.608788 0.782675 0.617647 0.810030 0.628278 0.824468 0.641389 0.820669 0.651311 0.802432 0.659461 0.783435 0.659461 0.752280 0.651311 0.725684 0.647768 0.712766 0.643515 0.680091 0.643161 0.646657 0.639972 0.620061 0.632530 0.613982 0.623671 0.627660 0.615875 0.623860 0.611623 0.629179 0.602764 0.635258
0 0.638200 0.623860 0.637845 0.642097 0.641743 0.673252 0.650248 0.696049 0.653083 0.720365 0.656627 0.746960 0.661233 0.767477 0.667257 0.790274 0.678951 0.803951 0.693125 0.800152 0.701630 0.772036 0.701630 0.764438 0.701630 0.749240 0.699858 0.725684 0.693125 0.697568 0.686747 0.667173 0.684975 0.644377 0.683912 0.616261 0.678597 0.596505 0.675053 0.594985 0.664777 0.604103 0.657690 0.610182 0.651311 0.610182 0.646704 0.608663 0.642452 0.611702
0 0.683912 0.613982 0.685684 0.651976 0.693834 0.684650 0.700921 0.702888 0.705174 0.726444 0.710489 0.745441 0.716867 0.767477 0.725018 0.781155 0.739192 0.788754 0.752303 0.777356 0.756910 0.753040 0.756556 0.724164 0.747697 0.701368 0.740964 0.678571 0.736357 0.657295 0.732105 0.623860 0.729270 0.604863 0.723246 0.591185 0.710843 0.591185
0 0.491141 0.607903 0.492913 0.645897 0.491850 0.678571 0.490787 0.730243 0.491141 0.760638 0.491141 0.790274 0.490787 0.813070 0.481219 0.826748 0.474841 0.803951 0.474132 0.768237 0.475195 0.737082 0.475195 0.707447 0.473423 0.676292 0.473069 0.650456 0.473069 0.630699 0.473069 0.604103
0 0.452162 0.604863 0.453933 0.657295 0.454642 0.691489 0.455351 0.726444 0.453933 0.758359 0.452870 0.782675 0.451099 0.807751 0.459957 0.820669 0.468816 0.801672 0.471297 0.763678 0.471297 0.730243 0.471297 0.696049 0.473423 0.664894 0.474132 0.635258 0.474132 0.610182 0.471651 0.602584 0.463501 0.598784
0 0.435861 0.604103 0.431609 0.620061 0.431609 0.642857 0.431609 0.682371 0.429837 0.711246 0.429837 0.740881 0.429837 0.763678 0.429837 0.783435 0.429837 0.803951 0.432318 0.820669 0.437633 0.826748 0.448264 0.822948 0.450390 0.797872 0.452870 0.768237 0.452870 0.710486 0.452870 0.686170 0.452870 0.670973 0.452870 0.644377 0.452870 0.616261 0.452870 0.600304 0.445074 0.589666
0 0.407867 0.625380 0.405741 0.640578 0.405032 0.680091 0.406804 0.703647 0.411410 0.737842 0.411410 0.764438 0.411056 0.819149 0.413891 0.835866 0.422041 0.834347 0.426293 0.811550 0.430900 0.769757 0.430900 0.733283 0.429837 0.699848 0.429837 0.673252 0.432318 0.640578 0.430546 0.623100 0.422041 0.615502 0.409284 0.610182
0 0.348335 0.634498 0.343728 0.661854 0.344791 0.688450 0.343728 0.711246 0.337704 0.731763 0.333451 0.750760 0.329554 0.773556 0.327782 0.788754 0.329908 0.810030 0.340539 0.822948 0.354359 0.834347 0.366761 0.824468 0.373848 0.797872 0.378455 0.775076 0.386605 0.722644 0.391921 0.692249 0.397236 0.669453 0.400780 0.649696 0.398653 0.635258 0.391921 0.630699 0.386605 0.630699 0.376683 0.629179 0.369596 0.621581 0.356130 0.619301
0 0.310064 0.612462 0.305811 0.631459 0.302268 0.669453 0.295181 0.692249 0.281006 0.721884 0.271084 0.733283 0.268604 0.752280 0.272147 0.775836 0.279943 0.794073 0.290928 0.802432 0.302977 0.806231 0.313607 0.794073 0.338412 0.726444 0.343019 0.712766 0.349043 0.693769 0.356130 0.669453 0.357902 0.639058 0.357902 0.629179 0.348335 0.625380 0.343019 0.625380 0.337704 0.615502 0.326364 0.615502 0.322821 0.601064
0 0.278526 0.555471 0.273919 0.575988 0.267895 0.598784 0.263997 0.617781 0.246634 0.631459 0.238483 0.644377 0.230333 0.661094 0.226081 0.677052 0.226790 0.702888 0.234940 0.739362 0.243799 0.759878 0.259745 0.759878 0.276754 0.725684 0.296953 0.683891 0.302268 0.667173 0.308292 0.651976 0.316442 0.632979 0.326010 0.613982 0.325301 0.589666 0.319986 0.581307 0.308646 0.563070 0.303331 0.558511 0.301559 0.562310 0.295889 0.547872 0.283487 0.547112
