0 0.487056 0.357903 0.488781 0.591185 0.472903 0.607143 0.458405 0.596505 0.452882 0.571429 0.453918 0.537234 0.457715 0.510638 0.459786 0.472644 0.456334 0.360942
0 0.457025 0.355623 0.458060 0.515198 0.461167 0.544073 0.460822 0.563830 0.458060 0.578267 0.451847 0.591945 0.439075 0.578267 0.433897 0.554711 0.432862 0.528116 0.434588 0.500000 0.435968 0.477964 0.437349 0.449848 0.438385 0.407295 0.438385 0.364742
0 0.442872 0.354863 0.436313 0.496960 0.439075 0.518237 0.439075 0.535714 0.436313 0.556231 0.432862 0.567629 0.428029 0.572948 0.418019 0.569149 0.413531 0.566109 0.410770 0.551672 0.407663 0.531915 0.407318 0.491641 0.410425 0.462006 0.412496 0.411854 0.415602 0.352584
0 0.290300 0.287234 0.255437 0.386778 0.255437 0.409574 0.261650 0.437690 0.269589 0.450608 0.283051 0.443009 0.288574 0.421733 0.298240 0.377660 0.304798 0.282675 0.295133 0.272796
0 0.305488 0.287994 0.298585 0.360182 0.297204 0.390578 0.291681 0.411094 0.286848 0.433131 0.280635 0.448328 0.278909 0.451368 0.282016 0.471884 0.290300 0.481763 0.302382 0.496960 0.316880 0.495441 0.323783 0.482523 0.326890 0.449848 0.328961 0.407295 0.333103 0.357903 0.329997 0.304711
0 0.342078 0.329787 0.329306 0.418693 0.324819 0.430091 0.323093 0.441489 0.321712 0.455927 0.322748 0.476444 0.324128 0.487842 0.330342 0.504559 0.342768 0.518997 0.354850 0.522796 0.367276 0.496201 0.371074 0.467325 0.371764 0.427052 0.373145 0.363222 0.373490 0.303191 0.346220 0.300912
0 0.489127 0.354863 0.487746 0.589666 0.505005 0.593465 0.515016 0.586626 0.519503 0.565350 0.520884 0.537994 0.513290 0.351824
0 0.512254 0.357143 0.520538 0.586626 0.533310 0.588146 0.541940 0.578267 0.543321 0.552432 0.544701 0.527356 0.539869 0.492401 0.536417 0.463526 0.531584 0.428571 0.527097 0.353343
0 0.675872 0.303951 0.666897 0.341185 0.662064 0.365502 0.661029 0.384498 0.659648 0.406535 0.659648 0.449088 0.663100 0.481003 0.669313 0.500760 0.680704 0.503799 0.693821 0.495441 0.704867 0.482523 0.713152 0.465046 0.712806 0.449088 0.708319 0.431611 0.698654 0.394377 0.695202 0.344225 0.695202 0.300152 0.696237 0.274316 0.681049 0.272036
0 0.696583 0.297112 0.695892 0.344985 0.698309 0.378419 0.705903 0.421733 0.714877 0.460486 0.729030 0.462006 0.739731 0.439970 0.743873 0.411094 0.743528 0.394377 0.733863 0.360182 0.722472 0.303191 0.718329 0.260638 0.696928 0.272796
0 0.495685 0.613222 0.497066 0.842705 0.523300 0.840426 0.517777 0.607143
0 0.518122 0.607143 0.524681 0.843465 0.552295 0.825988 0.543321 0.604103
0 0.563687 0.588146 0.555402 0.604863 0.551260 0.622340 0.552295 0.651216 0.556093 0.679331 0.581981 0.825228 0.608561 0.802432 0.595444 0.675532 0.588195 0.631459 0.584743 0.617781 0.580255 0.607143 0.574042 0.596505
0 0.588195 0.572948 0.574732 0.582827 0.571626 0.588146 0.571281 0.607143 0.583707 0.641337 0.591301 0.661854 0.597860 0.686930 0.617881 0.816109 0.638937 0.791033 0.606489 0.600304 0.604073 0.584347 0.601312 0.575988 0.594063 0.566109
0 0.613048 0.545593 0.604764 0.552432 0.597860 0.560030 0.600621 0.578267 0.604418 0.591185 0.608561 0.613982 0.617190 0.655775 0.649292 0.787234 0.690369 0.727964 0.671384 0.635258 0.655851 0.586626 0.651709 0.563830 0.649292 0.544073 0.645841 0.527356
0 0.663100 0.518237 0.648257 0.524316 0.648257 0.539514 0.647566 0.565350 0.652054 0.585106 0.663445 0.610942 0.678288 0.661094 0.705903 0.716565 0.734898 0.644377 0.720055 0.598024 0.706248 0.563070 0.700035 0.534195 0.695202 0.506839 0.688298 0.500000 0.675872 0.499240
0 0.710735 0.482523 0.696583 0.493921 0.693821 0.498480 0.696928 0.528116 0.701415 0.544073 0.707283 0.563070 0.740766 0.636778 0.756300 0.614742 0.775630 0.574468 0.775630 0.531915 0.761132 0.506839 0.745599 0.489362 0.731446 0.465046 0.726614 0.456687 0.716949 0.463526
0 0.494995 0.610942 0.499137 0.849544 0.468416 0.842705 0.473939 0.651976 0.476010 0.610942
0 0.475664 0.608663 0.469106 0.842705 0.439420 0.825228 0.443217 0.703647 0.449776 0.598024
0 0.432862 0.587386 0.424232 0.593465 0.418364 0.607143 0.415602 0.625380 0.412841 0.653495 0.412841 0.686170 0.404902 0.810030 0.437694 0.824468 0.445979 0.621581 0.442527 0.595745
0 0.418019 0.584347 0.423887 0.578267 0.428719 0.593465 0.428374 0.606383 0.426648 0.617781 0.423196 0.634498 0.420435 0.641337 0.415602 0.652736 0.410770 0.665653 0.408008 0.679331 0.404556 0.710486 0.392130 0.761398 0.383845 0.802432 0.381084 0.810790 0.366241 0.795593 0.376942 0.712766 0.387988 0.662614 0.389023 0.626140 0.390749 0.610182 0.393856 0.593465 0.396962 0.581307 0.401105 0.574468 0.405592 0.570669 0.410770 0.566869
0 0.371419 0.540274 0.364515 0.542553 0.357266 0.556991 0.354505 0.571429 0.351053 0.593465 0.345185 0.620061 0.308250 0.719605 0.360718 0.789514 0.376251 0.710486 0.385571 0.666413 0.390059 0.635258 0.394546 0.617021 0.399033 0.600304 0.404211 0.575228 0.404902 0.553951 0.397653 0.552432 0.388678 0.551672 0.380739 0.545593 0.374525 0.537994
0 0.324128 0.503040 0.318605 0.509878 0.312047 0.528875 0.306869 0.547112 0.301001 0.571429 0.285468 0.614742 0.264411 0.647416 0.302037 0.713526 0.320331 0.676292 0.347256 0.611702 0.363134 0.540274 0.356231 0.519757 0.338626 0.519757
0 0.276493 0.469605 0.219537 0.575988 0.256127 0.658815 0.283051 0.620821 0.297894 0.583587 0.309285 0.544073 0.316534 0.510638 0.296168 0.487082 0.283051 0.471125
0 0.637901 0.296353 0.652054 0.416413 0.659303 0.439210 0.664826 0.498480 0.639627 0.521277 0.620642 0.510638 0.615464 0.453647 0.601312 0.316869
0 0.534691 0.341945 0.534346 0.464286 0.535036 0.515198 0.538833 0.538754 0.554712 0.585106 0.563687 0.582067 0.569900 0.560030 0.571281 0.526596 0.571626 0.506079 0.564032 0.414894 0.552295 0.323708 0.534691 0.326748
0 0.559890 0.310790 0.556438 0.453647 0.555402 0.497720 0.555402 0.522036 0.561615 0.538754 0.571626 0.553951 0.579910 0.563070 0.589230 0.558511 0.596824 0.551672 0.597515 0.526596 0.595098 0.488602 0.577839 0.303951
0 0.581981 0.299392 0.582327 0.431611 0.581291 0.495441 0.583707 0.525076 0.595444 0.532675 0.609941 0.541793 0.622023 0.527356 0.623058 0.506079 0.617881 0.460486 0.601657 0.292553
0 0.410770 0.341945 0.417328 0.453647 0.421470 0.499240 0.415948 0.534954 0.405247 0.547872 0.395236 0.555471 0.388333 0.550152 0.384191 0.538754 0.383845 0.518997 0.384191 0.496201 0.396272 0.302432 0.411460 0.305471
0 0.383845 0.283435 0.397308 0.427052 0.404556 0.475684 0.401795 0.506079 0.397998 0.519757 0.391439 0.525076 0.381429 0.528116 0.375216 0.522036 0.370383 0.509878 0.370038 0.492401 0.372109 0.389058 0.370383 0.292553
