0 0.458159 0.569814 0.495467 0.562500 0.493026 0.485372 0.459554 0.283910 0.433403 0.293218 0.444909 0.476729
0 0.413877 0.478059 0.416318 0.539894 0.422245 0.565160 0.448047 0.566489 0.445607 0.498670 0.410739 0.276596 0.392957 0.290559
0 0.366806 0.267952 0.383543 0.484043 0.382845 0.550532 0.396792 0.573803 0.408298 0.575133 0.417713 0.526596 0.409344 0.457447 0.387378 0.250000 0.372036 0.259309
0 0.350418 0.476064 0.347978 0.541223 0.358089 0.569149 0.368201 0.572473 0.380404 0.565160 0.384240 0.531250 0.380404 0.474734 0.356695 0.260638 0.331590 0.263963 0.340307 0.394947
0 0.328103 0.323803 0.320781 0.495346 0.314854 0.521941 0.320084 0.554521 0.332636 0.557846 0.346583 0.560505 0.352510 0.531250 0.345886 0.467420 0.343445 0.271277 0.324616 0.272606
0 0.221757 0.333112 0.232566 0.467420 0.226987 0.510638 0.238842 0.539894 0.258368 0.541223 0.273013 0.527926 0.273013 0.467420 0.269177 0.381649 0.241283 0.319814
0 0.495119 0.565160 0.538703 0.557846 0.543236 0.500000 0.533821 0.267952 0.497559 0.282580 0.497559 0.426197 0.493724 0.505984
0 0.550209 0.474734 0.543236 0.516622 0.550907 0.544548 0.569038 0.551862 0.582985 0.544548 0.585774 0.474734 0.590656 0.236702 0.567992 0.242686 0.552650 0.439495
0 0.595886 0.463431 0.588215 0.496011 0.588912 0.523936 0.611576 0.556516 0.626220 0.542553 0.629358 0.476729 0.656555 0.224069 0.640167 0.224069 0.611576 0.350399 0.596583 0.449468
0 0.649582 0.362367 0.626220 0.473404 0.626918 0.514628 0.632497 0.541223 0.647141 0.544548 0.662831 0.538564 0.668759 0.476064 0.681311 0.257979 0.663529 0.267952
0 0.685146 0.297207 0.671199 0.449468 0.668061 0.478059 0.661088 0.513298 0.671897 0.533910 0.684449 0.547207 0.693515 0.548537 0.702232 0.515957 0.704324 0.480718 0.701185 0.297872
0 0.724547 0.305186 0.704324 0.442819 0.702929 0.476064 0.698396 0.503324 0.697699 0.526596 0.708508 0.535904 0.715132 0.539894 0.723849 0.550532 0.736053 0.545878 0.744770 0.537234 0.746862 0.513298 0.746165 0.470745 0.744770 0.429521 0.752441 0.307846 0.730126 0.297207
0 0.769526 0.317154 0.752441 0.420213 0.746165 0.463431 0.744770 0.480718 0.744073 0.511968 0.754184 0.529255 0.767085 0.532580 0.775802 0.533910 0.784868 0.525266 0.788006 0.509309 0.784868 0.467420 0.794282 0.303856
0 0.808926 0.328457 0.798117 0.416223 0.785216 0.456117 0.784868 0.485372 0.789749 0.510638 0.799163 0.517952 0.809972 0.504654 0.816946 0.507314 0.829149 0.503324 0.832287 0.482048 0.834031 0.313830
0 0.513250 0.577128 0.542538 0.577128 0.556485 0.761303 0.532427 0.761303
0 0.543236 0.643617 0.539400 0.569814 0.571130 0.575133 0.581241 0.656915 0.596583 0.779255 0.573570 0.780585
0 0.581939 0.662899 0.581241 0.571144 0.597629 0.553191 0.611576 0.579787 0.617503 0.630319 0.639470 0.786569 0.616806 0.799867
0 0.623082 0.644947 0.617503 0.572473 0.634589 0.556516 0.652371 0.573803 0.652720 0.636303 0.673640 0.785239 0.649582 0.789894
0 0.655509 0.635638 0.645746 0.572473 0.658647 0.550532 0.677476 0.561835 0.687587 0.584441 0.697350 0.795213 0.677476 0.801197
0 0.740934 0.625665 0.725941 0.567819 0.743026 0.550532 0.758020 0.539894 0.770921 0.539894 0.788006 0.566489 0.792887 0.605053 0.822873 0.712766 0.770223 0.755984
0 0.788703 0.601729 0.773361 0.547207 0.795676 0.529920 0.810669 0.507314 0.823919 0.539894 0.860879 0.647606 0.836820 0.680186 0.803696 0.644947
0 0.485007 0.572473 0.516388 0.572473 0.510809 0.755984 0.488145 0.751330
0 0.461994 0.643617 0.460251 0.583112 0.486053 0.583112 0.487448 0.630319 0.468968 0.787899 0.453975 0.783910
0 0.408647 0.771941 0.426430 0.603059 0.436541 0.573803 0.451883 0.590426 0.459554 0.632979 0.433054 0.829787 0.407601 0.801197
0 0.380404 0.789894 0.391562 0.710106 0.396792 0.579787 0.419107 0.573803 0.433054 0.606383 0.417713 0.690824 0.394700 0.815824
0 0.342748 0.807181 0.358787 0.694814 0.364365 0.644947 0.363668 0.623005 0.363319 0.590426 0.385286 0.583112 0.397490 0.587101 0.398536 0.616356 0.359833 0.815824
0 0.290098 0.768617 0.309275 0.643617 0.309972 0.600399 0.307183 0.578457 0.319386 0.572473 0.343445 0.572473 0.362622 0.594415 0.356695 0.642952 0.334728 0.792553
0 0.237796 0.752660 0.253487 0.644947 0.259763 0.605053 0.263598 0.561835 0.285914 0.550532 0.305439 0.560505 0.310669 0.583112 0.297768 0.648936 0.276151 0.761303
0 0.183752 0.692154 0.202232 0.630319 0.213040 0.611037 0.216179 0.567819 0.225593 0.542553 0.246513 0.549202 0.265342 0.565160 0.271269 0.575798 0.254184 0.631649 0.243375 0.650931 0.199093 0.728723
